100002428623515
100004543660297
671000040
100000986929818
735304889
100002032587184
100006192218746
100006487053501
100000521311027
100007094642657
100000084476115
1438320158
100002236718986
100005651948799
100003983301083
100006369392903
100001117280784
100006587173359
100006736053064
100002658370627
100007057562647
100003924591099
100003718413806
100001921859002
100004475410064
100002141523894
100001717398367
1505130893
100006902833125
1207563515
100004047167066
1315508689
100000086592832
100003286138327
100001717840387
100007046526860
100003662503132
100002213757728
1088966597
1660419929
1159126811
1458578666
100002039813269
1814212001
100002265503519
100000704039206
100003823807550
100003801260565
1578054284
100006462007204
100001722440144
100000643441751
100003711673035
100004049216513
100001684778214
100006529230786
100006558571408
100002700975011
100004997224592
100001462604838
569110194
1170347603
100002372349124
1029684397
100000123338127
100006272162072
100006618907197
872565234
100002430651658
218368591658036
100005817156334
1426448444
100003343431272
100003349711038
100002311593734
1508967268
100002672565557
100002209679083
100000311063388
100002827306690
100001317541121
100004433263917
100004166557569
100002219491728
100004027039969
100005035744920
100002626022684
1399152916
591696984
100001351747405
100004129652435
1570983225
1050181597
1193904176
100001735653281
100000159144121
100000320483090
100002604812015
1069469592
100002636758044
100004464065166
100006080438547
100002824643873
100000207186023
100001592173715
1448470688
100005158811490
100002290557759
100006268652210
1361180581
639556815
100003031082635
100003850980158
100002617323341
100001156395306
100004787315092
777109916
1139704286
100001736133257
100001776911137
100006378702193
100004720802478
1544583752
100005851234579
100002719355309
100001120442889
100004969453535
1511231933
1345928532
100004315354137
1609685038
706984908
100003344338376
100002370243204
100003106053266
100000586194408
100006593222878
1781506404
100000186313204
100006789817494
559907960
100006931808858
100000937610065
1109061245
100006772361992
1492942528
100002722273199
769424054
100001474659149
100005371831901
100002457374253
100000402583612
100000602117878
100007109674894
100006773711904
100000774558267
100004465659371
100002552774113
100005980542370
100002307260482
100006864668373
100003925646709
100006966571777
100007053850801
1004532082
100002374723790
100003104197881
100001367450670
100000650570725
665875524
660482305
100004988530115
100002158925161
100003376793047
100006024930335
1758178371
100004930023878
100001024130349
100006680293503
100004017306502
100000415869224
100005390531042
100004161482905
100006940212804
100006768582644
100002060655936
1390873963
100006990632704
100007055735157
100006145482810
100001536100856
100002540564995
100006106418899
