1290812370
100000737858310
1823444058
640748177
100001300242237
1333028395
713067809
285998078100789
1275836228
1663942198
100002395576647
100001539023769
1442496818
1124610185
100002785920535
185687581474923
1738314763
1651058574
1540434910
100003442497560
100001253292067
100000766578738
100000626790418
1112471246
752498382
1199550657
1631485771
100000726564497
100000775642141
1725327533
100002321888518
1069956931
100003180584997
1810069925
627524049
1751871322
1130857243
1148056447
1647878462
1243353798
1026994677
1320884163
1505437207
100001520351766
100001511061497
50205136
1157137774
515294373
512829861
100001240885396
770544260
100002199042934
7010317
1657231208
100005962296764
1549135686
550697735
100001401733057
100001371890087
1374191766
1815006766
100004917035078
1209157257
1355010816
100000692120510
1742742123
1038006555
1568103132
1196573421
761552773
100001241921444
100001409434099
1501238834
1634861830
100004883584749
1611075675
683475815
657277501
100000606004289
1120961146
1525012170
1446397908
857134380
700258438
1055043401
657850168
1282504041
385461731495526
1214872339
1374304272806278
1630176904
100006837223233
100000088361807
100000001557832
508792154
1442797904
1530586698
1288179385
653372049
100000154693933
1825997920
720757711
1476072912
855295240
108830819198309
1551327844
1720078210
672592391
1225343869
1291772175
660309093
715162114
1841859272
100001100314923
577869931
752897571
100004427353553
1022873734
100003701363593
100000362694908
666551139
100003275689928
1559888088
1271364914
1568433656
794408838
1478126661
105100949
1251885104
100003018555739
100002616649293
156474984415137
1589853494
1593473585
1510171226
1185142274
1577274599
1583569591
1399897964
100000383366186
809480908
1042654473
100000741541871
100003738069412
100001122434027
100000156432141
1482799914
1233151150
100000510624454
100002340851687
803953547
100000001549562
1124947947
1289191732
1639598747
833915544
546075669
556587322
652011261
1078214730
507352510
100003075996447
1113651156
657561869
855550112
618132583
530976436942115
1110973803
513555142
194128707275412
1292110287
716989504
1483610998
100002823796542
508518946
100002055970358
100002589636446
778732274
1598187105
1413254151
100001199218987
1423519920
100003984658129
1425456634
100000584283802
1297335610
1427981954
1211229838
719681332
1467093639
100000000562818
100003268464918
153781608123861
1203863247
100001507447623
529096688
778297207
1293045102
100005323241427
100000246518643
100004062900349
1008468046
1657407130
533943699
750497426
1647027586
1124130893
100000161220928
100000133503733
648359326
1664679317
1658445504
1579673753
100000988415174
595671465
100003961766041
100000426538471
100001947345030
1005053015
1372959840
183938364955483
1542716574
1465626894
1625486577
100000378819420
100001291823079
1846308060
642859694
100000845537289
100001755988755
1789117172
1468794697
3618323
1110346507
1033027448
100005533718295
1551408891
429340330446196
1020667153
636920858
100000681735281
100001739169419
629816857
1451012835
100004857096316
1170686557
1620570130
1425617147
100004089637309
225693687512357
1413991097
100000964644244
100000055421307
100000321381588
100001780114905
1159298032
1043567671
100000520136851
1514267846
1054821246
100000423025819
1445045535
571748118
1321031838
1550640596
642866433
100002450530411
100000129131804
100000147732998
1271886896
100000104202371
100000710489029
100001779276650
747046415
588581385
557937477
100001781025555
100001019393289
100001541250122
534697945
1078896445
1355545597
1434304213452718
1434612980
100001246810321
1063969487
1402666155
100001534811251
100002616909208
734990794
1261328234
1131188846
613919039
1324992149
1420073470
1199400641
1097791457
719108008
100003129887322
655257306
100001809354097
1482135395
1376432414
517188623
1674101199
767815315
1583691875
1054254562
1784832162
34409305
1585495329
1390508647
754119423
100001791874097
476580899052181
1091256852
100001734890318
1046723391
1394380183
1572482649
1165192476
608142812
1278444477
1366150433
100000510392289
100001220415893
573265177
1492794605
1062537196
1410334521
1848339939
1093783803
100001930025178
100000511974171
100002148277069
1327180439
311004158932663
100003022135134
1418925498
599037825
643856861
816494069
100003196646607
100000114805930
759448802
1671173169
1010988534
208661752580259
1434574596
100001579940514
1544623638
1467220779
285720051513446
100001314125395
100000285607884
1450660761
100004797162694
100000716229605
100000292577853
100000075827497
100000635737495
667685773
1368725024
100000561168322
100000185022428
1448568837
829507450
1534125607
1370463921
687822641
1739434262
100000305553433
647005540
100003699341496
1525782762
100000540603509
1360091301
690598529
1359494920
100003583223216
209888172512316
100003098819780
100003066244643
80201799
587704894
1388175494
623563621
100003271842214
666008384
514078537
789077421
100003038407461
100000012685694
1489885299
1812424518
100000016584704
1754149545
895870313
100000549611167
1586611815
100001162086354
706774784
1323951582
1598046555
1055193907
1037644772
1098243898
1159984549
506028462
520525115
100005740182656
620368087
100000173528857
100002280912626
825084285
659462090
100000122813174
100001093992118
1170254300
100000180251507
118809121600800
1435104737
142400716
1315758428
184914934863200
1491764361
671975050
100004280281865
1208431995
1309956080
549247584
100000210451435
1686683075
1682566112
100000649386381
1663474829
1575098404
1849064646
210355219111104
100004510904219
1516913275
20106938
100000114939348
1540090138
1254712151
1618849478
100007426421556
1548942097
100004076673361
100000388197006
1277847966
1453560831
1461204092
1363406453
1653710735
673331432
1351098948
1284148723
100000192331589
1330300891
1131126737
100000719244135
100000521333752
100001039453825
1492281774
854745206
1185243614
1437447002
1796516491
100001055590843
578499168
100000335449141
635385108
100004839430186
1483090487
100005221484568
1435994126
1793858500
1004273517
1404699418
724538099
1229410070
724887878
100003253592230
682900822
561146353
1621642460
100000131469842
711650708
100000645567354
1107314123
796285625
100000010186251
674887353
1782091394
100000153997313
100006423795436
100000592310298
746360960
691770397
100002302300519
1359985264
669570554
508421187
1154621185
100001095618991
1509011478
1129666550
1217500716
100000272261074
100000451223152
712905019
1364598421
100002415633179
100000623874536
100001554986025
1564951924
100003138758613
100005379725194
1634256638
1107486753
1719838338
100003964540752
100003319026639
1074135381
1720467517
508626834
672862077
1579965127
100001863916788
1772548141
543705730
546815019
100002050886697
100001871987014
1757986011
100004421287061
100000067092624
100001473393532
1272318903
878655453
100001545043058
1297813602
1045731145
100001193977898
100003750262508
1657960112
1229123177
100001283571869
1666596823
1773992877
100001971665311
100000379306952
1021740562
1379976148
509754644
1382144959
613267362
1408219919
1439020666
1823322944
527681034
822788531
1583779406
100002310830113
100003099269630
245079808872040
100003004208673
1598480144
532398563
1257195450
1341515290
1403086822
1786855642
100000756228528
1438317894
508775815
1152853300
701180174
322132281239068
100002847541901
1259480158
100000416714826
100000627777151
100000222344141
100002142393248
1072657748
1362922056
1210838341
100001879904950
600173084
734905468
1058370217
1775604492
100002192170322
1450842032
100002279958826
583816795
1096869986
100002377341534
1324363322
1242002117
1321441903
1469162065
100003353632951
100001684263050
100000430645826
100000182654056
100005670000440
1726017894
100000169305704
100000504177393
100002818454570
100003673735538
1110699732
638962809
1492712777
51201106
100004731005609
710177594
471200349616352
531747600
305111092917720
1421928465
100001539081923
1042090380
1805965513
263793273766648
1403950760
100000911271645
174419599274793
100001034432337
1037884403
100006066392296
100002496660798
1719019309
100001970863555
1500267012
1352966022
100000708398793
628781902
1443218991
733584712
100000404817777
1582983500
1761538249
100001717913953
616936977
1244703201
100003612343415
100002093033647
100000020883700
1299495079
493906150629385
100003147726041
100000402851592
516481425
104700901
100004489203429
100002039566490
1114525361
1155883566
1129856447
100000708165829
100000193874597
1470286884
223405324368159
1799541418
100000028189060
100000817894073
100002378943039
266054680101704
1510303871
1220199282
100000839220300
687813495
696551295
1206988231
1174876964
1082247637
100002329125818
1394744024
1036822349
100000417876895
1530608057
447202015347944
1101280520
1694083729
1162550135
100000293597357
100004030242856
690654709
1631855852
100000149322710
1356126298
100005536533732
100003572015066
1380856687
1403484304
709578939
100000666443074
1467326547
100002090001191
741576689
1260653423
1432473308
1546856719
1564594910
100005724306198
100000767092046
1433970696
1159517053
539560657
1307220319
594291188
1324025328
1186101991
1642273914
5810661
100000461210817
1621031701
1156075506
1388687117
730587727
100000146989340
100000087956043
100001676628270
100001487381607
1371952876
17108088
167915400006694
513315694
100000888430846
512598605
1318000120
100000117596930
1333144330
1280019029
100005726442574
564096271
100000008839290
1063107214
1078335794
100000141405623
152798421519183
1244167789
100000189338638
100001567700757
280762662058422
100000493388910
560402947350739
1554941354
100002751967298
1706577808
100000149404154
1076894028
1431938312
100000754669619
1390939797
1209645977
746524181
100000716608154
100000171542492
100000187311731
1668106639
676458271
100001759362069
100000037053956
1612435839
527952449
1407130568
519592372
100001455061290
503285126
100004634370234
1467144126
100000844896519
170613999734256
100001361767744
752300032
100003625888229
516032462
100000152697762
1200998955
1159318168
100002100862490
100000384587911
1177148972
515975358
549173227
100000431245829
100000587321932
1316777229
1626600797
100000428510916
1668334524
100004045983661
851040256
745491803
138634552831513
579700892
100000291205240
1560786338
102033426557772
100000518283364
1573188567
1032164295
1375245902
549684432
1505244100
100000128166507
100000465568388
1363434549
1344396978
100000511174185
696198766
100004581550586
1579750042
1095512824
48803789
1562274467
100003453267379
1602955183
100000140141807
1111633829
100002771043632
100001263463706
1518068752
1283412590
100000228990681
100003642424679
761987139
1245315657
810100443
100003551536072
515732837
1809395296
1343311562
1419925885
696871184
1115628763
653356316
1553253938
100002038750038
100006413970336
100000297466808
1510946539
100000077355333
579223101
1325376452
100000562808642
1063550567
1214663527
511936105521006
1391230118
488078674583133
785240092
100001907332864
832606977
1597473469
100000113386741
759091457
1847298285
100001667566701
1103392935
100000190367775
740641896
512772885
817134938
579811668
586268960
1246421951
1496902480
1149466381
100000006380649
1197474686
100001074853352
1408345194
100005484759695
561973520530375
100003091986236
100001434465994
559202657
724455475
461045553958797
1370487925
100000379551280
1559150380
1124852064
162005067266836
100001205324040
511309614
556884838
1463776228
1845137219
100004071960049
100001214777844
1237611078
1054636329
1667498013
1346285451
1568531493
100000008980409
1444263189
1573910438
100004707634662
446907735381964
100005254295621
1346512993
100000724310231
100000887754064
1098757393
1004565094
100000100886123
1382361918
100000051223240
504853268
592163951
100000441427403
100005120711104
100003181818670
511969628837929
1069530343
1191534020
100001216892696
1696407835
703041060
100002672978762
1683777793
100002467561637
1205899388
100004634852184
1099607320
100000359120194
735163942
1554917992
509806129
607602273
544832181
1252522832
1626234723
741283657
503093700
1052980330
100000267608815
100000703152898
1424637674
100002086694082
501622311
846450579
117135548326258
100000143481154
59510550
772747032
1370800285
1385177897
1449240728
533749518
1094155478
827032691
1730460696
100002814775939
100003748351098
464724560210286
208601697
579885922
781587907
724682782
100000855182567
635140745
100004662314331
1748417207
1264000953
464206673645540
100000106633828
1426993626
611934120
1666811386
100000091099717
574166036006859
841350251
1408646601
1052196951
668071722
1398199251
100000668915273
100000793892172
1334062039
1390162190
1121720896
1277763186
100004658622115
1177996441
100000752971989
100000360233397
1595258686
600416082
636355462
100001334892299
694396611
100000217437189
1330420654
526851769
586738186
1090725717
100002228086359
1601235976
176366987119
100002179693635
1751523252
812749675
228787797236172
585542965
1262981839
1732383291
100000182500628
1016602005
1669251764
100000304984993
100000417136987
1674055638
1072406759
558306973
1253537434
1360636589
1268846674
1632518216
737198372
103639673007709
100001044888967
1354822849
100000086608368
100000308163189
1430577077
1545559946
1610680348
100002023849801
1278393371
100000246680047
1019182293
100001305963615
322768194499780
1462726242
1609749040
1406974110
1607555378
1034816018
100000135718126
100000789432846
510747323
100000258232145
1196435965
100000649907065
681059590
1445927228
644618381
521881591
1442800289
100000176907645
1548702985
1523044003
790840437
100000297965968
100000713351311
100001881630539
100000624868771
329500300442935
1614594386
653546734
735920351
1031936525
731907393
100004066009837
588895158
100000122792739
505022876
100006295864121
1563793708
1227146693
705697583
100001819003623
1233108203
100000241203386
100000435901468
100006840543174
210647152403790
100000968089181
1195417482
100000573878268
100000173635447
100000898992751
618330933
1287590469
682740371759140
1345424981
1825602269
1651953634
100000064690736
655214555
1350297434
1104193476
653868111
1348686056
673272428
100000242990796
538111118
619292301
1538163866
1267071268
1532681964
1359670878
100000551599470
1153419841
1147677704
1073604340
100000075115531
680980526
1640367374
1376490749
595332350
100000274767026
513533157
100005672174485
778553248
1240362144
1034417310
515159434
100000284324820
100003508183781
1802888949
100001832851258
1765970638
1008512932
1104712385
1425287158
787124445
1133573376
1242557864
100000913718124
1046947305
1431222163
100002978347740
100000917513028
519270232
676875850
1568961589
100000422826285
1606779201
784636247
100000224974029
642860694
1299429674
1704574560
1118375181
100001242363887
1437790470
1473680837
1366843671
1300519371
1173735060
100005007841879
1072050269
831320129
774071806
858245243
374356982645930
100000969192212
100002426122559
500243046
500809675
100000613005520
901075467
100000651311308
100001239051497
100002752670504
605385593
100003305146417
195225700552325
550753728
100000081009413
803520033
1052497679
100003113647303
1758799429
100000343313452
608315225882394
1176192724
100000175371553
307897855955536
569478528
1074819226
1120854885
1130643250
1387720583
1055981339
1439707609
100001623184681
1403617185
100006364715196
1383501974
1252757285
1644062826
589606720
100001059284322
100000244247866
1581499395
599751588
100001216122296
1552892849
519406973
100000286752251
100000013791848
725831491
100003686176201
517413746
1048725502
1659660790
100001645240016
100000003845118
1285390722
100001100381252
1594071754
100000508595646
602178150
201700373209665
1244867218
100000219167732
166073110199204
484144054968681
1669526236
1346745096
1430149962
1111038323
100004781974557
1482747167
1002004899
181912421840065
1148974633
100001225807357
100003681818317
880085253
590156625
557051364
100000658985765
1207201721
1518917457
775554474
788451003
100002322327556
311124397932
1306243088
1293230582
671805836
100001059352148
1501841954
1222729665
100002387463568
1842017524
1005443504
1586885187
100000740878328
100000629874592
1353016138
829357172
1575991241
357469504350036
100000520982719
679130136
145300668895958
1346882976
1013235040
231510533650528
561831777
100000296108648
1520692462
481031188635233
595051028
100000205938026
100005647654132
1582083669
517609424
695878524
871595407
1750376319
1228404428
156865667717685
100000695024350
1664559849
748689916
100004448384051
1591516547
736029473
1399127432
100002329838734
1188293839
868525639
1092108599
100001044914648
100000745552275
1837284059
1290979451
100002097554138
1015283151
100000234940949
100001136707049
1502755750
1595067019
100004030097284
1680942189
1829420054
1478168251
1700179436
1055454710
1787590488
1409337102
100000566530997
100001838543817
1239695712
1066773333
100000431679286
100002017008830
1600143186
100000599705862
100001382618065
100000692499187
780442052
1288680859
589255499
1799509348
1323769633
1456322517
1620164269
100003362447032
100000391833936
1180417287
843063685
100000018090678
1266904217
1119063136
507529434
1484946720
100004151473597
1499028779
100001027961463
100003092758843
1842405073
1285645853
249544191748008
1588433588
719424762
270502359656788
1410079764
100000915379060
100001431866513
731564272
698631254
1031268094
736477776
100002682338867
100000734706060
100000855006096
100003500960655
733235432
100000337123261
100003647643571
89901916
516840064
100001395356965
100002257816525
265064226962013
100000670577969
100000158649540
1150518529
1579012021
1466064367
561857403
1121815624
100001769959925
742892593
1305192079
506664367
100000690430166
100001854713687
1731620350
100000477591374
100000585948045
1051327253
1577432737
635470112
1032527955
184704698233490
1850070301
1456952565
1536305756
100001145044799
679972194
100000525613420
1547903260
1420838161
1267772913
100001368290920
1831266755
100003265584092
392581394115239
100000891693064
1055893198
534747793
1549210290
100001144388728
100000252421095
779260561
1303219928
100001187793739
227431784008452
100000241654693
1439022493
792435771
100000596163224
1532415091
1259251970
100000799279402
1235752110
1764227140
1093479654
100001240212435
132660006821832
100000543433733
518942200
100001014454781
100000559630807
100003377600355
692808588
100000660870847
1231980357
100001870011271
1004133304
1605620077
1618190855
1775930751
1603930359
1365030804
512680109
100001363057593
674563869
100003520362115
1383245852
100001588781332
1071217070
1134646953
1498796790
1594460703
637773403
100001024736664
100004570301465
1466795850
1214667223
337586463011926
1676440221
100000401538299
100005808850130
505743313
1478275150
502163682
100000132110878
571511218
100000604235755
1148657154
1314313826
100001219239009
617315025
1402496290
100002239674831
712806706
1452765736
1290491695
162789870420868
100000107835046
100000503269174
1330865779
1214474976
1241306601
1618851960
100001840565691
1152155022
721355629
1047596797
100000842561282
1628396291
100002004467137
100002226793210
100000877086453
1314603288
1335069580
100001156804204
1254957034
100000209077922
1635066687
100000073423718
1509686640
502618464
1247541836
1402841862
100000067978906
536783390
1451386566
100001104737468
100000181875782
1384982140
100001176305020
1077099899
614544771
100004168533036
1198755259
100000519872673
1568396492
100002200437887
618667324
100000700087363
100001574088338
1459374151
566681934
1152763451
100000107997395
100000783646348
100000317973336
654396865
100001843963500
100000167163240
1834014201
1389061007
587173227964865
628762477
530786638
489684221078466
729340398
126268707384465
578510226
1246867449
1491028188
1666631215
1485320968
1229492058
520985251
1487739309
209803995714782
100000206657509
100000315608256
1234457810
1640112281
100000299795060
1553675657
1153381007
100000650348723
210965345588472
1050100369
1028813452
100002092484420
537507756
704420483
1398503833
1498112102
1351204747
701137827
100000147209034
836423755
100002497473084
904970087
1704870997
658729993
100001703765253
1832237256
1152636985
1243931775
100000868856323
100003272045328
100000329794189
635624574
1491304469
1474539111
100001548358010
100000876871369
1468523081
592689520
1723347941
100000986106901
1195856168
1410393803
686374042
156805955
100000099591247
208728555827500
1551818301
1422365680
1107262761
1143126181
1486181553
710496925
1585104893
1042060060
100000631937522
100000198730489
1486658830
1512750085
791199867
100000045496225
549049828
9336365
718010158
100000356674616
562215896
625826820
100001886691071
1471363481
1543262412
1319029660
1661174893
100000431252253
1023133469
1317585135
608955680
691146477
100001505412236
513353205
1187803880
100001743732796
1557696848
686227917
1419117224
539356433
1314212008
100002312705680
1344203851
1239664835
1850956037
1556660379
796165233
1222811177
539201079
1604175902
522036755
1820535803
100001442134686
550510660
713517259
1573800044
1353415018
1019875946
1526541144
1365317021
1111311721
1053157056
1398021570
1836496320
278110872220644
1344816592
1813659291
507212537
100000714958145
1398535340
100004060922061
1527726460
100003251689963
1280567063
100002173871457
348150205261233
100000034458517
1521521922
100000007690410
1107985079
1441610044
1474534428
100005409993683
771460592
100002988900528
100001286501069
100001541984654
1808821824
1151000588
1236460298
604690136
1332125976
770820117
100002165157362
1187810006
699011090
100006592177374
100001791468528
30510491
1554680670
1184767439
100003204528877
100000686063947
1010536012
206630752802452
552110293
753670276
100004468114805
100005294313516
1521902033
100000147101230
809378495
1136766993
1023727973
1259385997
1141906757
505567764
557870314
528067844
1305734055
100000529805424
1042404442
816025494
1286811642
100000784441102
1395280202
100002632180722
1208671214
100000559520874
1696282794
1430134828
1190380874
1312457621
100001387750340
100005676163660
100000673160389
100000140986676
1389891857
100000238365866
100000226767801
100000020650554
100000562874255
1420231491
100002293827857
100004873208436
100003672121464
100001827951337
1318904873
580151815
100000201833289
727035416
1184193970
100002601138524
1379253883
100000674443903
782894507
1395288411
100004116934844
831778311
100001544426313
100005015132539
100005158686336
1272403904
1309906191
100002006967053
521128385
100003121207615
100002028281875
810280127
1170525141
1341350349
103719989685885
832085622
536207798
1030507865
100003686170001
663781919
1619507263
242692047233
100005035508332
100001676031959
100003525232954
100000425109125
1219075056
1723699603
835086767
787576382
580298567
1449951894
1549604865
1409460473
100000350091924
647680220
1536037669
1026921054
100000527534354
1215557571
100006051191144
1411085995
100003361433579
100000512161056
1004433327
100000439986017
100001251346872
100000919943583
1393116303
100000425278664
1510553075
100000397322261
1672722075
1826929297
100001066873457
1476319420
100001517707657
1819280572
100003904187602
1258809572
1011218853
1322473625
100003147400335
556612440
100001538102128
1749378859
1021878411
778738910
100000869892780
589009556
511850149
1752735065
100003746082629
1180131279
1475391391
144576685646751
1673663065
500932059
100003816115330
100003305836914
100000227126378
1338608084
100000638019945
1583177313
1018879264
1495247710
1666185352
627456783
556411102
1071068019
100006082813940
1685917261
100002754523481
320558698050922
287456194636495
553075068
557467361
1090137700
1074016733
100001937510630
573169281
1835788470
1496907532
100002449984632
100000181068089
735571815
100000250138601
1452540306
100000492274674
1696555921
1282917826
1524267329
100001063457866
100000204562169
1290022435
100005021913169
1522476237
1240043001
100000167139637
1625083773
317939634995358
514476880
100001509221565
742315647
350242271756965
205456083991
732629249
596102579
1476199041
100000129020658
179809875371755
538870641
1191174366
613585075
100003196927937
270835612962
1026650663
1278068433
1137670065
34105679
1390871855
593399070
707045961
507416803
1161332668
100000122152876
501420295
798734892
100004716404234
1264022957
1082312469
100004471269151
100005240222608
789185025
1280606692
521506306
1655684885
501476950
1026219139
1046534392
1609448673
1251951968
803895095
100000366278328
100000230222553
1555385562
1208133894
1165726870
628789744
1069166228
1611030080
1162116671
100000873377198
1059562677
1385292028
100005244010009
1370872411
100004394922879
1325326401
1248312499
100002522680945
100004190832571
100001707774507
100000738863952
100002014473456
1166951658
1543056559
100002285731244
1489554646
781362647
100000144641097
1017575406
802868912
100000456049608
697574415
1005694840
100000369703525
1121925209
1022767479
100001636730736
1453120007
100000875328039
100000674074821
1210355877
517877686
1427781698
1565331374
151928550459
1404753656
242363722472590
100000397914070
751310520
100001932174868
100002373553286
100000729094840
100000427202425
100004920492073
1825305106
100000022600062
100000123399692
100003323262445
635976584
601043277
100002307118939
145704548875784
753313572
1345795954
1106930982
100000745624902
1483573988
648735762
666161336
100000423121725
100001513385322
100000424141943
1238461831
1432585154
1403678099
1015260149
360625683948241
1455579314
536541646
1406618893
1491636218
777773891
611717300
100000592242334
1230705443
1151665592
100000123759977
1032834832
1280577926
1753568999
570488084
1391714621
643602767
524103733
1791494469
600628734
1446704109
100002022702503
100001424503566
100003698467805
711978024
100001205077179
240330644238
176725802468260
100001420453047
100001602449245
1359267641
507860438
1748176302
100000736381033
100000090598362
823074846
525689063
1741415728
1473011769
100002594025808
100000169271987
557210153
100000482103599
1319767871
100000784151201
100000328724029
100001525124492
1155585178
610813014
1439118591
741202598
100000632088620
816934060
1515935796
1598560176
555882778
1678771917
100000079845000
528887516
100000359537701
1127007668
1649464459
1231564056
1387476958
1027346589
1277717255
100000089988631
669498211
547162289
100001506738790
1445919220
1340142076
778813593
100000800731721
100000427682487
100003240777748
453597594681523
100000692795213
100002896709138
100000246885008
1296930798
100000339196015
542235230
100001560430916
100001066961766
581736439
100005682849325
100000589092931
100000388041258
733728290
100005890530564
1277299306
680384517
760092328
752832724
1615167333
703390222
100002627055418
1205811529
719702463
584779339
1066751349
100000471855446
100000417374262
571745962
100003772719570
100005491244440
1302023793
1070515985
712136215
320228484713794
1459929962
100001439071044
530348299
100001597985199
1394791730
1115708741
100000378408616
1038151588
100000342603390
100000523860143
710339116
508211689
1168290457
100004060997588
100000097060618
1432479460
100001336324878
1276950764
100000520761025
1623751340
1337327731
511290012
100001200186951
655455268
1450851488
100000614723314
100003176443033
100003402135500
658925994
1268532878
100000365744955
1566049662
100002695314518
692317642
1055694102
1247247946
179437895472309
150847031731663
1590559723
100000480558922
100000205026693
604132188
752505398
1790330185
100001223980513
748692886
1248347900
1186385089
1068104782
711639888
100004747477573
464257820290346
100000327697022
100001075853644
1568747520
1812447080
1441361766
100004261421774
1028590505
1366301983
100000859901094
1414994816
100002113325705
779023900
1112652195
603850940
1279684002
1213351347
1407497645
1319206128
510977125
100004744870203
663910677
1347682245
681532463
583363781
1427737746
100000570001462
100000282647376
581296079
1424752189
100000156276604
1114458140
100002346418950
681492009
1173414590
504685608
100001369922389
100002297374243
1294537577
1332737135
164637686901120
654780581
1175751488
535276302
100001042817025
283610055046092
1836398887
100000141480558
1271750197
1591660699
1465792819
100000872937256
100000085656185
739855327
1180800123
100004264441687
1113374082
100000199114146
1674071530
100003108075388
100001113955451
100000177931490
100001187518563
1412093477
1195515948
100000149148752
100001443063324
1457818004
1010048021
100005341895523
100004039346294
100000136371968
1453359622
83582108912
100000731551083
100003032356574
92000053
100001794231762
1571174554
1678076965
829993956
1288806819
1307861610
1556745134
1843748662
1750981180
1241427027
1439595870
609109611
100000070494998
100000303846175
100000000333490
1317001240
505007358
537220628
1006489905
100003252734585
1052092761
100005434741458
100000190327473
100003013096980
100000271792258
534098270
1485782904
1568841639
1588823996
100000138099390
211604095520699
1322241631
502694024
513013044
1610494658
100000231176639
100000644732200
100003832151331
683453083
100000187042241
759719177
591015634
100000090769094
640657811
1287547060
1654718759
100003705142784
100002778081488
1194235200
150376448398276
1027509670
100000213610395
100000582345922
557780575
1585623276
1568179247
727650364
100000429709801
1032966248
1533004851
100004014286424
1277185363
1841603165
734059006
1131924912
1247913769
100000715174616
1341521407
1589980286
1591867179
1577904775
1387471533
100003941622338
100000595398211
1437004254
581922526
100000073009125
1190042910
100004830842413
100002648927941
100000910002960
100006915821787
100000023635092
100001262902989
100000273170740
1482143348
1501262468
693044154
506925014
100004739169023
100001172257078
1321826705
750061977
547904707
100000687411008
100000385753738
1434605178
220400018
520462275
222204127843769
100000093503692
100001277520776
1165525633
100000558315185
1608401878
100000412153200
689958809
100000205405996
1467012008
710884607
100000618151063
1447177673
1319576064
513645406
100001476817262
514891027
569539877
1482943324
608970048
100000026650731
829118674
566789380
1807367756
1792278565
1343927216
1294660354
264221910282335
100000450892495
538767968
1593121802
1655769554
1829270756
100000183864940
1346617214
1584292672
1534425763
1111746638
100000245894044
1238851214
1162253371
100000889226191
1515159567
1422875044
658739898
1486503118
1633449748
334470513259650
100004153718933
100003479180143
524365077
100000101813172
100002222873011
538865215
533099745
100001189629143
1269107129
100001688492907
1594127600
100003306984069
100000139061162
100006358082046
100002864613532
599506518
1068062514
120052438176569
1267844007
100000853552768
100000020010581
1232441228
1480611725
1381797081
1497446991
100002363977694
735028124
100000391203972
1656206388
1177312408
1348111172
1626032258
100002241505924
100002757938987
1845631394
100000679719685
1792766741
100004067199752
1580170101
1540742588
1353822178
1800417469
100004031359856
100000403634905
100002157579164
564789651
577887227
100000429120394
1433633207
1038453476
668339267
1323364915
1106923656
620908184
1392926603
100000586765910
100001066999348
100001837235880
1350012861
100002275683207
100001699102628
252528094785478
100001084860705
550466217
271167740057
100000408828211
100000542946571
1011298928
1013828107
125994467456133
100002506562519
1147728518
1226708207
1682047394
1218921506
647053012
100001266766294
783799125
268786683203536
100000554588561
1475342670
1217713572
100002668932600
1197330936
1173464334
1012051437
100000069645680
673295345
100000584761539
1609180738
100000281142447
659998766
270578709734552
675056006
667587930
100003005781588
1293961385
690892919
275495735800065
1636921680
100004180956462
735116761
1052987258
805332248
1404993722
100003910305407
100001561248249
100000454766185
100002350040412
100000243244526
1118872557
795226561
1600015849
100003405979968
1391927962
679739012
592103991
1270258793
1508213984
742330591
100001259330880
1517625988
1465092328
1765321237
100005919699048
1287011104
182651121799359
1197219025
1493492212
550310334
655670843
1154263680
100003839336011
1168237520
100002142073332
1652839264
1012906518
100000200763835
517976015
1083038245
1517004804
1635720005
1696484747
1302217319
1291288380
422951851121145
1195982574
626376484
1119657928
100002413974835
100000334120992
100002151605330
1415976146
1076119952
1667623582
1102501168
796740332
1445650497
264906053653606
1596545978
100000600378048
100002440715310
1408310386
100000307089897
1377093705
1221124863
502090294
1377079649
100001541302800
100002245988051
1683595185
1008644889
39205931
150987234974994
757930214
749810504
1222705122
100004697892894
100000701727435
1079657255
100000821178020
100003250007454
100001438059670
769334663
124365534276387
1750916185
728853022
1564690274
1268171635
100000146367756
100004754822110
100002336483989
100001682765340
100000272760999
100002406235104
1120573021
1574918621
1476186951
163200824
1102329139
999994502
711032074
1443660492
100000065373426
100000113111076
100001232356795
100002681541396
1526123667
1068374261
100000149269991
1700908388
1089633580
1186036417
1522134075
100000886577906
1199775263
100002757123292
100000648235219
825443887
1564675688
193832957306921
100000864563219
1371562475
100002494009620
1823805933
1205628884
100001311857362
1435275672
1303666579
100001398177924
478822995514896
100000585290428
1384402310
627762138
528183073
659192208
1164201990
100000392594574
628572493
100001515780849
100000629618580
194311470669497
1030050192
100005365445394
100001045904794
100002090990144
100001002892052
100000327093111
631129298
100000158776449
100003000714874
1167036708
8000356
1287958280
524901661
1317715151
185469021529791
1395293400
694481003
645244052
100000169353959
100003876824039
597915046
1149174242
1121913125
1080237132
1494414016
608918064
572800037
774555370
638784912
1345495857
747469779
100000278356683
877585723
100001045194369
643069418
1518381648
1525862361
100000018425792
100004622650138
604023643
849149379
1089482216
1315293874
1181760226
727814461
683251846
1451915111
1618009045
100003569508653
100000506762902
536558172
100002868858510
508841923
1379511739
100000779962595
508553929
566625082
1463957214
214716675209886
100003478930839
100003618740787
1193237866
23209003
100002456350504
753778078
765369083
1241404399
1849720343
1246463156
668811398
1017663240
100000302771251
1343547473
100001486048322
100001592986883
100000521846794
1136323648
1733203447
100000370515872
100000471332529
100003934663379
1204706539
1403061035
1168312080
100001032114579
100003980028694
123894847662304
100004525983479
897050222
693277597
1345157484
1215740321
593929201
100004163829441
1282929750
100000589793227
100004229950967
1591839979
1008781907
1506516041
510513795
100001893156119
100004926762014
1329081962
100003658981977
100000662665975
1118742534
283459515033277
100000059175788
1309507961
1683727708
1344277577
100000019164175
100006610268241
1579544949
100000019837673
100000175434681
652796500
719939351
100000934699683
1718783014
100000263604745
100000717273582
633285654
1538908153
726265822
100000155962264
1501327328
1085931586
877820214
100000884856570
1054639821
100002960062993
1659756259
1058952809
100001580387185
602095817
100006168006827
1225281692
100001496890270
1493402174
1263601837
100000151429381
1090129958
799683935
100000078877387
645365169
1664352889
627053373
100000565940688
346638428784257
369309839814447
100001634021852
100001264854445
680061266
1555541750
607795772
100001713803842
1761453112
1412225883
100006948882150
100000354814386
1237196635
100000178630693
562816445
100002945723432
1160824080
100001556498938
1319368381
1518775278
100000346654746
763362301
100000233750704
100001461658796
565665277
1154207256
1637634999
100001081681464
632625851
566343886
623490673
1563451504
100004208197291
1598997574
683538962
100002860497769
100001850521393
100000328202654
1600204587
133948813296518
100003733706174
518412700
1518360494
779435507
100005994879127
100003222463091
100000475736173
1639260108
1433207006
100003304330059
1424571652
100000463313918
648314468
100001207532406
1524347528
1538109406
1762890119
1479006482
1042472702
1025845052
615015055
1684091716
100000469474773
1310435049
690243011
1653642743
1647573027
194608900564468
502184577
302689762236
1439416791
100006056016461
100000087965208
100002488750631
1371643863
1191682970
619803262
11611864
100003825661701
100000095263519
1562975407
1530040907
1454793842
673626475
1174202069
1608308492
100000727821109
100000601489445
100000117309867
100004008464454
680741240
100000966873398
100003255286219
1361393324
1634937901
1421026820
100000692946030
701360495
1050006210
100000015992550
100000025251988
612432597
1106092483
811331488
100000273184169
176103645808338
100006461207153
100000414953905
100000175440758
201402773207614
100000158834403
1481864180
1480691178
679024785
1419857267
100002570229706
100000689353141
100000523604190
1265765339
520621395
704136715
123095097809075
1412711981
100000541681242
1002937194
100000354417097
100002472853704
6812660
100001328213052
1525879815
697117391
537142345
1207108023
100002428916259
1820689763
586341632
565645416
20507769
100001509448732
1072687200
100000006494416
100000669061986
1228962208
1159027578
100000193359910
100005337873753
788828214
1321516475
100003153228303
100001081927861
100002268082894
100005563657333
525549736
100001610747273
100002987163758
100001055652853
605196592
1444446162
1405352834
1275271541
1103084470
1414322132
1173617408
710165382
100000050671219
100000201035644
100003406762166
650722793
1319508017
1165730422
100000019568661
677268095
100001098702566
1403155929
1228196470
1355096838
1501365240
100005412545813
100001034814400
1665216723
100000466660407
1100148816
1280475075
100005029804893
100005880428658
100000482408893
574575564
100000579880472
1050726579
100001335393080
1420196645
1360269150
100000538561887
588464349
1316485194
513538659
660987387
1135995173
1409745300
1419241392
589510695
100000633063892
100000535819308
1690370711
799867849
1673311906
100000684979109
1349944839
692800862
100000504054719
636363014
100000389126767
100001128690201
237615162921404
100001768423276
508783514
120095271521588
1051454747
1319412413
1342999902
1144935939
100003735447961
1194436020
111036112350867
1683522900
1328315483
1321841162
100000406480705
614726486
1041934531
573791880
1210471907
100004008454433
694133425
1230150882
1235967185
100000597430668
1587650627
1548857193
500680548
1450784329
748405313
100001760646989
1265341288
1699745464
100000485524169
655025181
1096612152
1347745571
1477497859
1216027461
1563795009
673921230
100002267905727
674264786
100000049908679
100001845780619
526951013
100000742395147
739880725
100001254016156
100000507762783
100000830398475
818853292
1457615159
1025240069
100001279748547
1342959507
100001878657026
290009611058335
1205604087
100002196187677
100001129129289
617150823
100006511370384
1105552439
100003811358905
895695610
554249607
172331406274111
786918572
1572863515
100007004321029
100000032573543
100000112130536
100001664047296
100000101096242
100001152583438
665922462
829214123
100000686827339
1656195342
1283358607
1490186369
700885612
1199936628
1582625128
1570817266
1830475892
1726518483
675930285
1294835983
1627537163
100002168729018
1357216983
100000289210337
100000815056955
510788087
514966106
100000121928081
690090173
100003601960351
1495315671
100000152390669
100000396823380
509952251
1239775455
100001692489022
734323062
100001711343434
1006897871
1533392967
100000002813367
100002636948724
567564153
1604946152
100000399854153
836110174
1362905364
547483015
307729092682490
1534013173
1259362591
100000109758832
1422753432
553548973
1446347796
100000509413223
1134742823
100001151921225
1045772114
657173407
1003012927
100001265782812
100000336648087
890065303
171700247
100001652784459
1146467133
1031775159
100002098423219
1354038997
1474933979
449138438450930
647679087
1372221338
539787049
100000734637454
100001196570479
540895153
714144987
100000185652459
1717990585
100001933815908
100004673824796
1281975816
100000414543541
100003652875867
1759351422
1373553067
1459124988
500143330
100000056425769
100002432626009
699721083
1556403195
100000583554624
1643730914
1430773223
100000615193440
1450141041
1622350869
100000869091280
1609306297
100000889094907
1240522613
155473867852565
525798309
379829290148
