505287443
37800530
1630329320
1702990053
100001052880742
100003990233524
152700839
1075419660
515903813
100006044732920
1518939614
1795925661
1181983810
100001519642977
592666810
1168164397
707082399
100000205370335
1588586168
1842540667
1107814754
100000766578738
1267147695
684796666
1156628775
1570841289
655192602
676482800
1205029490
245889055458746
745025990
1015713568
1836368061
1104440612
733469350
1834675418
100001342436799
696518649
100000588922679
1822514606
1640372235
1239068840
100001319368453
1439796331
1588751664
100000130137952
1136711638
1531583696
100000260505302
1442892464
332300419
1170369677
610726913
592026524
1082014296
1104208078
1220301356
1566520418
1210759626
592043662
786600331
503996397
1008204193
100003545030133
1311524255
1218591338
1556562546
679561644
524330351
116501511
1462640362
545044601
100000854889591
504343680
1391710199
2023397
1638002511
541702510
785449360
1356105939
512611889
590065832
108793364937
1582504578
1159027604
100000256425276
1675105395
1756193466
786208348
100004877582667
634255656
64704038
1586659176
523318358
100000658352520
1251721604
648915411
1298060649
1200094484
100001164267555
1351657450
1215580478
1125470988
1224311776
613000463
205301868
631324528
100003210069519
1002186952
100000494377625
100002367295299
100000539996233
1629924368
1017963142
1123516024
1498680103
100000820804371
745694378
510687271
1269082386
1374797189
1585170161
570988326
102600807
1485971167
58802664
1631222886
1066611219
1574697061
631154093
1298888319
1423350909
100005369856955
1712288436
1796256119
1022793500
583636756
100000277228149
1151496516
100003362731675
1435846732
564991910
100004551692312
1026340843
537442008
1295340004
100000761228357
505402047
1094828493
1158331773
685296425
1658871599
50910336
100000537619438
1195784007
1611008887
1407408373
100000546796378
591014068
501577710
100000187872058
1550571543
1500505253
506532536
783939199
720351311
1115731128
1191331402
783168820
549854152
1668281999
1371351755
681979443
100003825230297
1452841098
100006417390512
1432357076
1558256876
1788640758
1367178711
1595804994
1838585588
100000035086861
1172820129
1608698792
1432332507
1567656250
1031562129
100002425867983
1713473739
782233103
1436477479
1600254856
34502781
205301181
1144967631
1068320894
100000004463216
1665552063
100000513034084
1446602114
587859158
737255000
1274427410
100004897514003
1351502258
100001161711897
503678169
587359677
100000139727318
100001213968195
1648173548
100000780677672
1491536699
1580358879
100000290897456
59300084
1472167249
100001174713820
1408372167
792118024
41201241
775005721
508404635
1581683608
1345954863
767361612
1205074479
100000431034687
1675135943
1422195422
578378580
100006192459242
508418273
100000111001513
1037090495
591464931
1037014759
833920366
100004368962284
100002670867343
1438670618
1365669264
644415699
550052682
1669560598
1061581047
1532053203
1418395199
574592233
100001699744303
1221090490
796390741
100000746227150
526962792
100001709150967
100002353425739
646927403
1515795837
508012111
1412665059
100000505791335
657245614
1219669604
100000023278308
538787218
1258183340
601745452
100001333862031
510036924
723155550
100000276792776
100001641574847
100000560170595
100002115328399
1521220952
1207068200
1076618222
100000685718538
1651027138
1766847372
1454926683
1320338314
57614457751
100000006368443
1601093053
680816278
687151359
100003292595429
667363741
100001494411105
582981851
1175876102
1284028889
527325833
689672258
100001285732808
1167066818
1466494473
1181258988
14829798
1152926786
100006811531967
5018508
562385695
100000157235705
1454220529
100000350166321
1683023034
100002768825489
1531870924
26716357
100002050781593
100000296962995
603566526
613985295
1718638521
711836656
1181790033
1636993528
1522831602
545189739
1345593678
100001692815170
639303772
100001944544812
1103762801
100002388173448
1017432170
1533709940
1534982716
100000639678280
1147832637
100000475496102
1296129777
696317896
511882435
783329680
100000066463221
1577787035
538756192
1717188327
1832754792
20514859
1441770660
649239839
1794620314
70802535
100000264966438
100000733120747
632105504
100002552732602
1406839159
42401187
100000339792339
1028218081
1240513965
100002931436518
709460527
1064169970
556007150
100001203792194
100000069956905
1054592701
1333418617
1346251801
1044504189
100001095328323
100002821589132
33100157
1428510022
100001093164197
100001627710246
513193171
100001264776959
527967897
699076976
100000767973139
1610006674
1429140019
710482251
1675772083
1576166984
543025337
1499754606
625613960
100000218499677
1297137189
508064544
1390233109
544659266
610173149
525152198
584021176
100000044226337
100005690702163
567978844
100000172123560
1049065777
100002347592075
578316927
100000382687738
100000250643281
1261095121
642330477
1336931126
592138261
789494923
1192069109
100000539801896
1180091185
100000556273139
100000743051146
100002390385349
100000180294098
1651576267
1144392672
516755063
1133865081
100000481904314
1000415784
100000510039139
606197864
100000360217978
100002180348901
1436462522
1063665550
1420818591
100001928703031
507248682
762634919
1081327986
1796351086
549155234
100000602906429
1660424781
1483067793
597301584
100001322300458
573881312
1433148952
100001955966020
100000049497850
645289139
1403588536
100002289441043
625775091
734568631
100000124923632
1470342751
1014462028
633257961
629562714
780971561
100006120996283
100000132320585
1235935422
560090654
548969436
1180549361
712460276
100007006681859
100000903880808
758792341
100002002816715
1428092072
100000489308768
570781594
1222681647
100005720504553
556376566
1334596326
1502173676
62107269
512698635
1372141656
1491650698
100002740160770
525300709
1460527027
100002721421158
665913729
100006775175712
1614261112
100000457478982
1432502899
1376234671
1353859723
1565701161
1140847336
1192586547
508766571
8901759
1065099680
1436940665
1280760781
100000020883700
577990319
1097927154
519648922
1642832120
1794252637
100002476432030
771255916
1005469364
639771447
516302861
1315523523
1041600487
100004251701825
1591009282
1184521251
1793317599
41800523
100001302948821
556436752
1515820520
100000158364692
100000197959589
1411743158
100000143832028
504579355
1606161565
1643021096
1321505098
100002892410999
1640085987
1028897912
839716838
100000044539190
100000457466991
1168816146
100000603836975
759439926
1786104664
656727026
507790068
100002429540486
100000045030403
1434164768
1682012049
1507178609
100002183855132
1543824599
1371542863
554447454
559404483
100000072869008
1636223812
100001638164215
1029787644
1809424114
1390809373
1348325964
100002969416815
1321261279
1297504983
745315303
743786561
1148799365
1346474568
100000094538509
585857897
1272425601
100001003980106
95000265
1386028004
1202081915
100001049290188
1647437919
1230707700
100000417012475
100000163247837
761829787
100005837349909
820998943
751712359
1485406089
1452067023
704376261
100000689652347
100001913007755
444847958862687
731115962
1297184384
41106340
100000517989836
718958021
1467962625
1015892403
550576921
100001189624017
1179330268
819845116
1735340621
1847160133
1480197671
638867124
100006731376734
1329216042
100004934225492
100000085108347
1839398697
100004339444916
1006477855
827793274
34000006
1190894020
1416857261
100000199427718
100002199825542
100003256375183
1235300612
508616851
1259318311
1357021001
584094344
1563771743
657923501
1415794803
100002649338929
1735237274
1060564973
625312796
638285459
100000730148263
1605654492
100000495893983
26306619
810684377
1191087390
1227444088
100004453544633
21302105
653356316
100007102056950
1156136562
1115934584
1309148701
1308167409
1620435746
1186715087
100004773934740
1024934604
100002250700720
506902233
100002535731009
1020690115
100005046844056
1480789501
1607136837
1375406440
1646510089
100000630672494
1633975500
100001369275330
1044583469
1394208791
1033636955
100006031893563
1749774083
1262044040
616764677
687590556
540871853
100000418952462
100000536880922
17302185
515853189
655292774
1531002981
1408540729
721464854
1157341173
508294439
100000522252991
100001794980422
1407655692
648902826
100000167523286
1233803116
31209267
605689457
100007511615471
1082621642
100001878814668
1073291105
100000178688952
100006733209019
1397647797
724718115
1377778158
100007048507037
100000305385656
100001139437487
688616718
1755931217
667565982
100001974462508
1416954417
100000859381609
1442503437
1177981381
793637597
1631982219
37500032
598458802
1361377272
100004631284613
1163275073
1468932680
1292325491
100002460446079
101800023
502823433
687708341
100004285598002
566098511
100001183237802
1489064717
100000504110264
1847302749
722926320
590400460
43400557
1279832973
51901507
1456042429
1254045453
183001688
100000951624411
1812998112
100000162508021
1150233988
659749368
1370342162
100000538356982
1353772727
744751380
1592062048
1465297741
1331290833
778364580
837068768
736105179
100004295230865
1522038846
807688083
100000571396181
1258593051
567545012
1388992968
631481489
100002535735840
1004957623
100001754901349
1168332558
735640446
1657987917
100000218632224
1319255136
1370104166
1006894377
741929333
1506320765
614492896
624201622
1216427236
100003825008886
1018849402
100003525202171
1463207736
100002937576479
8308149
1069187585
100000130193552
100000549868889
553257017
1179221387
1102192594
741709775
100003443278717
100000882932478
676950640
1672913439
1476417065
100001003422686
1128527449
1019361575
100001732853424
210802673
1505003828
1163863370
1381962453
100000590162024
100001230782120
100000286718808
1171633964
777067995
1447518526
1565660394
623810794
827665045
641445881
100000090031521
1116800632
576505215
1575200217
1317162689
500985568
1511321659
536996186
1198232584
1144966166
593420385
568028617
1227061239
100000256173011
692053446
742109836
100001045634015
1437722021
1661591213
802603186
100000261175723
519516106
100002416650062
1431222163
1211863384
1243208201
100000044971571
1249716515
100000302246339
1237708541
100000032671468
100000024608171
1044096520
1397823844
1449341144
1448240846
100002361874333
346357788715123
100006682356829
1309254805
1453265649
1305740345
1579088562
100000503310430
537422346
1799518474
100002605168633
100000412854179
1061011488
1685400813
100003693944379
1032664744
1183650670
713920992
1564181077
1451470033
1034197995
1046916297
501859790
100001779918015
1824707279
505162908
1272319337
783815044
1471752543
100000151097544
1384523472
71806709
681902388
569327928
100000175483382
746390900
100000320536870
1219956469
100001282811211
1457136118
1389031111
100000115778622
1415273692
1792136769
100000644747006
1496313815
100000844536988
1315340052
100000009160217
1489956485
1789811461
100004901885772
1506614077
100003060097825
1302830226
1437063399
1426927511
100000674897024
658376449
1119087401
1210550614
1248008357
100000077962902
1251935628
1381091468
100001221555420
456604651094470
1777741142
1419186948
1071995814
100000173293840
100004829110638
1274596003
1533746741
1578064922
1827256136
100004534262009
1668620392
100000546075963
697819987
1076167676
1422018107
100001307438913
1171212023
692781586
1446527565
100000672530772
532110461
100001902852636
1732040055
1360054725
100000559050824
592580256
514916167
1356468522
100000106767707
1246832045
1339398243
1258543375
100003844422957
1214327777
674169333
100002453445060
1450512354
100002788460959
100001031823109
1373773233
840032435
100000200107565
100004030097284
1040994478
1457862819
100001270924443
1599201373
46704531
1210590327
1618004373
678429633
753840467
38200797
1189296515
548425658
1179326646
1329345231
1261556706
1337022227
100005877362601
100001414040372
18916012
100004354808622
509228075
100000357664985
100002729528538
1021932391
1259674444
1818763662
764338609
1574892472
727903728
623977320
1492816060
100002862882083
100001173335646
621112696
1051703130
1766822357
1219900986
1051602706
1441387986
100006579582084
100001731502677
100003165653352
100001775380452
17823581
290100416
1405260160
1678893241
100000070170579
1466384479
1291772451
1074818203
100000709676841
743710841
100000622562829
100000741338212
1438542341
100000778492929
601093729
100000312471111
1653236996
100000558955702
563702942
1158817416
100000174791719
1647498974
1098044970
762503641
1492936389
1016776364
17221966
712143828
27432085
1522966675
1583422873
33604595
1458100904
670485487
1357929242
687964505
1587497581
38409989
1283352155
100000220896919
504255400
1289768184
557151730
1546947264
684010084
100001000944346
531872023521575
549713338
100005560873994
504152299
100001076694995
100003974737509
100005725964068
1492731869
647145314
30415143
1161357183
1027170137
1513801621
801166505
603377090
1005712007
500881594
100000670759085
1337756752
1029428356
1454850057
100002459176477
100000399550821
552329960
1673678646
1212704334
100000107835046
1617075361
624694376
1357912737
673877232
100000050822849
100001225487771
100000491356991
706684637
1021861477
625807408
89800007
834594166
1065218719
100000552037116
1797996646
825972001
674324815
100003467551685
1247690271
1350060126
100001746407648
14203661
500864691
100000668268320
638702528
1568900388
1178170820
1070324774
1374991861
1233965646
742938719
1355404657
1543654579
100000081829273
100002943700956
100000931922438
100000551263473
636678178
1320957343
508621227
1346205302
1050191536
1196123824
1394300758
1520767643
100000231920973
100001033184633
1056844384
1635041336
1409480955
100002972591302
1054508100
1584704960
513927940
1255197127
1163075879
1369065460
100005524320086
100000163742649
1416026242
1494917403
607561583
778989277
1563046904
100006122014838
100002497366727
306000477
1121466399
693660448
1122371431
100003535328118
100001767426684
1336927547
1481837843
1571269736
38906779
1189041951
1199010463
672925431
1301926660
100000877741925
1662551537
100005074717745
100003321420617
14231024
22401017
577367755
100000768963932
565647605
1157833723
165400719
100000401340221
100000391470326
1349402885
1375716269
1041056228
508441572
1678597598
1489283151
1497090094
638936078
772254708
695170374
697480025
100001414782305
713307082
1320134163
1125191738
1574273108
1475683646
100000635574606
1246487760
1507871631
100002451020007
616085199
1653050260
1132805134
703781550
100000246542812
1502474617
16922421
12402031
1074918411
686343196
1025498187
1099075448
1660227071
1395196103
100001616019973
508152721
5005362
1458813877
1044786667
1210455502
1441903246
1544081835
1598805947
1532244899
1147840982
1261058595
100001295758438
100001286501069
100001142376550
198500256
100002317446584
100004093665898
636034291
100000854498418
1425336780
1022947577
680387680
1026262026
1087719654
100002812269058
822513253
1001027937
1796412749
100003903410281
1106806419
1061781592
685082131
100000921453050
1379327563
1022847456
752641163
100000096174996
547628191
1393386627
1498365859
681840570
100000024191055
555892943
541177988
1596637217
100000426267810
544116015
685553711
1456105631
100001627644403
1528605118
12907713
100000115966935
830965536
11605140
100006517421076
1285722342
100001688013234
542101814
1355648292
38315614
1406477351
100007208735737
512127009
585524283
1662002492
156877534379393
746719882
100000915426022
100000648814937
100004626694553
100006575887094
502113579
1022934083
100000090098421
1008896149
66700800
100001328876583
1236401977
1493559235
100000336100108
100000028270736
1239677619
100004112525925
1577291997
1443120938
1490850385
25503840
1540620079
100000425109125
100000205056978
660809461
1387180463
1470401227
1216853358
531952227
1085796476
100001550374543
100000471507071
100000384814146
100002413563181
100000628142610
1147561167
558220870
100000078726766
1009607027
1216388986
100001246773786
500028877
38802728
1409951525
725220909
548894266
555405642
100001922711926
1382474670
100000022588776
110679388965817
1201172064
100001989449143
1532236830
527960795
100000070926924
100000853648078
1417007745
1204667815
100000691493076
1169625519
1454654412
744575489
508139333
500593047
10517479
1473648788
1148104405
100000014299789
500895627
1450740031
100000056838595
100000156431323
671886307
729186156
1263765953
100000835975824
100000967635805
500435033
1039255649
100000875967683
1035616163
1363380278
780499933
1400752142
811965520
1206188318
1281282926
1341747143
618639565
1472293899
100006564310501
1216894241
100001615672463
1665064918
511995650
100001509221565
754415214
100002034321336
682341357
1172790694
100000578211943
1233968939
100003219442715
612112011
100000247580885
100003175677814
560518886
875025416
687396514
100000467475731
1025468262
1560976063
1669848170
1528741005
1005794698
581413573
100000400530117
578369907
100003715486253
1498696069
581406474
55701524
100000332681046
1192928998
760895712
788964903
544510291
1631646364
1455672867
100003769263549
518995659
100001155876867
100001037897817
1060866379
100001406228345
100002756625510
1446450507
1498661327
1514142954
1284808550
1265260831
1573656531
1585420578
1115622347
1826919842
1040226013
100000375168221
100000326619705
592533514
1559811032
100000341582679
1565026379
100000141999777
674616277
185300505
1730530275
100001074330992
10029071
1199483883
1194207893
1173900043
1405177046
655341312
594576672
1775216462
1007629739
100002392920776
1262557645
100004307404649
100002684421659
740090308
788834874
100000250054672
1292391074
885470149
856684580
1200469236
643715121
100004805110987
1118074760
1387261079
533618576
1033413418
688102477
1820058663
100000086583311
1453642493
657813681
100000504530298
100000679533800
692829776
897595633
1524373375
862795153
1541613459
1035225796
508028241
1798853907
1439899218
1025401751
1044435390
609504676
1128541201
1575480047
100000822439717
100006172743211
1154038288
1084579552
1224067049
100000520187510
551440174
100000439855912
1316202733
100000011224720
17800083
100000199565629
546062225
539223480
12464131
100004901888940
652962973
100006517158478
505539918
1381970334
100000178114275
100000652211282
1816620705
119401032
1386616266
1191243048
100000784683938
1062354265
100000260850396
871305053
211201290
1717381674
100000637929813
507993712
756173143
41801434
1177865913
100005566990931
1505326259
1209273151
1778128221
1528044997
724125050
806605306
537083977
1590026569
618736857
1619531808
1492336160
600411126
100003942164836
68101503
583379861
100000058945775
1657426746
100001162980564
100004981805191
631321099
1187380295
100000907724476
1242502789
674170057
1374732566
1503661808
1483647648
100000616479434
574941220
738161644
16908725
100000541274640
100002649125825
1302321959
505175198
100000744288226
100000186007511
1215507400
16700083
100000981951241
1352145736
100000577053195
100000454881400
100001598070199
736797753
100000864605823
100000634997357
1494808229
1623771674
100000640608495
100002113697401
1432405348
100001849863150
100000000462614
1076764439
36620962
1625124956
682060784
100001395796072
100000340531132
1219627413
100000282604595
100000440793915
16815981
551017112
767658685
1114554589
1368861915
14811687
1340580797
557413670
1448783291
100001835226485
692539200
513212737
100000706382488
1327078158
1409500802
817911854
509097175
264938313578126
685172267
100000545143224
763030690
1499954353
905550194
100000728714156
100001756333496
1218314598
501524262
1152428898
100002323537007
1379739481
1620548263
100000519413912
100000232057151
1430697351
1550773579
750126585
637214223
1020876308
1425150189
1490443669
1737421610
500073396
1506727118
100006753307145
100001150407819
1150304978
100006416640395
1525381598
100000218679078
1663196866
1348446252
181885148522314
1684095007
100006104770856
1174232755
1608487788
1408830276
1189504097
1660985242
100002685421611
748867194
501911523
729535890
100000242263812
52701026
100003076874772
100000565591535
1349518256
100000483770000
100001246214692
774514153
100001893967156
1568975663
1644817870
100000312999596
1083493473
100003602825836
1020990455
1114657445
708182830
1652354391
814305084
664980877
100006770648508
1407626069
1066733011
1028940059
27429012
71803074
1645839239
1027565343
1708549658
1280882385
1043802761
556852855
1013068227
743407054
130342460366641
1343644367
100000497917874
501665425
147501289
1019461303
1079564079
790979026
1144080831
100000213409309
1629441254
172701328
627540541
100000225277557
1176173302
100002558847697
596409247
100000798710107
100001853599092
159500808
1371240059
100005331883877
63209296
100003726443126
623216734
100000076386841
299000459
100005935261427
616401367
1427707557
1155609576
1623776864
1270593172
100001428471220
5012847
1542591783
1385053116
1203610449
1257976396
579046208
1430490410
100000685844280
1481432585
100003148026199
1274533340
1575879770
100000992269217
1283410533
1420656030
509632790
1395023237
1060510122
560063443
1369367471
100000477581337
697705983
542554479
100000018573046
777097921
575896246
584337793
511341000
100001785576066
678862939
207555645942758
743204206
1408720199
1439254789
100001671956317
100002279071314
778620955
1354012750
1581012076
683817090
1071279775
670240133
501211009
641518922
650433038
737955229
1599188422
1822780762
1123084487
1022462392
1416888235
1116469123
501454842
1307342996
100003373283572
1161705397
720582013
501815831
1679236305
1360976945
1025902999
1086482667
175068872689306
1085103297
1173840713
746283848
1326515507
100003707860101
100000719723774
1293898224
1554548429
1629004972
607280552
1011851123
1628257934
100001285736356
1225960206
100000093015634
100000133653366
1444951894
1368665530
501466399
1373186040
697576614
100001299276721
1110378851
1585351714
1348378031
1615597038
599257827
1520885432
1101172299
1032185838
778821903
100000363555169
728810038
93500208
507374666
100003690097223
1168865282
692905762
1322661982
100000511810286
1543745620
1441535261
47301659
600456523
1561400606
100000681532785
765615241
793466037
11309711
1081560227
1264058493
100000617844992
100000236769856
164100042
1172790338
632844730
100002616402396
123600378
11605615
100000118972187
1517147137
100000399996972
759502317
1536244886
514756377
1355388626
100000468337538
511430388
1077126780
1376640001
557485739
33702367
100000497474560
100005086962822
1469521778
1400089870
1632068941
100001006602667
1704021365
1283866557
1000485385
691662121
100000081271604
523392204
1003036448
534944662
1386106185
100003646598158
100000345753309
100001144509075
567229672
576025457
305500366
1743344225
1599281000
508111969
616807774
1278578295
1151920468
1648573897
837771051
1177910122
100000387570305
100001491213395
689565238
210804699
100001401347302
1308403943
1547019026
1133142881
1561980042
1049714915
632291745
100006238658739
100001109696020
524902867
1174182953
688960123
1251183075
1233020142
100001102427151
738966126
1401822724
1519113247
1300311439
100000681428054
517704268
1776566520
1162260038
1595075441
100001966868705
100000177679446
100000099912874
100000085900105
1269105115
123000095
506235472
621341499
539085925
737422191
644217269
543428849
1500483853
722194611
100000182820643
100004251073883
688394047
100000183445748
560097252
631701002
1415499528
1177277869
725344586
100000115470114
1851351827
566148875
517213921
100001237551199
100000981064453
1624040038
100000047311010
1206962655
1058975522
100001761909133
100000423275540
100000060258316
100000538076611
719841673
698464574
634624307
1422877294
1212228613
1621764598
748303374
100004275452267
100000470905644
1260988585
1419416604
1134946912
100002102284486
100000489203129
100001335372626
502916569
1249606801
100000071627877
31400030
1439301614
8380523
1575941050
50703518
1266661679
1541359412
1144344088
504070317
1203746730
295500628
1009086107
100005248560654
100000957350609
1656168732
558102220
100000460459019
789194337
1086450045
100002548929975
1464232595
100001025108216
100006430842176
20503072
1396488920568366
762298967
63902580
1330257131
34404715
734610593
100000178389064
100000713097932
1314051118
1326068887
100002283299097
688220940
100000558461434
1088449670
1194585643
519379021
718601420
1324031227
1513715990
100004174506294
1025857962
1452743324
147700329
1158542226
100003322501740
668689810
1086348222
508344140
690635574
100000295824523
100000015932559
100000061373661
100001713803842
544769624
100006504165969
1248746108
100000645878568
100000437521032
100000762073283
707646428
100006773194613
100000132544758
1431667221
626811637
1461116997
100000141902709
1511814217
5236616
100000493340702
718727805
20922988
100000593405953
1039892949
1336009302
1565713142
34312274
1258685394
1085612037
100004094950787
1555431201
1347095205
1457802529
17008740
120503259
100003093798873
1354162689
100004939326955
185200067
668838833
1172790821
1404141463
529915354
100000805912282
1734788954
100001546370114
1446722219
100001295950593
100000138954411
687985371
565868449
1605493412
1080902374
100000566530997
59200509
1544169260
676918828
100001747845817
100004385975476
1531314223
1624156637
831942371
1196748166
1519786548
799715507
1343096971
100001736501216
100000853824978
1630057964
1345394822
1176533176
100000105721568
100006658241372
1125735045
100000643418328
100000560444905
704181689
100000023605361
1089428966
787095493
787658133
100002472853704
1807392089
744154162
1439016664
100005125623670
100001752450702
1479651377
509789799
874750612
505121709
100002392205785
650762626
1538016592
100000117533005
1447757865
1423754503
669123227
100004932547371
738687795
526930203
1289800517
1390500590
623595712
1323015295
523581245
500058838
100000292541295
598126278
100001450191854
1424096293
667275412
100000261706522
100000136096634
100001644750689
1205469394
100001452411096
520602064
100000201474547
100005341745920
100000032421932
100000018893057
1292697045
1261315102
557561936
100002603941584
1458955852
156163564411651
619852717
100000149636497
100000224288224
1605480018
508296816
100000209934165
100000537876364
1583186000
100004062264786
100000520457966
1555741219
100000189422578
100001043510061
68004180
1634034479
1301972508
1664261367
1193254247
100005415822548
1582904188
49004334
720715528
1405633617
568455014
1049096010
100000179529952
1178828862
532885968
846052947
1245206997
1049538087
826782800
1131812031
30316597
1436815367
766259311
67901505
100000388483689
100002639292866
100001267320491
582905688
100000979116424
100001691672236
100005111373553
100000455832797
603265223
1071672152
1077751355
620422386
100000437344213
543435103
1470543685
100000399770729
1410210104
1185014680
36605647
591493601
1513994021
100006599130852
1382922822
1579278899
602924669
1203409237
1329843889
1012688695
607844908
669715902
696872887
100000710124736
519314418
581283505
1153720134
1147173203
100000323585017
14834697
100002109517962
807255564
100004215126695
1416788330
1426893216
1061219377
686608419
1292233447
734674445
1081194865
1506042028
100000021664929
100004898766178
1233009556
100002186493932
659617795
1246778801
847450047
38203609
1824375136
100002302450473
555066495
1166694559
1056575063
1187106856
664432815
1047459930
1322824575
100000039708493
100000058952297
528584718
100000488724663
1139884627
540785375
100000127119508
1771233226
100000679724077
798147137
1641709694
100001216625869
638410660
530597583
100000454622019
1812550307
604894112
100003744069412
100001317986588
723630049
100001376935566
647794189
1409350964
1432149266
100007389968580
45608422
612985214
100000877285677
1191260679
1372221338
1407130184
560831705
674815566
14816583
1446740658
510853876
100004385642695
1643650464
591966701
1592133755
1593517986
650725236
73800272
100001708641238
100000661803626
100000522874228
681922105
100000885875182
1416066831
1216269245
1491267604
1283166695
1450334947
588065764
1739846443
507082224
616545079
1464196422
1067505010
