511341000
100001785576066
1256479417
565647605
1168164397
207555645942758
1034182250
761829787
100001052880742
1346698236
1607614179
1389236993
1455905424
1522966675
100000210105524
1479651377
1329216042
100002341021660
1497090094
1512249351
1158128638
100000312062141
1601354829
1377423831
519127813
641453486
509467670
1006477855
100001414782305
100000054421618
1125191738
100000879546262
850365544
1022778623
100003256375183
1233063177
676482800
1015713568
1836368061
100003990233524
44304344
100003305696034
584094344
687505360
706529185
606191709
65005506
508152721
62003260
5005362
1221604313
1215308567
1060564973
625312796
1292233447
100001635853676
1439796331
1114657445
1598805947
666589747
510167641
1255095544
100000061373661
1583507056
639378645
100001849863150
100000006368443
1657058271
1531583696
100000614798875
1233408995
100000496613104
1225960206
1135705561
1115934584
1319365954
1425336780
1309148701
1308167409
1620435746
1368665530
1022947577
718159809
506597460
640380471
822513253
100002250700720
592043662
100000260223949
1020690115
1348378031
1618874430
1061781592
1098044970
1646510089
741943802
1097902579
1250831230
1436393965
197103713
752641163
516755063
1513846107
1336009302
1044583469
524330351
1393386627
1261058595
545044601
681840570
507374666
1376640001
692905762
687590556
682427617
118795434848891
540871853
555892943
1446311876
1147173203
502162569
1838585588
100000578211943
1411984828
1299946490
553768292
100000512731021
790574928
100003744069412
655292774
508223012
100000141409952
59801797
108793364937
100002855518578
1408540729
667565982
721464854
100000256425276
1385053116
793466037
100004051869797
1283410533
501211009
1647167745
100001688013234
1490014525
100001943728878
164100042
100000558826259
711086142
100000422688164
1298060649
1396003729
1657823720
100000118972187
100000178688952
100000399996972
545344950
514756377
796740332
541407606
100000468337538
511430388
1215580478
100000305385656
1036743585
585857897
638764464
773994554
613000463
625807408
1246006726
66700800
205301868
100001328876583
1236401977
89800007
1574751248
100000028270736
1494253969
1482034386
1489956485
1704021365
1629924368
1272510753
1012757650
25503840
1017963142
1123516024
1000485385
1061859919
1540620079
100002476432030
1063508028
1386106185
1134162273
678647723
698737154
1082238682
100000345753309
14811687
704858004
1101015387
1361377272
567229672
1318064409
1262050824
58802664
711045394
100000471507071
1066611219
100003852998653
750324477
1200157248
1780651869
558220870
1438214660
212401126
505321211
616807774
570853477
510200974
1276440349
550123545
1022793500
100006533055007
1030191510
1171130154
100000011928941
1539564751
100001183237802
1368656671
1016442300
1446225495
548894266
505379795
1164313336
738687795
1466494473
1432357076
537442008
1557872664
100000772097997
633912470
680555072
524485691
688960123
1404888271
1716018776
1479077848
1456042429
1235300612
741828030
1401822724
1743113485
1195784007
100000051740703
712321511
100000200629485
1016631181
100000539801896
1808711543
1169625519
100000585135917
590290352
1352486389
1120170987
100000538356982
100001966868705
1552737985
1247184509
500593047
1421694699
1592062048
1381627484
100000014299789
687964505
100002633727008
561363760
736111871
100000158739585
123000095
100003825230297
100004295230865
526629073
1532397718
100006417390512
696872887
1802536015
1005794698
1509696659
1294890003
727880898
674537863
1595804994
1087805163
500435033
1077956889
1169737322
100000218632224
1542623441
100000264247514
100002707338036
100001062280558
1035616163
500151316
827665045
1088449670
1600254856
685172267
1525460117
624201622
1273896593
1081024907
1628152834
1216894241
100002603941584
100006731376734
1463207736
1483696859
566148875
588684714
1241030578
1274427410
733065553
695433974
553257017
1001027937
731202822
213100616
647704451
1229981321
741709775
685553711
1484029858
676950640
509097175
556436752
828369419
735765860
1069434305
511282335
59300084
1163863370
100000270226644
1584619117
100000153907288
100000286718808
534067266
545765405
1560976063
1428641103
623123020
100003035486838
1571469522
783166865
1147390400
784382088
581413573
1176173302
641445881
1212228613
578369907
1679236305
1411743158
1574697061
714211863
1357021001
1192928998
1407256048
1265862629
599848312
1260988585
100002400994639
1395196103
100000110754748
722248184
100000741338212
1673496050
504149447
758527567
1541922300
833920366
100002756625510
1048423326
631712965
1423350909
1498661327
1442503437
613171132
1458813877
1354426784
1266661679
508621227
100000209934165
1127164075
1144344088
100000189094233
543867014
550052682
519516106
100000078726766
100001852427069
559645590
295500628
100000326619705
1456126627
1211863384
592533514
1669560598
1243208201
1061581047
1565026379
1441903246
1621869465
100000725097254
100001699744303
66503476
1221090490
1656168732
1409965495
1105373457
1075902568
1464232595
1044096520
1173900043
1515795837
731591388
1198232584
1449341144
1187349938
655341312
346357788715123
538787218
762298967
1521455929
1447757865
1258183340
34404715
100000247331313
100002546316760
734610593
1848222884
100001402080151
1796351086
549155234
696317896
1830009853
1499388098
625477025
1207068200
1037014759
100000558461434
1789090739
1616688081
1033413418
1495154188
1651027138
1183650670
1076167676
1620548263
1601093053
1320986851
687151359
667927876
1405512610
1550420743
1046916297
1489334768
215701543
100000504530298
668689810
100000229320848
1136335286
1513656521
1175876102
897595633
100001321194880
874750612
689565238
71806709
862795153
772090695
100004768750044
681902388
100006504165969
1197897579
607349693
569327928
1012982550
1591866638
1181258988
100000607435851
1017805082
562385695
720810837
789194337
1174710031
1683023034
573881312
1204557591
1792136769
5236616
1382922822
589118993
100000822439717
100001411126002
539834698
1506614077
718727805
1807495365
1735340621
1019361575
711836656
897495174
843945603
698050235
1426927511
644377841
545189739
100004094950787
1052343522
1251935628
1639072972
639303772
1347095205
502822686
539223480
1415287294
1264986113
1246487760
1147832637
100000173293840
100002535735840
1409020541
119401032
1326068887
1636202510
1068004123
100006034000493
692781586
1118185584
582347287
1404141463
621341499
1216590271
39504809
507993712
1427707557
1422018107
756173143
1478121357
1446722219
1040226013
632105504
565868449
1508088952
100001155876867
1605493412
1408165060
1080902374
100005942683999
514916167
1544169260
806605306
537083977
34408003
560684700
676918828
30202128
1045727583
1064169970
1732040055
618736857
1619531808
1492336160
1211826720
1214327777
1288753646
1450512354
780971561
100001031823109
100000556152641
690634535
591295073
100000558955702
100001095328323
100001162980564
1051302308
1077751355
100002266754206
1345394822
1254045453
1176533176
1513994021
812510605
1303350010
586779744
1140772037
1317640553
1639570713
1039441811
100001627710246
100000616479434
648197112
699076976
787095493
100002649125825
100002500780025
1610006674
668230918
506902233
100002472853704
58214349
506987641
100000237832296
100000437344213
1215507400
1261556706
1263765953
100000661803626
1576166984
100004570087736
100000981951241
1273703244
1502062288
1296775392
100002235803765
509228075
100000864605823
1608575305
1072713440
1623771674
505121709
1499754606
100000640608495
1259674444
1538016592
1146595848
683630602
764338609
1297137189
1441831606
1390233109
1378317753
100000000462614
1406198645
1625124956
1204516723
584021176
1505236848
100001173335646
699146500
100000494664270
621112696
1406028669
1051703130
100001733756101
63914879
100002347592075
665240143
578316927
100001450191854
1051602706
1441387986
100000220896919
548844162
1409500802
1550571543
10517479
1542591783
100000180294098
1651576267
100000081172318
100001448777543
1600247997
1215843485
1546947264
1481385966
1243641760
40604499
1680461878
100000193766186
31400030
1259564398
100000224288224
1605480018
1353772727
1645208486
1438542341
1634929509
100001987277156
601093729
1354809294
100004062264786
762634919
100000520457966
1081327986
9432715
51803972
100000174791719
1076842672
1473023529
762503641
1601933114
1483067793
670799443
597301584
1740372988
1154598834
508718279
17221966
100000023278308
1664261367
656984156
34000006
712143828
593059398
645289139
1403588536
1284790551
1673680860
1490443669
681922105
33604595
629562714
518942200
771974928
100000610353540
104300593
767493616
793765036
38409989
1224124955
597067384
846052947
1057067292
1283352155
100001168770895
16815981
1003036448
560125819
571262837
100001000944346
1008981625
1176703667
568920399
1169637232
100000092230910
1684095007
561186266
744575489
38101429
554447454
100000059116556
1484361987
100002002816715
100001076694995
1428092072
1174232755
570781594
1222681647
1358097872
100000497474560
1492731869
603265223
1071672152
100000573326092
1334596326
1502173676
62107269
512698635
1513801621
1507813729
100000030196472
100000425109125
771254366
1448888449
1460527027
100000122673552
100002523411969
100000670759085
100000489308768
761204447
580601084
1568975663
671886307
1439314908
777097921
100000107835046
1320158641
1617075361
100001291657375
20922988
1440979157
1565701161
544421102
100001487397552
100003602825836
1192586547
108700280
602924669
1061426563
1020990455
1605654492
100000673554499
116700087
607844908
1065099680
669715902
567545012
515451499
100000054298455
100006770648508
159500808
1428013196
100000613118989
1651186887
100000050632949
1614004789
1274533340
1194795266
1097927154
693916209
1021861477
14834697
100000005650701
1131495333
27429012
100002430703818
1794252637
1416788330
100003807815693
1339260872
1061219377
777847931
1120865535
1145600947
100002115328399
1043802761
639771447
17302185
556852855
100001214781758
100000021664929
1112612480
130342460366641
1364534079
769088163
100000462674666
1708942733
730075262
612501624
100000245003943
1166694559
100006042281680
507320907
667586822
1640971650
1614571470
100000313856915
1047459930
1322824575
100000081829273
559889293
636678178
100000798710107
1237980391
537726442
100001527375213
100000180896065
78204234
1186404753
1028897912
612905914
100000450413869
100000044539190
71809658
1097430339
100000457466991
63209296
1620562461
623216734
1531870924
1436772718
507790068
1207242274
625181361
1150077281
1682012049
524152741
1284720095
1369367471
100002972591302
771535393
1439280139
616401367
765615241
1584704960
1432502899
670355931
647794189
100000567859305
1432149266
1270593172
1464761397
665913729
11605140
1662551537
607561583
511361843
778989277
500416559
1083703557
1495748469
1407607616
1120706914
1340217351
306000577
1148799365
100003165653352
100000978112475
1121466399
522521482
1481432585
14816583
687341666
100000586157565
1643650464
1202081915
73800272
793637597
100003535328118
1002976174
1620186516
100005319485139
720835206
1575879770
509632790
756188084
100005837349909
820998943
1060510122
1356578393
1216269245
1491267604
667037373
1283166695
100000143703493
1452067023
697705983
100000689652347
1215854931
100000172063909
1446740658
100004231621770
704208035
1174218992
577002241
100003349183177
768182493
575896246
