100000167544256
1549140402
100000029902288
100000567252917
509506500
100000469381887
1312510379
633522306
1556439063
513395190
1168400105
100001928538632
504288141
100000650852604
1459272061
1004058147
653015297
1480833850
100001204375666
100001527489013
100002522192581
100000081795611
1467216280
100006233400088
721860437
100000000114705
100004445012083
1742748393
1610523748
777715311
1036066737
100002588293259
618625489
683340041
1243625053
1082207934
1355512599
100003393973577
1110067374
100000894573465
100000146237401
731433345
1219801103
1030328673
100000346284906
530420224
1431067514
1027387777
100006006938117
100000577204392
1472810826
100001967616864
1173510418
100004290306563
100000443623216
509957700
100000495091471
1449843411
100000510860620
132196283641648
100000129845309
595942666
100001891824760
100001349523504
708939734
100000192172821
1661238614
100000021106778
12325944
100001897053800
1176170592
100000422255960
100000057185349
672830251
757049907
100002637549764
100000357749143
100000010803670
100000432675581
631324528
1496596398
130800244
597159915
1475717670
100000605327675
726642845
1055422176
1335738477
1405027719
1311312335
712464906
100001240293990
100000466244022
1802777147
100002469827065
100001704532318
25308158
669423238
100000196323841
1654271951
100002729392097
1254236844
510662059
1581001287
1822009278
1254735775
1167111493
1467318649
1674267055
613140134
1407945917
100004352020866
1462076834
1554516250
1714087757
100002610844382
166900087
1085776279
638161180
1536920995
100000104020074
1093524918
1224628166
100000071086897
799590231
1197590376
100002093221450
100000903765019
734820779
1248427388
595347973
532713155
1065232699
571073939
685015939
638834738
650767818
20603762
520273309
1516000277
100001250797693
1120726115
743029237
1667839755
100000034551943
617653584
1037292345
559508366
1353413739
100004541198814
1194177271
100002034074783
1702445353
184700978
1108505923
1243179176
100002080820303
508104804
1188852435
1596176804
1647210331
1158085683
816494069
1250649478
1513180041
100000849413194
100001158048982
1677542208
100000245865031
1512167881
1597204420
100001303723934
100004462058189
100000771229390
100000637297354
503268348
100001500543834
1479362304
1468443321
1158174665
616475616
1013768627
1042642615
546267926
1222154169
1541055711
1601342248
1805421078
100001501780752
47901762
100000419808342
1161197789
1533366416
1248927531
624339071
100001641640500
1564640647
637421039
100003399478031
1544437952
100006914591866
757514673
1494803457
582347908
100002109391048
100002027076398
1374554136
1048821021
100002903393000
72405555
648226076
759333081
1534493763
100001063652170
1092384537
1586906238
1232264572
100003635673476
808211877
100000837731840
1158740094
1417181836
100000221218158
539332881
1363222595
1672090413
1047801491
100003858433506
1526335399
716251944
716596876
1213208611
1256960893
1702310376
1134701208
1306207151
1014115082
544144847
100000989723059
100000608971087
100004366180392
1291827383
100000164147930
1079017862
1371821163
100000588939544
100000425593250
100002318709995
1197503393
589372918
73104528
1262615885
1655166377
550230990
1467807217
1238227103
100002583121470
1219601075
100000559483333
1330064292
510056678
100000226460334
1301191354
44602669
630811390
100001046978157
100001970072429
100000295836082
100001953443435
591967802
100000156129462
569577685
100000264473866
1774487315
1105275238
1356819480
100001759819113
1685123514
1179733627
100000174984231
100002333950034
100000630735412
100000696098526
100000770011981
100002235407797
100001654671315
1566223221
503250350
100003350086079
100001269877799
1334120241
1067054164
100002779388801
1382263414
1307176112
1393004460
664010118
100000322423844
1100716011
100000129832134
694097912
100001147695086
1233151681
100002659922656
1018898009
100001549486181
640567580
100002820359242
100000117483854
100002009442960
58200189
100000986337460
100000061315029
591588458
100000925543538
1607663327
82407549
100000198905022
1419383812
1416782101
1441106005
603115968
100003958077743
100001512427151
100000453808299
1082383019
100000114230516
1154397859
665782544
1115692425
100004138630962
701256405
702080431
100001460620580
100000082767358
100001422517159
100000015546682
100000486940090
1330435509
100000544702758
620405705
525263970
100001435675289
1365799620
100000705934694
100002192847598
1309611471
1461960035
76200418
721508084
100000640333464
1376580624
1488015137
100000319637987
1632962770
581386852
100000624772664
1807452351
1525870280
100000282942191
100002063261681
1203873535
666692519
100000086768342
9412663
1286988698
100000137172156
1278153502
1329559061
1590742136
628998671
1696016971
100003375531581
1767091760
1382951098
48801337
100001078273765
100001079415349
100000026120676
681475129
100001277135027
100003210953291
1352681880
612748070
100000511009087
100001151472294
1200145856
100000991962331
688792635
1783014397
100000147766619
100000623322847
1465738293
739978459
100000059111012
1505212359
100004593031864
1019130102
26602915
100002584764002
100002105181382
1363721842
1165300655
1646984398
100000002436792
541928309
528693273
100001375078797
1569922445
1200643469
1196179943
100000369606239
1399692229
70902869
1349768248
100000227612711
1271269281
100004030269422
516465962
1218091158
100004521728270
100001260764695
1143187174
51600361
1160535915
1257254555
1149446550
1612165234
572434609
207104755
80403697
569741701
665321119
100000045424085
1188645729
1490111943
100001281161165
1178542085
100002213073535
100002592965981
1361455111
586225790
100001769932363
1280913981
100001766747137
100000447787708
1786047253
501485209
1667862117
100000114275438
1310959840
100000135592009
734505575
100004180683680
100001146556074
1245592127
1338744025
100002748718509
1144560074
100002782170834
865530295
100006333250761
594982935
1045590103
798909497
1214420405
100000037947039
1387732225
1361140341
3221533
1376596638
685621171
100001194902094
100001827068440
734882348
549605858
100000384699524
1539133651
334000108
736084785
100004018243919
620751480
100000676369775
659583122
1146556085
553246377
100003397768900
1529828393
1202648890
100002382910343
503511632
100000657153512
100003051449142
1046112335
514743096
100001920822139
100000273956761
1338777981
100000853363318
508667293
749537595
215904672
100000578960910
1809625097
100002594506527
589179132
1589495126
100000405922115
100004163581442
1368143062
100000018090512
100000711963246
100000086426748
100003889037806
1451166199
559675875
100000099506551
1264369095
1396393375
1066325978
1670845641
100000555368534
100003669041662
1033095432
100004018759086
1477500300
516355209
562769603
555637206
100000978526640
100000356641839
100000037983343
1357655811
1456966918
1516429642
1096006253
1263780123
100000453001263
100003232108295
100001175902333
832993165
1810014601
100000451846700
1180381340
1136101228
100004188883391
100000014554374
719075122
100003107182862
1366695664
1156040345
1265700799
1085991600
100003493235986
1162638895
100000097901031
1224579046
100000434332270
100004086651231
1279544820
675843105
1436141148
1150875285
514323885
706225310
100000186918577
187000639
1009504449
1310850244
1329445806
1530832037
196900367
614583699
1281503641
1573595512
1048940881
710493047
100002742026507
100001309847960
553825622
1629063096
1350714220
100001283211244
100004200941487
1511556709
513764229
100001389210183
100000190321426
1077255551
100002131094627
1528897419
1380684669
100000744532025
1498067742
500183221
1664393613
1592276427
100000437673478
735541619
544051611
798628215
1163755115
100000454557647
587766038
1741751311
1468664924
100001791367334
100000140922107
121290921410460
776194098
207301713
554403715
100000738743159
100001266172438
1184291542
588499365
1629755848
100003051698636
100000185730665
524778511
525805842
1559714961
1716229370
1422822680
1554184595
554498099
782055761
504609372
100003354366973
1610673741
100000292242770
100003640492089
100001349153449
556329921
100000033264648
100001309916107
826475321
750136928
100000218475793
100001371392172
1647451841
1569857380
100000418901770
502832711
100000814454379
547259784
100001646372069
1372268224
1176176599
100000655864989
23424426
701007711
100004085542116
1038152462
623785481
586884010
1569443355
100003939106381
100002580096170
100002010750151
100002151097204
638095466
580508881
100002324258050
1223915071
100000042267750
793070098
100000407800880
100000318936319
788195203
1033447070
1140143947
1148963667
1548123755
1073223966
100000139162896
780759431
1833000105
100003768790633
578177521
1630263247
1072754357
1184345211
100001865712853
100002236337190
568747708
100000186412243
502006817
1068142598
1501095203
100000167897598
633291346
1399408338
570214450
647651399
1086789811
1008205098
100001012719015
595123771
1554770735
1450605497
100002424153302
1430077877
524690659
1367717510
100000225040759
1338725280
872880617
505937165
1595340151
1489621860
701331350
644894878
100000205695676
537126169
568913784
1139687115
1423891999
100000398110681
1294628738
1395679210
100000295102371
33610758
100003070704625
1552817114
1492449117
100000993923774
1235027614
1327009535
1598480105
1491609465
1402353496
100000256348080
1032211485
1208808835
1527964127
1311765953
100001831549076
1053547197
100003341627843
666571578
100000175221742
100000136518840
590543830
100002470650023
1009822660
1627585303
1185348470
100004214174317
1182487802
100003010145121
100002976023052
1677895183
523796569
105803232783814
1151407197
1388366863
100000829391513
1710566980
614194607
1467032912
100001245455971
1092854482
100000099003204
1460482730
1639602345
1002855655
100000140841427
1118792437
582230254
1014807735
100000742088862
1360596664
100005383119041
1222610616
1460160060
1316064388
1605903585
562591065
709257888
1783522679
706255347
100000137259479
1105634484
800078119
1142085414
1697066253
1402197395
1612041829
1528401026
100001011132097
737528164
1121220787
566187869
100002599953716
616845120
1111173149
1563183259
647264066
1454122927
1604025619
124302796
1603956523
597833021
100004606327838
64702548
1247471083
820312438
1478550706
1123994442
599341834
1571979874
507090788
1555643691
1485981136
100001709757285
1145374896
100000488875174
501132643
100001888170441
559926117
1304611366
100002137514398
1022965345
1407312758
528644525
583261708
1084634977
100000731946138
100000335243757
1633183720
655836358
1576496242
1650005775
100002376123642
100001459002121
1489560364
100004268952947
1500591029
100001334256988
1331787259
661173687
1476464116
611790973
1630712567
1576506586
1331974593
1404763344
1781593452
748415713
1324367815
100000776274238
1772449778
1326368055
100004051207775
562569126
761382846
591355544
1063854610
553190456
100001612680152
1036341251
1005691469
100004240302531
543872334
100000376047633
1492296072
100000421231585
1678541105
1539873745
1447399394
1285242800
1835840000
1069690194
1330212611
505871670
1413655255
506333824
1462065739
592760250
1719491566
677420464
630475807
100004033736824
1636309443
506516992
1372467165
711743787
100000209660410
1264085956
1812110521
100003959891721
1017529958
100002551257143
100001894997514
1459640485
1480225700
542596074
100002229644785
1466509691
1183634926
1577937524
1343494124
1516475481
100002591222004
1274132630
508171736
1430202857
1665096577
1211349433
26205224
836163907
100003044001280
1047017467
1686823387
625945360
588066737
539203532
1706310613
1578842327
106800175
100002024868950
1090003845
100002038352182
795467276
100002320825784
1161109468
1846095964
100000272443246
1425103447
1798740645
611132342
1124700420
607351501
1157839622
1356334686
826109745
562153463
1553209576
1109567157
100002106092896
500021825
100000206791472
1238054211
1221010533
1184728240
100001133764670
591105874
1259358336
100000492945757
1432063881
1468823207
769480639
623295956
57802231
1182663321
100000781092880
537645777
1586580597
1228555883
1154711142
1424825573
1172290194
1259005733
720779934
505418058
682022605
505815876
1672547480
100001724326750
1283785891
1293930134
1448730830
54801494
1154013101
100001359317079
100006516690069
1577023578
100000575363071
100000328101191
100000427603352
1409016108
1514504201
506385996
1515751645
1270125847
1414300713
1839911570
1174010070
1238748291
100001053951831
100000062484497
1128381027
100001372631345
100000085816566
1004089086
1417906147
1173555782
100002504482955
1784570351
1009835125
1624845745
1760740754
100000148937627
100002505255367
100000032484010
100002435520717
100000192998439
1284178791
1334645436
540765163
596174501
1085608020
1291651270
1246803627
625568614
1396681357
1308856380
1602686165
100003465601457
1203036572
100001531686347
100003764379370
862990111
100003206257535
1222728116
100000345852228
1588964229
100000143087356
1410684306
100000251439408
1039314531
100002393345768
1552382864
1169058950
100000588789952
797479075
100001122274709
550124342
509121098
100004370682521
567166681
100000426566911
1780862500
756054811
1043091172
1041369036
751982793
801560006
1588179560
100002190773294
1014936814
100002081048696
547912494
636361937
100001532947589
1499554421
100003014746113
1301047905
100000270222413
100004081260904
758938557
1226412202
675061424
1444133560
100004020076269
100000487338295
100000672053525
1397530025
100004103843373
1580328389
1450899092
1736911950
1073930654
1447753637
1354576908
532242089
1630190769
1107858627
100000052972999
100000876081489
506277938
1428199687
1641022366
1269251019
100000023416440
673430050
685437135
1134607388
100001856696993
71100860
100000099938200
100000742688587
614922951
598180399
100000252560484
1621443577
1178895412
1389604011
1396074368
100001476296875
1073709245
1619977292
1395156302
100000194573296
100004854817412
1805263293
13702714
100000014195859
1589841546
100000564976348
1493816483
623148307
1329862159
100006186697794
619394577
1512324424
100001168374351
559147504
640541561
1250353779
1775402062
1640326811
1106037451
1787366557
1107625279
100000571892589
100001796497704
1505675640
1695057660
1497019188
1628990633
1796510137
1424349763
1317315319
100002171803448
509176027
1199375666
517195407
1617816582
646620601
100000193655251
100005727392711
1440901777
574590117
782043873
602254244
598715232
100001402607151
100000252282597
522250552
627941437
100004094808185
1368024064
1129963480
100000760391494
563135082
1426058128
1610321344
1319727533
1452002321
1374157119
679911433
100000268939538
1062952345
1616712637
100000945573095
1008846027
660400161
1206530113
1653385649
1094393792
1766428415
100002776227936
1619431903
1558745645
1166847611
100000199875420
1478834005
100003796037834
100003721187777
100001494710775
531811063
100002025914113
524760528
1223371784
100001997692860
100000307821685
543018959
1664927165
100001610860380
100004988741601
615836520
681501059
555101199
1004935191
100001456148465
1620969608
1257816989
100000130903743
1415560031
1468205271
100004638097843
1122390216
614014623
1682702324
1444193935
1626908388
854630310
1134766922
515255114
1013223611
1492018156
1450965415
100001666510700
100000143769713
1254526702
100001361729197
100001920786770
586478207
1031731835
1046770830
1011001149
773165396
100001111989118
100000041574657
649538327
100000354285914
100001260304949
100000169299409
100000701600163
1263466025
100000630405462
100000760593134
25515031
1133695421
100000558519697
1506235866
1614021173
100001147902288
100002637310860
1130582820
1804584982
1168292781
1544183959
774274174
100000617019872
11514580
1370383823
1769872905
1052238749
728083803
1473342963
1613694640
1498217307
1331896207
100004218013634
784274202
1476837242
792723817
1505496137
88200451
100000855456585
100002055615171
1409735231
1553646589
100000366662165
1534541871
504040695
1253291634
1711790615
1249708562
100002382554724
1394205122
100000690807581
1169870942
1310349607
100001842489242
641166966
100000504109709
100002159887361
1480498108
100000029786230
1171354127
845357759
1613002790
100000991334761
1504607348
1154731887
1446037647
100000114743705
100000634731412
100004610113813
1703552442
100000236610707
187500773
660587288
100000381941209
1521125964
100003305412340
1300410107
1428305865
1631202911
100002191253563
1495605296
1270011918
1539432249
594263503
633250677
100000375146798
1200166905
100000005710569
1123836355
1666159694
100002029002702
1220244153
1669121863
100000066665129
100004489243858
1601933114
509571456
38905567
100000752938346
760169044
594680246
672927649
1054214745
571875670
614473733
1295332999
100000250690931
549628089
100003605974176
1457861044
1781883893
1211562328
100000041372463
100003755600408
100000264015335
100000600698348
1699347008
673400323
1521820517
1592874937
100000527498616
1032660482
100000070895415
100001951481076
1070181814
584155996
1239446804
1675374856
727541510
100001494215927
1379917883
26711611
1454687798
100004194902219
1469322286
100001029891636
1039335544
16928621
1500660125
1562106928
1164662585
1462576558
1327827090
100003714700843
1555754743
727290890
641106763
100000003508577
100000007541595
100004009856032
1428938393
1170911172
1338472623
100001810786378
1135485285
1784977294
1107960964
100003988806446
1674825173
1225823987
1162063827
1198766948
783022242
24613945
100000223810532
1253495092
1031781333
1843524971
100000581486471
100002372812505
1396175533
1517501544
100001973753213
100001823544798
1196325623
100002404871978
100000755942686
1297590005
1488694182
100000280546977
1128320661
100001098281661
1045147623
100000793401460
100002366162735
100000677430388
100004215910902
100000199330912
511593299
100000399354654
1286373751
100000200798939
100003551356578
765485245
780756288
1549363021
1124775347
1078894907
100000273139261
1557889027
1107053252
604222619
1407916092
1186262950
1446333528
1126744670
1202732599
100001855152699
1210110631
100000881766894
100000307503113
100000768434295
717341789
100001016256525
1073707991
1636028821
1532523745
100000420373679
1169096829
1676852039
1287354250
1787633758
1167102769
1196242779
100001049659226
1827892367
1082690313
761558675
100001057471637
598924911
100000344537769
1609221460
100003832159451
1003933687
100000215115725
100000057286442
1264684284
715751069
100002047082430
100000361576087
100000772863788
100000076595495
1323792746
645685851
100001292432219
100001054444060
1070791997
1449161843
517528811
1127401963
1348398935
100003355985011
100000171639563
100000812374317
1522274120
198501945
1394111362
100000050082202
100001533740636
100000113001273
1046185474
735191255
1252064391
183401565
1007026894
1375690736
1553500319
767644514
636510173
1445012658
1451855228
100000223034382
719196604
1058286350
1579518701
100000157366669
100000717649950
1078563122
100000604038370
100001140283620
1145206346
1259295978
1372815139
1212186747
617148791
1411315030
100003052808132
1491396220
1605424059
1060759958
1486502055
100000254125310
100001352600003
1250499737
713903504
100004178615307
1039072395
1499088970
100000289572685
1675894456
500943608
107000464
100002446704200
100001035300780
1572656523
100000223958897
100000668995550
1611470379
58204958
1367755661
100002126725558
1787025884
1272547001
1845420618
664924488
541702665
100000247292237
100000128378312
669255850
100003474671271
1725974819
1528876050
100000119242882
1271242378
500385219
432398430148216
608408861
100001196038814
100002494443200
1303150740
1824941856
717335927
588876350
1026935704
522812402
1316763352
100000019246707
1212741120
100000028008685
1184089388
100000653259009
1232748035
683370924
1112906986
1129506380
1379850005
1322589962
100000051296794
100000734901646
1797278328
100001364814309
100000216424152
100000712360164
100002108933462
628372576
1279320127
1039946317
100004359004655
840421589
1069427223
501956824
1359427733
100001483874511
1403740300
1813925487
100003762420724
1633597896
1712204152
816361036
1038033460
100002752351906
100000445022661
100001048686978
1122441112
1157205145
1705278582
740820279
100000542288932
100000360918091
322238114537915
1100825747
1473741446
625324459
591510916
100000987096319
718519393
728393605
660117937
1675027477
100000152673360
841340117
623216026
1190053574
1432516080
606716049
1757791846
1128576346
132200375
100000181692364
1486993895
1157204239
615973650
681874366
1261201238
1312456784
503141256
181584045326656
1542845268
1006803801
1203606639
629667598
1011012440
640949824
620660629
1595444279
100002004852655
1472620819
100001738245172
674353184
763469971
604792970
100002275417284
100000888694196
1427981954
100000141045241
1333607167
559007323
690161328
1496867132
534537333
100000233911295
100002046787763
554205396
100004542371464
1406431003
100000066402066
1413164827
100000865289178
1598972147
1376910031
100003774803412
1023148812
100000847941554
652855154
503898342
100002256738667
514428802
1344381146
100001912461758
100000874472424
100000186066786
100001761652886
100001258512980
9327226
100001258793629
1804330787
100000706517323
100003930267413
181161142003273
100000227242264
100001277139987
1260951827
100003167834699
1378064150
505432215
1791341502
100001975248839
100001083934818
1150395636
100000658014718
100000179293149
100002400635710
1076167768
1294260498
1522293591
688240647
1301430135
1208682060
100000197288322
1065412130
100000173926943
100001337248071
100000648760790
582516919
1512930230
517557806
1176923829
1484663235
100004033773336
658097325
100000172397471
1042305571
100003154233907
100000746095944
100000937523972
1602711393
100003135545101
755832759
100004049986721
1825535504
575086987
100004578193906
1362447814
573210137
1219566749
1147807558
1612036865
785928622
100001076116773
1612387317
100000927623814
100003596261895
100002835164781
1333881064
586052412
836808447
1445247252
1715839655
100000294203550
1423776200
32311347
1485713963
179300222
1573046646
100000089725989
743657681
853839118
100000056501864
100000721547506
100000965230561
1201343548
100001556462473
755970290
100000105233672
1029818123
100000491176712
756076563
646672266
100000057443604
656031713
100000697951094
1495088892
1529893042
1657782382
665921022
1212201456
1249964107
1195933946
555728154
1585386390
100001828536629
1448872617
1850461148
603550127
100004610340679
1013361927
100003530833459
100000387011004
1188628202
1459763866
1065322922
100005188117949
1481251167
657269138
100000362254669
290743594283317
504176271
1413367956
817353286
100000488708759
1365465598
528224225
100000811151929
100002485896809
1822662752
599041649
1341470228
1497799831
100000088928137
709460527
100003184887375
100000280809357
1590421809
1359557538
1036868554
608244307
1342068431
640825563
100001771634600
1300750124
669558899
52704324
1065176495
502176229
702288342
1161362586
100003756270330
1429909181
1131747571
617040038
1497043814
612030879
533064325
100000865609564
1311378850
100003236311926
701902068
608463881
1104469992
100000070430917
100000252242757
1485643098
1430888609
1296015307
100000792376024
100001115098310
1216497254
707760850
628353143
1287718121
1112190280
17814025
1671663657
1075550646
100002400514515
100000095861875
1840257296
100000507731164
1785305289
1576183640
1187604812
1137224523
1023199335
1210770015
100000928108937
100004191877717
1485213356
1166593800
1054422013
1359701874
1355483166
730629316
100000257982012
100001050174922
1243801806
1837145405
1390599300
1136078406
100000189017927
1573687259
1486879241
1385140287
1051831086
1030507676
565711671
1136048997
803750522
100000872088526
1069328859
100002437519746
1603627060
100004186717820
100000224277402
721920235
1526197915
1243840187
1284594866
100000866644637
1196856415
725366340
1320648822
1186602849
1441863908
100000607913878
1534895015
1192951019
1434434519
100000323453312
100004121041280
100000288664695
100000742612649
100000759443760
1122093637
641634883
598850378
100000061636173
1275229239
100000069372832
100000137274484
100000226327292
100002265224630
1205058303
1160156587
1329357409
100002210469200
1631028200
691275743
507811916
100001036234825
685512530
1187569758
100800070
100001331894505
523913135
100000452783947
100004081583028
100000743466541
100001621923946
100000445377680
725441052
1443675098
1010532042
699350718
100003010264568
1027128841
100001339328684
775705385
100006654961724
1560050736
100002050657057
1191693119
91800125
100000273912904
100000081712521
100000386655249
503236375
1123220751
100000368081430
1101960114
100000751756582
603778282
1021717208
509059572
1485563477
1017564332
100001603458737
1379195305
616162735
1460216944
1216594981
1222575593
1445574849
566378785
626889122
1743121771
502146725
100000237020233
591258176
100003039896301
1304070011
1125846227
100000287312675
824380330
100007029240873
1376486407
100000071662209
100004601497426
1406117406
100000192505414
49604288
517367082
100000068715383
100001773820047
100003679584472
1578379082
100002181943011
1240007670
100002793883281
100001811337279
779735463
1158707072
1043788917
1266402074
1011486608
100000567669380
108800401
100001173845243
100000218900116
100003395855099
1536973748
713474609
827810467
100000104688911
100000428388856
1375740035
100001043256986
595376599
597085439
55503584
548984867
1117182682
1483461465
1450836755
100001317810488
1186950290
418177254861320
100000234343592
100000912236633
1461608542
579878749
1126746584
100000716970678
1289535975
507327864
1409553246
100003133027734
100000891624334
76801786
1232666125
616866335
1256959723
517042872
100001949451388
100000463674563
100000831862628
1162479046
725485723
1648862677
100000536413628
100000506998887
1005695731
1820995302
1392257926
680890088
100000400970218
39505962
43400557
1301515844
100003396976218
100000684217272
1840698960
731892288
100003787557789
509042070
1142149762
1775540705
836105496
1067036028
1135574784
1467011753
1039570734
515503617
100004557819916
100002058502229
23409409
551370441
100001696943107
646003643
573575521
500217903
1271815960
100001729369266
26207803
1804111824
1392570138
36612209
709501474
1660431499
1352556323
1575233428
1608686047
593829144
632503169
1448178419
1164388506
100000233535546
1036181568
1604492352
1337004188
100003867255751
100000093267005
1442280331
100002307988689
1660634875
1212358018
1255646087
584367340
100000760680007
1828544753
552923536
100000645725808
501741038
202500105
1678209992
1368695273
100000214083028
1300159202
100006813007213
206119759456252
1415078115
1297028511
100000302763110
100002632030576
1526702607
1265808420
100000459490427
100001855234422
619821840
617005060
100000521780855
1552519057
1413579909
100003526875605
612945583
786986457
100000434498823
100000035644104
100004552482559
1435271497
744215398
1004545013
1522035042
1415273692
1440038190
1167372773
1761307817
100000343901240
505299923
1244262778
100001266559529
1334979504
710015946
1805700549
100001325152811
849485506
1386645929
100000061391019
1355188347
100001905891115
100000118090549
100000103813619
1507254782
100002602974352
1037701062
1350721574
100000023254872
1285993236
1235796309
1556633294
1802368516
100000732379404
1430325377
507989489
100000539512314
542069129
1230541523
100001770462119
100003995536339
531087813
100000253906410
1322509037
1512244482
100000993146961
720925022
1264848930
100001946771085
683591770
509310253
100000509780531
1421733847
1455840012
100000981324037
100000862757971
100000550045198
100000131665324
642452544
1536717330
1441905229
100000274172666
587613420
100000432618842
827632248
100000548754066
1580871538
820628531
1633886965
1642792786
1507952662
1255239500
100000809584970
627903834
502897909
1103370067
1458279122
100000480736872
626518431
1065764826
869950229
553149738
551105853
100000299889656
899420715
1693886490
1553027118
100000005481686
1288876349
1394022554
1197940678
100000360094456
1568091325
1852035318
627908695
1348998028
1562250021
1551152323
1044497605
1217526879
577944691
1573554914
1779656444
1275737220
100000935301382
100003238655137
1229395017
100001592473589
100000205897616
100000067951468
1032026263
528066093
1127139575
100000465911514
712993829
100000368626745
1409546741
100001152937333
100002160755154
534095613
1020919374
765805159
100000994900437
1657361335
100003104649138
1386096010
1064305538
100000522055599
1743772431
1285670324
56701949
1633862676
100000208570098
1564626023
1649629380
100003444625618
1361614234
100001748632893
1220469528
571576176
1829546686
1303521193
1068751605
100000417849425
1535749418
100001389850110
1505444021
1229563439
1564175105
100000469342875
1046810069
1446976586
1166244373
1372211715
100001684348421
1073297883
500059653
1525668597
734498312
1122886453
1522235818
1138749698
100001305244065
1229740840
730050272
100001716086754
100002609280182
863890561
676005021
100000964667467
1471820637
100002489183422
1384348091
100000733885906
100000959975337
1583861704
563730146
1148582096
1224755752
1255272800
713899957
1502689872
1186610673
225700099
1156303534
1222568718
704272271
1678500331
100000083168337
697640983
100002340261794
100000327127790
100000951938155
738185124
643496533
1226793772
23106695
100000724696177
100000005618266
100001059355670
100000025931342
1008134747
100003203128701
100000375287855
1234447072
100000062754934
644936588
100004304975267
1527688160
1550709039
1393876439
1498394223
100001711256514
587543682
538853878
1683596494
1738915102
100000034093228
1568127253
1161841429
100000222983542
838659191
756704484
100002098918548
1111136486
714248786
561636414
686649014
809829446
100002193992607
100000927693867
1055173736
100000435047295
1767511749
1400637822
1499953693
100001998031055
100000357162512
100002271692710
148300164
10717861
1267638090
100000020301138
100000415704124
100004459483672
41507230
1038631606
100001024143269
100000842139077
100002521933813
100000461004304
1140642449
631911294
100002642029970
100000464885217
100000077913006
1147347985
100001598131140
683334549
100001276125653
1464215934
533254643
1209050688
1143400014
1246287874
1080651699
1365148198
1721140769
100001099897566
100000211565733
738407974
1682394252
1300281525
100000165451033
1409720187
1794204368
100000139802395
100000316657963
100003219517828
709715670
1282464869
832428349
720115703
747867386
100000408622034
1163723232
1317995880
1388493837
1350740131
1576114471
1210465226
100000148261179
702437394
609879575
1843026530
100004112911435
1103749012
574030261
650019946
100000208891636
583654735
506499064
639044741
1203052427
514256139
1379539438
100001041439462
100002679054135
1641341453
100004207208434
1233321072
1076215911
100000188281435
1240339674
100001560496649
100002137573512
100000442925988
1445952166
1238232857
100000096213297
1256421024
1592361742
515759875
740871048
746284856
1725123268
1014916192
1286288651
1066733579
730790663
100000749533665
100000897547658
1566950731
100003090811852
65000728
521145906
689256203
1199165822
1254116252
100003691630644
1530169176
1838597959
1404160190
536352515
1571256786
785157489
500939918
517114573
1197685436
100006464122392
100002120151232
100000244129755
1171897989
1204879958
523729623
100002463913004
1208688510
100001873906698
1432692258
100000319631817
100000655233672
100001566559386
100000780065489
1008363289
100003179967836
1136346241
1255470414
1112156428
1447805351
100000571002837
621687120
737322783
100004101231452
1192928998
100001654485231
38808604
100000024994309
1751245109
776495081
100003327203004
530567573
100003843942731
1703763780
100000148905217
642542969
100000226222284
1555375519
723171539
175245562488970
1547191310
1524562556
100000426230741
1395374047
1502748783
100000465343352
53402502
100000270197046
1561285154
100001115222091
1451503347
664339794
1347682253
100000036094093
1349437818
140300478
501692298
1429428779
100000022909441
100000331988164
1490790109
821128031
855950646
561042752
1285931933
39101098
739704935
1064212986
100003903949355
1207830547
1387188055
100000719360410
100000464830749
1170541628
1126749600
1554783571
100000006621318
1243140626
100000165283160
100002375876343
1148136624
1595720861
577113983
100001833753686
1104810919
100002167796261
1459099991
100001760262604
100001466880657
100000779043974
646562308
1648224066
1293312106
100001232160767
100000729645285
1757972481
1793898027
1657780552
1632255906
100000734778558
100001416358432
100000337345475
1185747431
651326172
100000146784369
1640149034
666556880
622462055
1118096951
1424839009
1629956151
100004122611138
100002186476130
100000246989503
100002256824210
1309170277
100001084132425
1091392295
100000961295418
49603011
100001545796341
100002398305351
667248982
708011067
1607221314
1469161325
1567570209
100004203871392
100000277861368
652002650
1482923583
538684461
100000987680694
100004225932387
699368677
1756170450
640411372
100000867767819
100003939799911
1604830218
48213012
100001920466473
527889681
1325197937
194400840
69404352
1157648358
100000498850555
100001400115589
100000665025317
100001079662426
12324049
100000196696723
1097695887
511320907
1219720507
100000221538003
1049437256
1488222362
100002274788030
100000784756987
1296977047
1805801645
100001411048835
1627418930
1158774403
100003167361464
100000707830339
1757022946
1795035285
1072869596
504381895
100000239310988
100000247006262
100001966218271
100000653163221
100000664067060
100000222649320
1254755744
588917471
1079321477
677449536
100001252613701
562782350
100000404264419
1385682095
100001221943855
700489654
1561107277
1219682776
1661123100
100000535691898
5003400
533099567
100003927393179
100000477482965
724093998
100001107082165
100001209532938
100000888724901
624426884
100001122572489
1605533250
100000184424211
1408376919
100000680825910
1241770989
1330228430
550059158
505912521
100001673775863
1574183738
1345759222
1368641587
1816669364
100003171161111
650415666
100000508387961
1628967105
1640794143
1408214581
1377379730
100004349862116
695175392
634264637
640766800
100000394348045
428959960546957
1271575995
38000129
1300064206
198601996
1817790306
1400550919
1667564939
100001500741289
35901105
629838111
100000281292364
1490029540
1556195114
1384448872
1328043626
765811453
711648842
1233396424
1442711024
100000240287880
509351330
1328974223
100000294284023
1539223078
1334251782
100001409799909
100001437313339
1176984426
100000497676230
1188036085
1512102316
100001125348811
1318148826
100000002524298
100000610318497
100004257849405
100000528554909
1782075786
100000296062605
1610793980
1811244488
100000887368004
556699965
1318134145
100000211458269
100004436731970
100000166650115
100000825756576
1141336059
1063534250
586578856
100000432175518
1072045948
100000552950715
514949823
100000010574225
100003704389859
1021380752
750095713
1071552580
100000162378479
100000603855622
100000033338437
1026473096
100001450876423
1677384648
1109149044
1022335833
563388712
100000400431245
1385784475
1609340224
1784045614
1414274206
1411221806
1757611931
100001545505973
1321434419
1112366519
100004138451880
1730678586
1354129340
1850624170
1240754916
100000346612770
1595885331
1458103200
1371783575
1371157405
100000405077486
829788339
100002236926870
760368318
100002045738003
100002784652609
100000404793786
1302046532
502878039
100000189635848
100000054212094
100001173197315
730041495
1808742588
63201506
1017788945
100003631640236
714295059
100001043552617
721520617
506350489
100001632044975
100000091278797
503441155
100003895555319
1086446239
1553934911
587253536
738292980
100000266127815
16727740
662615493
621348521
605239824
100000166332362
100000406322166
100001430720895
506225301
634846452
621068543
1543768046
1226021361
1528637081
100002850834799
1299150224
1202673218
562513503
1663865674
1543912728
100003732124816
100000442366785
100000067391286
100000471811696
1002877471
620892060
1253843505
100000158678496
541518633
562630920
100000198754511
100000147723618
1015988702
100000135575326
100000095304379
1377819414
100000031302450
100001241340361
1492998084
100000645721372
100000290690383
100000030064981
1267352728
100002795397556
100000321905859
100000808049018
557028892
1143882670
531928319
1671615659
597282071
636179947
1345217291
645562236
1185827638
100001289473229
683058265
692194810
100002440416636
721200537
1012652626
1290292765
519342986
533633484
100000200977357
1040080061
199105309
100000746463272
1264315123
1660430047
1346310791
838288970
1478654761
1840965690
1417661763
100001347289293
605614896
1801299733
100001004532095
100001622980515
1665834826
100000056626529
1594878283
100001884238747
1621571168
100001058624450
517594967
100000792785254
1110275196
1663196414
100000007551324
1079084851
1567631171
1483748865
100000010602466
510731273
562311071
773495594
100001955394526
530940260
1376892903
100002262437613
1326402985
1613595911
1378524294
542390562
100000094261481
746860668
8222889
769743916
1577834280
597720632
39302038
1601262358
1032867408
1735977034
100000964810283
700309175
100000601339741
1651244702
1502905637
100000490804007
1513920702
614523839
100000138044397
1505419115
1398129580
100003276861152
1613987372
1487274638
1478140790
100000007795834
1492290351
570034046
100001909985336
665990308
100001557928916
1556755113
100000874634471
519795298
1003405045
1034175070
745835096
44408963
65000596
100001172262042
100000674662467
1593594791
1140743499
100000006346380
1526040558
543652430
1222555378
1261470715
1301041274
100000711227246
100000120676572
100000335812946
1005863952
100003831876693
1693233592
210611297
100001507839686
100001595342603
1160685984
1347993196
592590972
100000943695270
100000733062481
1848275765
100000028084370
1009291474
100000553390249
100000517483175
600997034
100000953327862
100000682145532
1261647024
1415912786
1084586128
1644337404
100000276421045
100002312162025
100000714427469
1285102105
1334565180
673123565
100001136920309
722505153
100001464084307
100000067152440
1622888050
1343010985
606944420
1176990570
100000269835166
100000267046507
1207438350
1351587360
1675234914
100000393535278
100000459883461
728844672
1088088831
1010435746
100001327515479
100000484504391
1109133571
100002918753403
1680815223
100002105758667
100003516303678
45800727
100004594507644
509431560
100005034394568
100000636656587
1645333852
100001561262954
1289498443
100001221773596
1370810829
1216122958
1332739452
656373370
699809846
1426800482
100000469563522
1190480192
1814532016
651626034
100000560417616
667546372
1033765948
1550383185
100000955849924
100000478182567
100000550990423
1825340231
100000895471649
100000138601542
523407875
100000497016554
1417565014
100000991380536
1440404326
619495522
638375302
100000233859250
197421133708788
1460497036
100000024570752
194186437298639
1558020508
553126341
707405469
100000767978252
1541430031
581675982
1276143374
100001199880932
1480879951
100002602442284
1198020927
100000636873719
100000464578137
1583250026
1316270026
525891984
1263649118
1227857102
100000613225324
100001448407142
1287453625
1786561337
1672638718
500041724
1570285083
768277453
100003272118755
579076834
1368613788
100000349430953
670942347
1804689355
1746151092
100000738750808
100000008722721
500812273
1625926074
1643730917
1483441599
1525464592
1375202119
100003588554060
1490635710
692791954
1527777614
610661238
504251612
534334137
100002914574323
100000832472888
1242414656
1742502731
594532852
100004453689221
1605327595
572154078
100000981019366
1020503149
1313425470
1189413575
38706558
719846153
12422095
697944833
1596756108
1317019609
100000643816695
1507920256
100000067956084
100003820008382
100000270642065
1406119075
726091987
705767878
100000446608453
100000146987428
1112125149
100001219339183
542491045
544970771
100001768507545
1381672554
638341784
1572215470
1251853893
100001809418252
1238013943
600266007
1118284163
100004084098109
1013765352
100003128980397
553543855
634953861
1295436686
505068750
100000704778205
1818174126
100000889881677
1052071482
908780001
507170217
100001114419050
1630226142
100003676805987
698876337
1679261753
510052201
1224996705
100001348833104
697285526
1346422566
633880565
1007607249
100000454588195
16308850
516656352
58300046
100002699606559
1080716826
1282570863
100000098705212
1490104445
635819820
592906789
502605551
100001283527696
1449278659
1017866038
100004181976763
100001391271618
567996561
1064472895
100000266019871
100000133008082
1483948398
1026280415
1071127856
1261407888
100000185058092
1565551178
639590439
100000209505679
100001218359090
1354750004
575630343
1169621240
100000255352865
100002642105412
100000022440691
100000616178695
734860681
521435870
1361518902
618644007
100000361264594
100000149810193
1490261626
1329450732
161592990715114
100002145138975
100000676213303
100002373212690
666232826
1082193402
558951858
1085785559
1348727506
759983848
1622025386
100000755818873
1528214945
801435614
100000714186116
100000592385467
1652443092
1505799471
1053134150
1125594389
100000011350248
1595290168
100002583013352
100003236282943
100000282945625
802519308
1626251313
100003869025953
1660553643
154300358
1175100043
528258807
1500274507
100002573680792
100000486499319
11102744
741913553
1143907302
1504454227
1174361754
1597893509
100001752358868
100003040930496
1543620033
1336654575
503147859
100000905324795
100001810545876
500077687
100000674948190
100004293670128
100000206497213
1560623635
1418167097
100000203292557
745000172
100001969905426
100001487780852
1134673625
100001597128528
284475561614420
1272767115
1018448312
1450983379
1618025145
783795829
100001674901052
737961180
546220356
100003345799596
1271363486
1296791184
1552216676
516873859
100000094514880
1228778488
1568864336
100000005022969
1105301702
100001309028576
1200518351
100000664298847
548005997
100000503790350
1438244506
1303540999
1087592499
1612897867
1246892690
1825637707
100001753045752
100000963670983
576978738
1471016927
171800137
1660851628
1360946433
552783449
59510197
1215495994
787954201
1723204138
1462163318
100000401307155
1426123426
59103011
100000034124982
780775190
508126918
838475293
100003616867409
100000385614668
515836380
100000474917546
823922557
1039309235
1384523346
100000258630936
509262942
100000536263429
1229735938
1099670144
524007018
1234121789
100001103745305
502227451
100000130262301
774204231
1500930668
519877185
1465990957
100003089145532
100000426422568
1292331507
100000663661349
1837817104
1661557644
1822922329
1218904992
756224671
100000968280543
100000502155669
100001684660423
1384496903
381493215318781
1456086803
1251577109
100001693665763
1367413836
34301141
1595156994
509653211
1471425481
644406577
1055322933
1072004197
1450667546
100000295159725
1603427616
1111364228
1220186365
100000389813379
100000278675990
542295827
1205763249
100000048297970
1528216985
100003905249028
1373179975
512735045
763819914
100002722664597
100000692443992
1554723325
1129510428
100000022532558
100003950920151
1409382258
100000771914518
100000348862994
100003548061911
1425434264
781083041
100001196773770
1640019133
1124821097
708821299
1410948015
683243519
837399571
100002633453425
1375091726
1612472626
521220897
1328989209
100000365199975
100000115549756
100000288309200
506989624
1160923815
1181205420
1376232784
100002118388653
1356125053
297953390310653
1103122727
1645789871
100001007996567
100001265281781
1222001270
714997903
846474753
100004334734396
1558568478
1196628210
1214689458
100000111245808
1107708560
1328502427
100002165721233
513207154
1396654863
30410331
620384651
100000207955981
1388328652
717937957
566122353
1589558529
100000115955613
1683115580
735345179
100001282760323
100002302637857
1826239221
100002537072724
100000452041298
553440502
100000224936486
1683877020
100000939857595
100000996242513
100001141442646
23424134
512360974
1091892333
100002123340995
729950802
675761858
100000575091592
1603837142
1183545687
1421827954
100003661660855
100000650750564
1484984578
1625392306
1522187391
100000273555833
711581849
1365084089
1321224122
100001839523308
100000020588722
518365090
1222203825
1384200059
100000455666356
568060545
100000550441396
516387738
22406219
1484498358
100003094085993
604608161
100000913168124
100002014364412
1115750883
100000071764199
1391582907
553373481
100003368470673
1239265046
663596094
100001289612761
663361640
100003708388303
100000424215428
696643081
100003196554141
675838735
1270040808
1057480979
680218130
100000155893099
607287376
1624123131
550992676
1609050145
1500585999
601996290
1358164422
1086115686
1409895159
732562603
100001682762102
100002524489615
1159055884
100002008672044
100002126093593
1100814300
1645767257
1367484129
100000747679660
100000242300113
5020135
100002393135239
621520291
100004166261386
100003725413505
504690281
1705772330
685803383
500687037
508273166
1462043553
1686896219
100004802221513
100000414561433
721140292
1603566888
100000466403018
100000807638403
580555492
100002165773365
1555145992
13926981
100002207897540
1458510494
1076617314
100003834492066
100000449122374
100001259090656
1266049169
212400455
596116699
1588366832
100002050005688
1412817723
100001900692680
100001364771496
1382301397
100001910298745
1584043248
771244281
100004232821745
100004407250959
100000398490225
100001985846022
1572996345
586972563
100004533366534
1703870829
100001043095062
1070560115
1189665222
1444808175
100002115232769
500992497
1061389332
622016218
1524021725
100000183122137
100000173891217
1647967772
502323251
100000527422804
1083600201
1491644119
778629534
535612891
1581216294
1055720304
100002409507496
100000715714170
100001254227402
1268491568
1411060844
1425551809
100001859998108
100001519006220
1532748393
1187501486
761113746
100000654160644
71303814
1242054954
1428982756
745719087
1556911345
744858316
1573442594
1162732951
100000032418334
1209946776
1346134011
837017331
100000479629238
582745861
1428363445
1508625655
1213899496
100000032706154
100000279091093
1412642097
51701325
794062234
100000596348623
518985735
100000115014231
100000047094682
1163222751
1216797572
100000426995775
1474467038
1230963946
100000162607095
1495765186
686923123
100001481841779
100000885400572
100000133602613
1396927849
100000715178394
534701065
100001851703681
1398724660
100001189334471
1397076427
100000739837540
100000438847205
100001531613281
100004191155179
1729165597
100000707307008
100002263189843
1369992070
63302198
833408321
100000420151615
1620707404
1519523142
774964812
1428305972
553624273
689379074
100000767620254
1009436395
559677163
615081021
1335368483
1119600103
1612292287
100003898692928
1570530076
100000643604067
1221000399
100000884302844
1156237651
718460043
741260405
100002246638076
100002138845361
100001809622826
807002817
100000122216102
1421803771
100001079814973
1557722595
1072603562
100001994537307
674613412
1304209807
558461192
1516492650
100003176242470
154300937
669012284
1466237040
100000382821728
100001266385046
1486862224
567370158
100001628373578
1038456077
789980112
1304246519
1424275109
100000119252285
607319115
1264420570
100003069664859
100003916800347
1804760748
26004674
501774800
1553583648
1640247755
100000560902732
100000339735115
100002103768200
663471865
100000147957989
1000415609
100000121556438
100002617372262
728866713
502345725
1086786441
677031277
100001787480782
100002723285797
1489452366
829438565
501979554
1447659959
803194487
100001710648955
1214713887
1162350934
213602307
664748772
1036299043
100000453633892
100004050384490
100000743042163
1099822285
1550626673
516714640
100000241254994
1206983592
100001312973134
100000013717108
1354713898
100001986133498
589569071
100000259738297
1386053857
1420171997
810010532
100000524449408
1176118387
100000911191213
1477665085
1698870999
1660787360
1396047182
100004337670201
1168174795
1402826423
1112568184
1005812593
1186634537
100003300494817
856034292
620591366
1134101569
100000144802079
100000989531962
13901258
1191013451
100000741723799
100000609691563
1385152127
892470383
1467386901
585719613
735976768
1110716235
100002932915675
1039493568
100001283396323
508778917
100000580920031
1627626557
1109299081
1603727584
678526356
100001810064510
100000039755936
100000596878377
1480933964
1010150927
1648694624
502248204
100000453245176
100002951100279
1266244875
1666061531
57505994
100000393497871
100000198238066
100000046604478
100000000631779
100001028165894
100000080960444
580024026
1415554787
100002481054503
100000597783554
1042484270
1345825446
1585823431
1317387648
100000782833052
1527412032
1275660232
100002457419091
1434855069
753645559
606865467
100004158578307
1400542063
1197637073
100000418672779
1170139992
507692841
100000796743134
1015314710
1807682600
1622629601
100000792440079
1582395682
1198087690
100001945675289
1406744006
100000128556776
615002574
1057867778
681398769
100000567913323
1801054088
1501416683
100000765505459
100001592865883
680216925
1077850550
1214181501
100001617705568
1668199243
100000019124485
100000794911215
135500940
1038401777
1034116979
740476024
826906701
753335923
1658311767
1177290894
642550119
1566172909
1161466339
1396897872
1418492902
100000951343199
1823763237
100000840026512
1416616652
1702623132
100003658581451
1413742066
100004097647194
100000175992182
100000848122929
1556949963
735718177
1025546693
1332247544
1641750519
1402791059
793529549
1732621902
100001294186625
100001647268695
624257938
1327896963
614160362
100001628315326
1848764070
1552921057
1347665781
1768235739
1481863866
1325262897
1008447008
1346946822
100001322334973
100000029018887
100000523126507
1648465775
100001613315928
1021137121
100002007802092
1161909885
1148464688
1641246368
211203185
668351829
100001612862971
715193600
1719241577
100001942415105
1050901676
1582211345
1744381102
100001016022175
1576890617
100001024973852
1454293470
1632326499
1206726146
1845781859
100003901152077
100000572092548
10141070
576971625
100001943754383
100000850190344
100003254726446
1357697336
100003299012642
6821934
1410133885
1561940712
100000514385144
1633959583
687473255
585475391
1547151436
763132111
617576358
1578078624
1026481428
100000620410022
100001706709982
559126061
1276438195
1432393878
100000037433427
1793232852
542999881
100001409209241
1556436010
501398556
1115217160
1686851381
653402929
1262257538
100000747240853
1381011611
100000728533186
763605502
1165824866
1494458801
100002014124328
848435690
1395579162
500498610
100000465514720
1327853988
100000429746301
1113902779
661604467
698878111
100001451750943
100000279494594
1471233756
1430748482
100000329008264
1269006140
504331866
100001837025755
735629078
171600708
569012337
100000132946708
100000565415707
556621761
100001822613757
572411418
1330083879
1415730692
658811080
1192125963
1169102329
1358451122
100000359880317
760855095
100002761161798
100002329921741
100000867972698
1128200110
1653673048
1617008095
100000187884376
611794240
1507223036
542556657
1010152425
1809027692
1585655051
100000686416398
1280754461
100000027486411
1280258180
1502618089
100000455478950
1246045845
540713726
100000573770436
100000360201735
1269211974
1486093937
1212076722
100000164267952
100004088714448
1680731187
742358334
100000002195229
711240563
1204843166
100000791312892
100000675763472
100000587391798
1100404981
100000252427493
1675901902
578197443
746806200
1823564975
100000569951226
100002411554573
100002142198675
1168631578
1632591637
100001025764905
1513443691
1079126572
855500004
747910015
516145848
100000064309303
47201305
1674392150
674685912
100004372682241
539263518
726705508
511707220
1253730083
507169976
100000904353352
100003343486717
1572981775
100000227737099
100003327643864
100000100360439
664554063
100000215286869
100003196495250
1233108602
100000649144040
507131823
100000888477107
1331663432
1740343414
1593340336
1129778513
100004661467716
1473399289
100000421700816
100000378810428
1578114616
1273924069
517714247
1090146256
1057070381
1172357283
25404546
162900861
1281401834
1325224410
509062381
1771071706
100000056484503
646547302
100004290995355
1566532469
100000810154276
100000528333709
508010930
1154778413
572012991
1603391895
124801100
100000144877730
1362730340
624899064
734512378
100004370134366
1200538150
100002996707950
1505355700
100001948039111
1789712206
1575941787
533522758
100000233737319
534099459
100000850257724
1144345559
551356735
100001725178178
100000526885418
100000038717850
841135450
597150763
652865896
1201825880
628515389
100004210775012
503943498
1441277487
100000060126310
100000115283602
100001545801900
750647533
1632613542
1209247091
100000755666329
1144211301
1421943189
842209444
100003608419165
1649434969
552393721
1400360358
1208056594
1449150159
100001211624131
100000754801246
100000905244268
589128157
814205610
1800543127
560271072
1306312593
100000243764024
100000154354482
1129773563
1579254890
1745518093
1133643705
100002759831654
1223222283
705252304
1362161352
577427503
1194411993
527055286
1834408505
100002663927307
1138656529
1095181037
1491503309
100004284337551
100000924760627
100003627306333
1309581756
100000209698538
1009901488
100000158214122
100000481994081
25404151
714425454
1423475469
1077604214
754142138
100000182806436
100000066826376
1609161100
731635547
47506441
1037581748
1627008111
1398942486
577537823
100000166320680
670577494
100000404230213
1289348856
100002183165920
1335864736
100001028576491
1432653094
1630553805
100004496077063
100004214972070
100001396824483
100000646597573
614504749
100000788687244
600172339
508436859
612945244
617560443
100000025051709
1709723288
1367196524
1294671616
215905899
725410121
1229216990
1267424189
1303809449
1596646823
1368425962
1019994151
1103058951
100000255676681
515682267
100000724650944
100000575544115
1015545442
100002003065195
1265752913
1435141523
100001057096781
587300538
1367408506
1148473796
1463042822
1286123957
100003888958495
1813202529
1284177902
562965004
1513350220
1317454474
100002580298317
680767178
523511833
1193166293
1363647873
1247431145
1542640532
100003764053187
100000085014766
100001489461688
851464235
100003631586245
1783938995
1136965351
1565672092
1811014721
1559776020
100000080800182
1368533823
100000487959013
583455736
100000464761452
728117776
100001160000732
100000531919571
100000364415535
1274340904
1295728180
1681306105
502694276
100000272457234
692375404
100000119005254
553415964
209200110
855670607
719515597
545983462
1677085803
100000223911305
100000037267956
1820956926
100000465062711
577740290
1779478433
100000502954088
666133898
517539127
100000912986768
1624566513
1426094233
100003031835113
100000181508272
646858576
100004552353137
1218404965
100002540171910
1084939885
100000924500757
1501837923
100003118617547
1101792394
1220973415
100001427838896
100001148973035
652618863
1476713622
100001788083624
1581393659
100002224261062
60302467
1036314151
100000084860817
1566330974
705674971
100003024861841
1411789370
1531332199
100004416930614
184906547
660162367
1479800920
1731499114
19909100
100000138576584
1272733219
100003767710768
100000155057803
550668279
666709772
100000716122732
1193911291
100000221590437
1386463217
1450346191
100000026407615
1185643528
1633473685
846230316
1343725927
1427240201
1204610321
100000175157680
1477702944
1432969426
1769067709
100003908683993
645502873
100000837069097
1069016670
1329011409
718298021
100000847352628
597658585
1106830048
1485414531
1402424163
100000055138459
1529800954
1618976306
100000309402407
100000768742659
100000074631895
1107441455
100004358742941
1608021038
100001883202837
1239370458
100000744287106
583825416
100000727372728
1185911689
1383609541
100000201664606
100000118045496
1118007499
100000251571666
100004486714301
1378740892
100000074180278
100000999732218
760279791
515039950
100001529370018
100000689217344
1491918550
544977134
648129112
100000303544338
1300819995
1143591284
1149922433
100002059888894
1378604108
100000511780918
598228134
1362741823
685342012
620902121
1340052833
1341853254
100002075827831
100001030842597
100000135379262
1439495912
584726781
1304817413
100000862526976
1296984558
1224516441
1042796147
1151555616
1227241891
714255696
1105640790
500071476
1028539809
100000245424814
1436813088
1447043979
100000225485841
619180312
665044177
18415029
613810021
748378499
1227890418
100000355187114
1118914389
1224164163
100000206315490
553220410
100000505507882
749786116
1503420008
100000206407390
670299765
100003239291070
100001820251460
1775178258
100000056286808
589056194
1673439607
100000025354929
1024126799
1030190428
1611415390
100004619641827
106149696211760
816388746
1456050632
100000265413271
100001428960423
533459375
100000315734673
1389405680
567190775
674069364
501446473
635692336
540758078
1510188050
1534486420
611639843
1126785645
1148910605
100001208305147
100000375397714
1069971731
1403742690
100002969287696
26107810
1038262760
100002485444409
646981409
1690105823
100000881741169
100002418795169
679805093
1209664431
100003749372202
756830244
100001919407245
1612201335
692559153
801790064
1306000336
1480209613
100001515708059
100000071843876
1303146763
100000205345925
100000390183097
1524290141
703910153
507819473
1262932207
1303434683
100001629271873
100000693725671
1797489702
1407531772
731260742
587921087
1485770140
547616252
100000940270075
100000407616403
625556683
100001257012337
697825949
100002954749616
100001167087981
100000868105058
100000522368618
100002709829404
756438509
100000557851081
100000203588969
1830828360
1305390103
100002368655476
100000001035229
100000051133934
100000700302912
1815409258
1587169704
100000214526511
161537093913689
100000075515231
160704400795707
100000595171886
1213234236
1260203460
1025679064
1373569687
816814804
1247372604
785269320
100004421196670
1011244353
694776185
1176964129
1245800926
100000351170802
1208668683
100002077812931
100000817668689
100000898950375
559889704
1226158581
584043201
1520417428
1606382548
647399086
1158005950
1662977293
1660867504
100000605943856
100000533887183
505780162
677195199
1366936293
1006004784
1073064343
1529220698
605246269
100000877098032
1311587759
100000460587324
543430628
1356211738
557581421
1211647502
1150061708
633927744
100000232094922
100000797239094
1411698839
100000637495086
519834457
1671046616
158800339
1044453100
1638291490
1244687031
1409856713
1216088442
1786248784
788633297
100000182258956
100000331815570
100001791682025
100003525199240
1578034223
100000478084195
1530846115
671652226
1438575185
1023750612
54200376
1180702630
1631525001
1245718332
1473504469
1842166048
1332386660
100002343208108
575319193
692304153
1522917832
1610363003
100003340487843
100004524636157
100000463883495
100001764545324
1087227113
100004278844542
100001637310797
100000661202704
1299853403
596058457
1224383731
1368241401
100004321056398
507601544
100000918844330
1526054125
1294533658
691912192
100000155116085
1225961435
100000226662675
1429097946
1052993328
1202569361
1267073635
1849520040
1168488066
100001933975710
33407809
1497154119
717913209
100001328047474
1833769136
1544070947
1461645690
100002098689931
508299471
100000680752911
576899900
1407866106
883150789
1576906728
1244871905
100004158483528
100000027302296
1449270119
1143336762
100003645052222
715486509
100001742720101
1756972749
100000636715746
605326992
100000232176038
100000117361010
1331780121
1551305686
1232617515
599285493
100001621446925
612220992
100000387516536
616697395
100005595250605
1500979539
1629284550
100000008989251
100000798412629
100001243634958
1387606202
1352345428
1044134355
1536090608
100000707932940
100001404703838
40800704
1430752289
100000274127906
1344704613
100000213080297
100001670925562
1417565061
100001721600130
1417241100
1381486667
100000485567472
100000008123138
100000826389014
100000454711784
100002424447789
1010834021
674503892
1530013757
1217341849
100004288532762
100000395906822
1013386060
687575897
100002560151914
1567565269
1087327208
1082941524
663196153
1720467517
1260998443
1469924224
1281701695
1222040024
100000431652395
645861856
1427735255
777857021
100000015341831
767592149
1443750616
100000265430394
1009862407
1291287057
1328850855
1479898070
100000647764903
1469698558
1381189520
100001021057184
1779593967
1363224262
100000273107478
508609684
100002375434589
100002147952315
1476364757
1366446784
100001634432562
1609190529
1007197380
586918658
1354567105
100002724845363
100001579634659
823850639
100004643257084
1694893271
99000697
100000380493343
1172166025
1064229585
100001345506133
1087491099
100000867130602
1534222660
100000851340943
100001037175044
1317823374
1145490979
100000051712884
1383234109
646273183
100000123868464
1474657125
100000019094850
657301969
1148526964
1463542076
100000396442161
100001837095820
100000084084487
1224587650
1236161472
611287625
100002903361375
100001412004784
1440693738
100001222044197
594139510
100002873573606
513431862
100002262036706
508405723
100000387747989
100005940882391
1333826874
1683186511
1064144568
559385106
100002353476207
1296197664
760864082
100000087606123
592539316
1456847412
578071942
698656693
1432756908
100000212893827
100003486434557
100000585386548
1406027356
100001571806378
100002273943738
1234465213
506529959
100002529994225
559035340
100000498177199
1635729549
17208185
1105508554
1333134979
1294417986
673448619
1407060614
1225193918
100000516930537
1152622949
100000974820354
1102150842
100001760838785
100001028967014
1424139711
695794584
740404739
677762958
1187732267
100002878282481
1428030022
740095343
1575649867
1608739851
707887047
100000493521905
519860638
100002739245405
100001452307780
74502038
100003726985429
1639117963
100001415076439
100003967337029
58218913
100000269744673
100000476971631
100000013206405
1434992437
1084864057
622606319
100003047498803
696317896
1175896369
100000377822706
100001683383180
1092861011
100000168853975
100000326927145
1405912125
1000016024
1386592847
100000061431042
1551181022
100002684705887
1300800072
1429825038
100001402471500
1601451171
1823807375
1570997188
100001022074990
1095570042
100000731486228
100002189223228
1272864901
100001791960208
670878170
565570685
1656683744
720795314
100000038341656
1551424786
100000185764402
100000164351799
1150934882
1233027573
682132741
1452633370
1761957727
100000680429117
100001097834868
100002804104818
1391966809
766560393
831869081
552905675
1301281130
720185599
100003010755651
1564234664
715822898
506423929
716074982
1426381503
100002621788624
1764776707
1457087895
1509515679
100001275042737
100001757921403
100003787465165
1009172895
704470292
165178780349105
1408143127
100000565965304
1319947440
1489097795
100003276450621
1334040987
729905292
100003185905620
705219335
32100506
1328445752
100001729271447
1235004436
1651667617
1319926787
1642878068
100000396621538
100000695341972
1147818496
1263675839
1075503440
100000386148801
3624262
1464471083
100000945163680
100004205822428
1037538016
100003267977495
1609268839
554670515
100001832875641
100000246055469
727526170
1204970238
1161803846
1788491604
1582266547
540985689
1810103784
867665450
725355246
1409601122
1397602946
1482920865
1568357583
1014255300
100000353704692
1115605713
1313994286
1379828472
100000209620634
1739188611
1107318896
1224296585
625652858
502731255
100000252260401
100001902708634
1615225281
1355760175
1108398407
100001091886787
555961056
305500387
1722115786
100000444953432
100000361461989
52200101
100000084574737
100001244263062
100000226663805
1219413138
100000484408237
1051801616
100000251594925
1811843220
593409399
58400483
1233624807
501374630
1472496310
613673209
100000123513670
100001206791939
1501420487
1080952561
774384125
22100283
1216393821
100000787734341
506715001
1081333378
745282695
100000479680461
100000506803128
1310359526
501644809
100000142968755
689325618
100003081351841
100001962457447
1397715783
1418313275
1263201690
872305499
1609418026
1033236169
100001381347514
100003334592296
1824698816
100000380368207
654984013
1419086914
100000730374146
504888367
100000700167944
1553763695
1130664589
1401174850
516562011
100001436265542
1840427334
675412575
1268613160
1423200316
1005186624
100000650545531
100003160502278
100001289420898
100000242268689
1574688014
100002500313009
1779774570
100000402657879
1484461663
1138173116
750012082
100000829256853
1648969563
1157397270
568029539
100004113123439
100002984755132
1575313114
100001401747326
100000214968388
100001554016992
100000110791643
100000878967319
1804297039
13964531
1011547668
1541565715
1412080219
1538340953
100000589959275
100000228027433
516165853
1127166064
62007822
100003853278003
1267620885
100000211998270
100002130734926
546643026
1609043032
1047984344
629216577101433
691149579
100001857406030
630090640
548577630
528023644
100000352050287
100000830089427
1793021028
1820327924
1556110103
100000230133388
100000559214875
535485511
20710587
1285932192
707491173
504631031
100000515646323
1331061461
100000350689486
732980551
1417825520
1444172398
100000428915161
583511518
100000093585245
508134727
730672152
1321429468
1068613343
1593945258
1357309778
787702593
630036051
1501622443
1576243896
73302961
1123786964
1436672527
100000872422473
1229584826
100001326609264
1660353033
1115594372
1525301981
1107434973
100002018281164
699025816
1546785311
1522795053
100004083036954
100000647973818
1510981475
700901590
647759840
100001827764432
1442350101
100000833746029
569352539
100001137732421
1172912391
100000602295889
100001541050251
100000711198427
507221906
1579824080
502932325
1081870493
1304980294
1378399906
100003193217307
100002263099655
811735104
1440182148
658443920
636582086
66801089
1301095632
100000064057202
100004388079914
1020090014
100002318353979
1107575880
637157077
1612801134
713180710
193310293
1449053308
100000646269500
1419678470
100000181962489
1662947214
1186350468
42213000
1190610200
1466228319
1266896494
100002992112197
1039270596
1059872361
1161933611
999991650
598137309
5259198
100003519939963
536247968
720760676
100000067459640
1446154777
1596146909
1019953638
100000045833602
1709130429
1184727814
641291718
1840893294
100001528207960
509353034
1057895040
851640283
1638515986
1472063957
1411753579
1691003730
1789143210
100002551013423
100001346237847
618805146
622729128
1026613935
1364980300
613472404
1228111051
1032067009
100005554360419
1382616774
100000686677608
100001518946134
1801967811
1518332699
100000072864753
1805382932
1243479429
1400072463
1531422953
100000585406225
100000419842036
100001663380181
100002004024099
100000086450397
1436986622
1632796161
100000430542860
100000480787266
100002668660233
595778202
100000112704989
1013276789
1720315884
1122222999
100000952970500
1064374311
1513016134
1193257731
778085743
100000151763330
100000751254231
789014095
100001585781972
10014536
100001031004677
664876656
100003099291104
100003170550319
706720717
1676792077
100000718057520
100000187295057
100001734398159
1837987565
100000515319225
100000087740471
1445862019
100000371221409
1182171135
1309503221
1279934610
508182264
1081779242
100002672932415
1758707518
1326932264
1049443512
536620591
43402390
1393261104
732416264
100001077707463
100001806562014
1349590853
100002111702278
1225064731
1677976474
100001349539419
100000976548787
1150601759
1276450037
100000254586586
1422810057
1556970006
100001113944168
1569244791
1186266132
1589356946
1488586804
1506251174
1234203758
1009103237
1082766526
682940820
510968266
1668312495
525732541
1096674203
1108119936
673775371
100000830662931
100000185739426
808102481
1391409168
604859035
1038663420
1412049443
100000082353304
1652318823
100000420877663
1548153413
100001238338402
1302474948
1517596952
1530008361
100000091313842
100000794809403
1618770479
1303361860
1086703484
1150192882
100002241666014
1679858096
100003853592110
1371664769
1644976018
1439880598
659244185
100002354297972
790823694
100000122145031
1374991861
100000647960189
1002845584
1517463834
5727498
1130133985
100004044798951
1594770515
100000239888064
100000380660749
1315927169
837115231
100001685030187
1850788169
1545748040
100002092484420
1365117640
1203170465
100000958638149
100001257206456
687907571
1600763130
100001487173209
100001907523757
100001232958523
100001643404707
1061960987
1170967933
100001112181404
1385664478
100000403705219
1312395617
100000598965016
776939588
100001207030532
100002394271465
100002923045881
791180789
1503487411
1657927998
717198124
1334478256
1478220902
1800823433
552247159
100000177042112
677807639
1487330807
616176222
646840507
1360914991
100001357080785
696846778
100002029826646
100000047714354
1695472853
1433712179
100000829746270
1045562898
100001238516282
100001071556759
1555017191
507013654
702765014
100002313116524
100000152623932
1361544313
100000138535470
501899684
1566679307
1037434524
1249473805
1666826858
100001001901357
1388528924
100001443493929
622686562
1406296489
527328871
100000841905114
100000507073997
100002075426899
100000365055771
100000183579800
100000925074522
1048071875
100000372182872
1388048606
1208728325
1616760482
1795141763
1419602813
752641163
100000774615918
1633202603
660363498
1326196937
670425351
100004175677138
632394817
1634333605
100000514190433
100000428118796
501037259
100006011653411
1468318549
1141140999
100003083458874
100000411457626
100000551142884
1472913995
1716286317
1589418204
1297405950
100000971424971
100003017623092
1097347938
1286930707
509641079
1079434697
1103090530
100000605064555
1466866624
1369542793
655031077
100000510330157
100001341138605
541222773
1231287140
787708757
1305796473
639038645
1075735581
1363907739
584493498
785630127
100000078448099
1509802652
703146422
100002595033638
1556192807
787129125
100000214692038
1372840648
1472016273
1767743606
541008659
100000199394339
1610150003
1419498197
1332699893
1223674891
588390213
100001122824757
1662265497
779751966
100000162426324
1598988021
1231136581
1274133546
100002818981303
100001871472224
1029260158
1067318250
748656031
1353350601
100000901217208
1360992241
100000937481154
68122377
100001254370593
1503063760
535524568
745076153
1394558958
1204854743
100000322254403
841630213
1416859867
536414631
1136451616
100000171150655
1477391436
744956078
100000079743740
659223975
100002907281676
100000737451288
1366966616
100000275245510
735422526
100000143905113
758345183
564076238
509307017
100000132334100
746795072
100001341086607
1816851149
1039667247
800205323
45901782
100002843371830
100001624594241
100000734577152
547680983
1573658504
100000205837439
100000730966124
1281092515
100001066602336
100000473993777
783561449
100000027138906
100003825620596
100000699482521
100000003591605
1425794261
535010182
1814532774
1057313844
1720516016
100002207118958
1327254211
727411350
100000644323967
717432304
1732329557
100000707974874
616747138
1568449306
1298526280
1415856188
1684029207
1412265737
754325554
706410685
1029048489
1536254944
577101482
100004361825227
100001198831732
1234309481
100002351016781
100001460862784
1415687254
1343995844
100000585309727
100000659265049
790074111
685685170
100000412544847
1183460120
100000587456242
100000259170936
631132137
724487308
638935889
1387198265
1528172633
100000071040319
560776502
100000165552363
100004022730364
574065631
100002926142926
100000166307770
100000547245461
1469695672
678003281
100000661304555
1372132244
100000114674399
1341183742
100001997739715
100000146088966
563210233
1701663745
534373522
100003054290195
27612113
100000806635412
1427539959
573081936
100000229938323
100000701525006
1364076998
100000082872945
100000545035497
33100894
100002409856653
504469084
100004066772343
1669549741
100002251697537
1619322107
592998981
100000332460041
1382282533
100000103419081
1848855948
558543431
100001368212319
100001037227819
523192314
100004723685631
542342108
902845452
100002715064249
1104279186
1384200816
1048870557
100002821099237
100002890124458
1246431161
724385543
1435159341
100000495091516
100003012154140
508811263
517500111
100001072912853
154301244
100000063080323
701761835
788497428
1569935214
1623654680
1535983136
1202646776
100000426313658
1773862714
1279930713
100001528434992
1500341045
1282255874
588493995
100001393105770
1690960227
1108026286
1160452510
717263576
749262644
100003113269939
100000180487094
100002372801104
5509330
602718976
1491525697
100001040360712
100000337950043
100000287517532
1016568006
1193525583
3308169
100003614860574
695181498
100001835634472
100003615577061
898560363
600551000
695221832
1036524290
1091694217
100002285566205
1528998433
1413707102
100001624557405
1510177775
100000906776414
1390150835
100001362542234
100000677075173
100000621692365
100000531731430
1044705748
100000188439133
100001518012177
100001633076916
538038758
658210538
100000061138406
100000912312842
618920611
1705155027
1431893542
100003537467532
1583643873
1670598560
507729713
1050127079
1112817358
100001386505739
12613645
1334422055
100000909686030
1201976072
100000258515965
733831242
1151130083
100002017080974
100000748707200
1440974553
1130302555
100000557441196
1565405101
1523822044
678652083
506263436
736522142
100000140037620
524086748
100004201782693
100000625687605
1103112624
1442854585
1400491842
11612041
1065756173
100002862118708
1069829247
1549636893
511363022
100004058410754
1446986206
1042991172
1568096489
100002271362603
741190427
100003549858099
744260181
100004382253780
45801660
513943724
1311500502
817000454
1478132101
1259425895
100000428612327
625026351
1337366443
513522058
100000590808088
1638796256
575924920
1219410379
100002621190652
516853807
100000289009624
1148983433
1324866613
39900718
1289389268
775765483
100000512465071
100001510140905
1470441341
100000746982948
100001940135054
100000022396818
100003269403929
1292783458
100002603420811
683172426
1311613956
100000237890628
1199226629
578726804
1484297055
1495556651
100000820516010
100000534652753
1389771396
621062203
1429696376
1346966009
1648398893
1797475496
628278888
595908041
100000913404695
100000494293320
100001956736047
1580517778
1769966913
1636207922
1810217618
100000446174923
1070030171
1496903304
100001356212305
11607922
642770852
647048379
631757872
26606504
100000536468833
554283921
100000194181774
524196566
1056256929
100001533342192
1186151026
1236216090
1423710826
100000658515197
1537095066
100000496523105
100000717785102
593755434
601599714
1547311461
100000571610722
100000059054294
1323113857
1134804999
505649014
100000518252900
578080453
1188613808
1085744693
100001449482431
1623644851
690955129
1313384253
1157945542
100000659672394
757258263
100000593238690
100000317950166
100000427912048
100003736798397
689793008
1610342473
100001684466372
1770206255
100003715030522
100001202786067
100001714731846
100002941901073
519934892
1787045935
1099457651
1825936693
10049571
503187536
1673223316
100000277691122
1002698174
100000542982009
1536036989
1047783524
100000201487531
692081533
1049899214
100000662291814
100000002579113
100000512491530
100004098580590
100001028351588
1456176062
100000056565387
100001091446995
1493861969
100000403160154
100000404836138
668792818
1136090817
100005533835830
100001343285286
1310781058
1088066906
1441440151
100000704921846
1623822792
100000336996469
1300083122
1575164009
100003484773801
1447659081
6236789
1333672777
1045149374
100000084180310
100000160453567
506681089
585060910
1394944323
100000436642275
557101095
551660312
1528059507
1211544889
649991445
1755518734
100000765374036
577244459
576593375
1113030041
100000465471621
1738798104
1739306613
100000654356559
100000920417709
100000446205332
1477491552
100000591836877
100002938358831
100001025868272
503408812
570529124
100002917836500
1623858354
58201406
100003340866298
100000434192309
729465058
1213645031
1550362776
1265380592
100001773915230
100000514967434
1041534253
100000741314954
1574206524
1198840140
1193580481
1523624113
1009207234
648887428
100001858904834
100001913878720
1231707234
1410755611
561334077
536048434
642464777
100000209763844
572750043
1090151719
1674862319
100000101082665
100004345894445
1485434434
100000875322952
591867985
100000313891852
1803973273
1179602271
1683594712
100002137408117
1850345074
821883064
100000287778042
62601917
40511155
100001261132056
1703091815
1057424087
1022663051
1268674332
515005702
724091462
100000172807473
1427270991
1071797019
100000028813120
100001347077813
100000015760722
100001919855588
100000483623499
1539332140
100000851492447
100000210570077
1394972462
1113773513
601425198
1270734629
100002020152565
100002440874057
1113273306
1350302603
100000806804235
100000341088921
100000438973504
100000253983187
100002496868635
100000566530997
34500904
100001110189776
510104175
1050942139
1198358615
1191507916
1530317477
1179320915
1307932798
712976441
1161631124
1730271782
1016251714
1794844624
100000115164689
507315480
1082179632
502502361
1547113320
596195536
100000551977803
1595958527
100001406439529
1165318512
34505688
1424378788
1308597181
1599321313
1129560184
1560006318
24300019
606122999
1193433440
1528353468
1420299328
100000159060998
100001820903003
1216927401
1439687165
100004002238083
1605297562
1549908445
1401487016
1301698068
100006177032038
581527779
1654159769
651165289
508645487
1803078454
100004805353979
100001155150519
1734416072
529487889
100003797094820
100001592177069
1274037291
1546772093
1285107537
1551542573
1315892227
100004624830381
100000031462122
1519030277
753505015
100001347962374
1635971766
1205376157
1827390007
829993218
100000213003404
504187342
1061143615
704432371
506704632
100000497851146
100003160404893
100000243690494
654019761
100000564837637
1539023010
693248668
1124880058
1655553846
1627005388
525719583
1572860500
100000061355596
100004504681953
100002500050427
1447808256
1036907241
100000880691152
754885294
100000345373764
100001236016143
1410205944
100000235883602
1848192885
100000713393965
1673891123
1445507055
1843127449
100000662737326
1731591679
100000745642916
100000845397420
100000895309014
503757299
100004299578211
1537130531
1678155486
100000498655413
1364320115
1629253986
504871631
591722014
100000336728574
1530702059
12820014
1469778971
1425646426
1058610932
1196763696
825838307
1334209529
57000589
100003275148138
1120086462
1483761343
759726327
12443408
100000238959110
1343040404
1362106404
1650882554
1672303611
1127635230
541894677
100001193127195
824460409
1471266939
100002104767052
686413386
798847139
209503673
1121960534
1347016324
1672759367
100001183164158
1650804885
1437207213
1054399337
211000493
100000262298997
68102909
1102820571
1601971060
100000280167362
100000152631598
58216271
1082514747
716647000
