1283354611
1640623071
632607147
548978824
100000656530016
1673652126
1499674677
100006500991995
100000091193688
100000249541536
1310288569
1130349057
1232867611
100001941327561
100000489416896
100001179727120
100001756955004
1519655564
17109545
100003083380936
575259504
1694335079
100001394703812
1140525488
100000637560223
719040600
100000195815496
100003725154764
100000828067697
100000843533006
510495305
1509707280
100001874705328
156600038
619044154
513030825
1104440612
1619434223
501008422
1004683294
100000789152106
619010112
1212123494
100000147908469
1472924291
13718467
658919465
1623651593
100000186966934
519349151
1481964075
51101958
1588751664
704334173
1823498658
1478468727
100000073359785
100007013226708
628718750
100004999654587
805440636
1470019589
100001945626462
1401415139
1583267642
1309076663
25805110
768088362
562863221
100000481935129
626748148
1770568136
1015567604
100006818858322
11803984
100005561945448
780243011
693541580
100000147648850
1115114313
100002059243845
1102161015
100001170311302
1192815520
1831368730
1405665756
517088077
100001329258667
523391671
1612167438
100001071529051
1324316610
1429111062
1842510747
100003864996651
100001105661006
1388359237
661083692
582586615
1417568567
1351625721
1357900734
1106418059
525696372
100000343543586
100000103546359
580629142
1464753506
507109428
1311231059
100000539058414
1012428108
687559755
1589910310
1176943634
708385383
100000423313344
1262629030
100002279815944
1620466499
749665548
504892827
100002349672428
776984445
1264440105
1652933791
1388367539
1123575535
100001040142000
1020303240
100000326254793
1206866196
702792570
100001812090514
1651104559
743490494
100000366724684
100000550963339
751362628
100003468672117
100006410772451
1240178172
100003265736143
536880657
100006108128328
1468720687
100000031858270
1753141704
1426600598
1213574370
100003671327474
100000190120612
1737382900
1315749071
1823208735
823728957
503085325
1260764990
678661493
100000022102752
1239173022
100000779762649
100000015686490
540530583
1823535821
100000435547663
1150411164
1644240413
1565950820
1133124161
100000133996350
877905570
100000933888044
648172605
1347985156
100000051194649
1522386951
100000100365055
1368687871
100000799094353
519744150
1047162281
782868034
633532461
100000628023970
100000070480168
709300012
1188582501
1561985344
100002004966355
566295811
1463963029
796080296
1481619019
1260956014
100000464961185
1694641198
100004997137506
1270254435
686582193
1097079599
774240601
1467112875
739618144
100005442034862
1052591987
1617267189
100001445252474
100003358779449
1072381019
578399820
100000826125899
1379210761
1030809002
100000083229967
100005567460295
1536907303
1041565523
583817790
100001418714362
1483885837
1270084018
100002167210610
520273309
674557331
100005834678421
728096059
100002682368725
1548590804
100003508950894
1059063412
151502784911296
100004922048074
185007614
100000023382333
100000106640000
142393145940030
100006025994259
546453185
632755141
617777539
100000019324361
100000262207506
665683158
519592738
1163075394
100006529955787
1003429623
100006229388006
748368408
100002613736530
1397043678
100000400870744
100000102908416
1095675519
100000475297809
100001289109909
1330411818
100001943748076
100001190462545
1175890247
1638913025
100000893783439
1285642184
1556042944
734801230
1477643931
1610958450
528188954
100000265205655
509184519
1471082665
1461233854
100000241604169
1349915395
100006889443944
678909402
100000564139840
100000135965102
100000712248012
100000818693635
545927533
1353211846
670020067
100000542293647
100002078719257
1603521317
1187625083
1207731275
100002435192222
100000209469770
20604689
100000457304890
1675726639
1680560267
1320536471
1190636285
100002787463349
1134326316
1636741738
1264620699
1517752212
100000127752608
569938537
100000882825423
1375181757
537331704
100002734100136
1000508630
100001228134083
790444724
100001182883029
100001471763247
100007176550967
100003040291662
1464821361
100001282566925
1324700426
697542665
1070954716
100000606800313
100000512757962
1473860620
100002160624255
1085606398
593641311
1293618353
755565620
100000126213529
664547332
594416883
1274045493
1557856795
169801048
100000099117219
1749357801
149002956858
100000851684153
100000285537207
100001139554820
1421767458
100000036168965
100000238622702
1632417803
1381951199
1046976883
1616896380
100000225982486
100000226334044
585060318
100003107685116
100001049526910
742399786
100001049950971
873425076
1794263573
591122122
1572825292
100001268731908
1794594772
676800889
215150945212186
1298603559
515125311
701019346
775739073
1365318717
1561701679
1265602583
666940526
1528414234
601293229
100000355757328
34103415
100001600824671
571999471
1350645903
1416221848
515087482
100001448932204
1210097263
1515034504
561186266
1488994810
100000065260982
100005953086383
1490972104
1092040605
1310414272
100004760677556
100002848610168
100000514730292
100000030325040
827805558
1341571125
709460527
100000614627953
713544422
589326006
1034157221
1548655143
1268458272
604021292
1067117220
526567174
100000234690499
593100715
1172622078
259760594077389
709838431
602172080
907885231
554550916
1154702409
1535870555
1105166070
1391966809
729543552
100000220713823
100004316525541
58214909
507373184
1078655808
100000053763669
694173018
506130975
100000576533885
1586798282
505965108
1725875706
1596023040
100000898385013
524435482
1844179825
1723704614
1411510917
501394942
669811214
100000659868505
1129192915
100003925124726
1211143768
100000516056654
1631533104
69203940
100001983677344
1480938039
100001459103722
1085118515
100003657163984
100005193422112
1794843258
100001721516023
611466964
1497890866
704470292
100002740871836
565255907
100000422745573
1159916680
1634774089
1439958468
1620099396
100000064302881
513272714
1202275630
100001294230257
1447729389
1185454046
524055888
648565528
1397443904
657248625
100000002614244
100001618249293
1200137802
1105545102
1821957611
1657814059
100003600868532
100002611699760
100000783819301
661112379
100000927983828
1301481752
46202775
1006244158
100003675538206
1598145598
34414604
1044000211
100000664963983
100000073703600
3602595
100004002646734
100007011580103
1220138020
1263675839
565529318
1635282201
1210661631
1824876958
100005187432890
100002304052886
100003346937632
100003241175040
25318106
1040306018
1220893163
554695295
1185888290
100002524583823
1277840008
1156556595
1411057640
63909188
222028278462
100003018953401
1050037556
518858181
100000248870897
1336149814
597221135
1511674763
1085931139
1846185743
100002321305285
545472323
712368421
543575244
100000392413901
100002296647678
536720006
1376714662
100000612632425
1098391222
100000276199486
676228746
613252805
100000511676622
100000451463710
547314717
100006458434053
100001025798057
1335581894
1272484975
1068082641
1461461341
1372696784
1440161014
566955365
100000755883631
1455203434
100004866009447
832109516
1514926282
1191262661
100004513782842
1362895466
727287602
1569024862
1171196400
1225347327
100000788700932
100001044056401
1197726498
1247071258
1773544411
1427642051
511770349
512216121
100000518352142
100000676677528
547824707
100001689907947
1288836899
641802867
100000565357223
1568907216
1634989286
1776872962
504311012
100004941815006
574600053
100004070221369
507790068
100002993577795
1397051037
1751671261
199501597
100001406861713
706083022
1268675121
34408452
100000532333189
100000542771216
1666717344
100001339027656
1396061196
601561812
620532487
1664283339
1094056763
21718937
100001623586683
692569753
100000314303487
1098769149
100002010184546
1215843485
1410090139
564240642
790603010
655621978
685776067
1412019705
1016228750
1252989986
644947469
1769580634
664061154
596128065
13723714
1125572786
1227423998
100000470515349
100000851348735
100000664881663
504856375
646729515
1131735697
527345783
506525944
1577696173
723959155
1085705732
100002462658071
1433877656
1426691200
1615182976
1487484203
1445171716
727675883
100000031272187
100000010138710
609553946
505126918
1431932518
1783522679
635291229
1095434276
501579588
100004091597863
100000484848228
1364034726
1304422419
1381473286
100004065257158
778338119
100002353034200
92501523
1043520476
1274715475
1677558249
100000566526920
100000378870945
1060919948
565742293
1363899635
100000593905055
100000565833734
1355083303
1247286795
1493546793
100000200324010
808664332
100001617304870
569077475
1540193872
1242139210
1565531020
727439646
1716164459
100000016811648
1609195656
1719451633
743924602
100000752993288
1022790289
1068116827
100004040736827
1057887362
1268182101
1487837488
100004208199778
1300781302
1347258112
100003722970843
1362519965
1217049179
509448468
100007264384120
714760062
1562665691
1068032916
100002254733669
1183191812
1636935789
603175892
1639780828
533824063
100000727052376
56003875
1584588017
1559973226
518825228
1134274043
1478366773
100001012211353
1204214926
1327005500
608206947
1526710355
1444086621
1776654184
100000348812776
853945079
508046930
100000777816365
100000172054308
100002349696022
100002334486207
100000177881878
1817316623
100000201095541
1221102552
599985964
819842706
100000237817907
1144622612
1159164562
76200080
1139748598
1568531493
1574046376
100005115969715
1356765325
832608749
701618733
100002600182226
1320597618
704251110
1261892385
1186268764
730532405
100000993354011
1300549062
100000128326382
219706177
1333002651
643843734
100007058438149
1095381085
100000965120805
1003074067
1241411914
599328372
1401548079
100000646695161
1311279683
1595739951
100001043674501
1513002152
1342818149
1550370152
838900603
1080918624
1081105329
760541583
1632151580
38708354
1196167860
764298499
100000061678340
100000113952471
1017853487
1633202097
100000124463431
1305207088
1571306329
100003399738322
1769222121
726960521
1141293487
1711072138
845960461
1105432939
1749630208
100001586548940
1053275961
100001433833832
626988972
683521462
1270803115
760139725
662866241
100001256820470
1127353119
100000859401427
100000562234716
1145388171
644141356
100003339319293
1024380543
1416417998
666081863
611782239
49010505
1669523122
501289280
100004294357792
100005458115891
1432420630
1531165358
1046595821
1720730181
558137980
1284017890
1386663722
890820061
100000114346551
100000547832005
1379690920
1048384931
1175746657
1067870185
1323461453
604894112
102600807
1441968471
1455264274
137900562
1588156801
1478495484
1818328591
1602006295
100000328346832
777107227
1679972796
100000771878911
511448387
1437351570
1434116725
655767071
100000365896022
725189792
100001834939443
100000074887456
100000488616506
1046581988
1473676064
1517604742
1314341035
100000494561784
679089921
1347926157
1181254429
709501474
670238318
1429892126
100003969346199
1313104732
1141585324
503147664
100000001952052
1352739027
100000160073976
100001613721556
747785832
1613557797
100004849059758
100002090730840
100000953413820
1694567368
1580382196
1651090292
1791348419
1771648441
1388386723
100006519228559
100003273888954
1636184456
100004110035865
1193850760
1044554485
1126038004
100002951622629
100000278410518
513437460
100000189863996
206177156181165
1447292734
100003175793594
100002953001190
1082508881
1168959723
1625148285
1224707376
1044802352
1235940305
622196039
100004044467279
507801502
100000534116170
100001499265849
100000629947191
1048649407
838910424
100000227071459
1367801135
1635253924
100006999817742
549355905
100000322541185
1040871127
1299517657
1101155667
100001917676854
209100817
1107844067
512914546
100001294552958
100004046324674
1057190809
500243046
503728416
100002166204595
836064370
100002156213675
503110252
1785522393
100000342051140
100005893184556
1110210023
1175663278
631995661
100000374753217
535873594
100000003361982
1828901516
554358055
100002189836263
1549419982
818224591
100000316551054
1564134230
1385243899
1696343167
1025847067
100000922090099
100006023983275
100001597653156
100003495450743
100000563233252
1162155389
1632333378
1369616160
1319595221
100000421075983
1229301778
1328966659
100001608192058
595038580
506085429
1432262497
1331394636
100000208920063
100000348722966
100000859476418
1206963363
1375352913
1671265688
100000552378501
1293088118
503172168
1361700681
1253458403
532237386
100000499826607
100004775070334
1402867229
514561303
1316179974
100001346095280
1012325451
100002238304773
1030426431
1791553348
813569543
707852728
1400809305
689033863
719624248
664517535
718950639
100001555770972
100000190031753
1453091348
100007205291175
1079913401
1016359157
100000336961613
661436768
677197649
1519279929
557808883
100001490989566
1201484912
1224120038
100000673863677
1569390906
592112014
1270745225
1495885662
100006593252533
100004657083391
1309165670
1324526645
100006621906894
827384489
736485192
541592418
100007396841643
100003919192328
1466064367
100000020273403
1497738307
100004291302221
1008745561
1104847389
100000514974008
100000219709914
502359104
682375466
638058342
1102866664
1490522333
1204389492
100005325668557
1265495642
1209069426
1531915323
1006288175
1615511907
630165375
552811961
1302656153
1369521173
100000010338540
100001959407666
1646166011
100004841551732
860700373
736102164
1465034434
1588996922
1014516901
1084837219
1846816997
100000160216267
100005102169276
1307141490
772980060
100000662734738
1289049667
100005803721489
1471563526
1255239500
611021773
674772830
1072485219
100006295833122
1014687528
1071923184
100003893060642
100000209694211
824109332
100000837948409
516840064
1780694431
100001506336387
756115277
1003813855
1184827874
574793407
795119834
100003067873821
1301088753
1046394367
1540313352
1438372237
1084767414
1680802089
100000710646750
1354163225
783115509
100000694236261
1538476840
1580073532
669850248
1028702941
539582470
704573631
675466179
203800191
100001321819719
100001604836480
1585420578
1813308195
100000312471111
1085600190
100000582820547
100002282605852
521580184
31108539
100003812401717
1207811004
100000513231925
623633781
100000092195167
1556051999
1628271324
1322601955
1043875249
1326575770
100000697191812
1293180536
620591366
100000731587106
1332107431
1056602026
651335272
1105104278
535887413
1033418195
100004208650257
1501095203
100000519403788
664644678
1127367979
670667465
1248743577
100005546615416
100001265881774
1569355290
1438913072
503942556
100006741462320
1333944547
1629130128
100000299949591
837472788
100000050632949
590316382
1644253544
100004359734410
100003759825924
1268343596
1845790301
1548753906
1390064070
1375574739
1773724625
100000262660737
1580055957
1465391610
1718860091
100000054851122
100001574337695
100004081534039
1030322804
100000990663249
100006022086691
603752289
100000424278587
502573976
100000698186394
100000839304066
500155741
570580908
1192421602
100001285152696
1241416742
100000638855975
804542449
1220403352
100002126532909
1531161890
100006859360928
589601924
1008028986
100000050345890
594019382
1498526887
100000388133609
100001940091561
100000608944841
726979816
100000723649315
593079419
100000106750784
1393094834
687730029
1370506916
1809065699
528612805
100004119249594
711610569
100005390084010
1119062039
736159373
100005208511342
1529948271
1012688049
614262222
1557767202
1156153423
100000060510345
1080580726
100000262932826
100004314875607
100000944538453
1215240861
1232092468
1582118196
749374871
1778350458
1439289661
1384690265
100002361727287
1135935721
1216757627
1066332898
737872518
1515806915
1044473304
640461726
1380335309
100001742983780
1434939129
100000742177573
560150802
902465017
742470259
100006827711358
100005865424364
100000585310861
100001083160052
1344638551
100000196343870
1509633721
1405297567
1182486440
1145930675
563734263
100001966043803
1410740894
100004177385086
1030061517
100001929585905
100000926590772
775969182
100001848677619
12916532
570060025
1144698660
100002314475385
1184059976
100001181462459
532621756
1590644675
100000064453769
100002299520299
582937183
1752915487
100004061122798
747543335
594100842
100001660304245
100000276006695
1666694052
100003256188692
778272575
1210318576
100005682181408
1414487927
1332038041
100000858553536
559889093
1465839541
100001437774665
1314824324
1591879864
1402887088
1338092972
35902804
100004880952298
1721593576
1678717266
1119588544
100000136841060
100000559441279
1409079450
2052385
611764872
1464107001
1525485345
1084301861
100004903660693
100000129001145
1069589570
100000196093576
1558424308
531828896
546503893
720936901
1388538779
750040546
554510017
100001975343352
1306995640
1601812187
1141334809
609161444
209701657
1405674570
1462158708
1497550877
1384326526
1110476844
736192513
801679558
100001134055998
1268640368
100002363184411
15700049
1002402086
100000099485870
100000288440487
100002212732153
100000939048248
782869213
100003075895188
100005068720034
100000588097935
548412916
1491764361
538991208
1048399232
1346105031
100001127262941
568304812
681225248
760843718
1228274183
100000076565772
100003691790793
1137263292
1199768146
1622661977
100001647800912
791977801
533705510
173301630
752641163
562582215
100003929327432
100000551423116
1074174088
1270437944
515945962
1036841517
524289020
1017358378
725231485
100000001553325
655496758
100004758212109
1072771379
100001246951762
100001207420833
552780028
100002477643037
775949114
534734355
100004027035015
100000713954126
100000089781135
1186587696
100000834487197
603780077
100000075234844
1557232152
1815083921
1413069645
1312327373
100000623288887
1624225034
706116916
1288732907
1328079597
1284852068
1300597445
1439718835
100001292380156
100001501761796
674200751
100000585237064
643517741
1326276580
1540436459
1793341310
719772310
1300743237
764084865
303261506360025
1329854682
100000242924642
100004769082720
690493130
100001400407631
60714406
509703602
1665720150
1522111904
100000645878568
1709927611
100002411446803
1590879267
793283331
622955171
640611004
1058516707
1055769071
1613450339
100000552816721
1404282704
45100514
100000101654722
1312033983
1261073381
769445412
100000102632450
530319074
1306356693
569828035
100000995873166
100000711877415
1578918647
1050463903
100006558074493
505134357
1609608264
665125732
1304727921
100000660728622
550235996
1410381427
525239534
100004315335031
1413612913
100000748269587
100000708900220
1124212841
783053392
1288345539
1463238488
726731970
1135090614
100000055812336
569070307
100006888001515
100002802793847
100002228816947
1604236314
44407396
1323968308
1620705273
100001202712341
100001612426575
1185823680
1307040530
1468676789
1225176680
1426913080
100000005496656
1551860759
100000288475715
734149296
1145971281
100000257949121
679498760
721784093
1834456043
1265605164
1245160255
615200732
1265696493
1260903768
100000039848535
597807394
100002879287897
100005944299130
100000234953847
1255002035
1502341769
574414080
711493887
1236112963
1392024696
1501090920
1014835203
100006750098692
100000417629271
100007109760354
100000161259770
100006492200075
1258455495
100000048822933
645951175
1391538119
698217644
100000147901460
1021578615
100003188511769
1044233219
100001337824573
1310944555
1253065424
1642601590
100004133615995
681904982
100000113499901
1166948356
100000268965241
1174408298
1406441111
579805155
1486445249
1200778346
5130501
1623771642
100001073698130
48002485
100005018259482
1414238357
1038577127
1293128001
100000149031877
1540183289
659519515
100000060613101
1021767775
100002070661406
100003871182396
1074802056
1371831657
503188068
1285537542
100000241695927
1437304849
1548143995
725066743
1349319019
1316059008
100003204863786
1173120292
791800650
100000658076532
145901265
100000165000756
1107064129
753070446
100000113753198
100003091767043
1460611498
1094724403
100001172294708
570613939
1640773156
100000382275527
1519866772
846279556
1207564595
1354911314
100006507396821
1823010300
1276963083
782027409
1495562061
100000519025220
100000415232495
100000850828812
553590912
1358947174
100000477548833
1322021694
1216513742
1667946636
100000761543760
1805885282
1345795954
1332567680
655190696
785128444
705411137
562729140
1340137528
100003524200723
1004883929
655924612
1660576059
100002231557745
1054129033
725189114
1623012742
1369538159
1291129573
1153455150
100001079785958
553193640
1129928046
530343839
545450353
100003979143802
628059227
100000486275369
1161777104
100000303714597
100000151970143
100000371286291
100000436783477
100001474983611
100006988264860
1461432444
508066404
1631862468
100004012393160
1383955870
58214736
504907594
100001254813271
1516741038
100000721810530
1065380355
1483929268
755263419
100000759806783
736124522
100006334832676
100000601484416
1653726053
100000246663378
1029182003
511733422
1430905583
100001754613712
100003664697708
1379115772
1046904924
294400259
1681500134
1676401982
100000311951504
1175066642
657930315
691175407
100005175639606
1575761783
1521531411
1568689201
100006021879360
100001656622867
100006999851341
711903444
739480925
687604461
1259775592
1226828978
553640918
1547016579
1073031953
100000987559560
1085232288
691605628
1256387336
1502333898
1691816715
500706940
100003862262143
100002801156385
1151134606
100002363262744
100005655698406
41114127
100000007497710
100003779102209
100000885366099
757793194
1525720379
100001931597864
527141418
100000442814683
777344784
1815678827
1126975375
579308892
100003493777741
100000622151279
535787685
100000166992649
100000096385058
1468983056
100000167507210
1138564675
1532347058
1207207274
542132980
100006603071328
1519362404
1288629100
1607946652
684521023
685082397
1281587912
1330715773
100006556364952
1164474849
1298601721
603367885
1307127124
1426050581
100000523508715
100006218921894
100000220117514
1483970910
100006427843724
100000077967285
1327536643
100000476889203
100000377697250
100000389570802
100000200878300
727601425
100000122312864
100000526051215
100006182401740
643892872
100006070053087
100000312698329
100000558922029
779359384
805099007
1611694686
695684376
1080152369
1079287955
664562618
1188670951
1543274463
21709395
100003919598779
100005627371080
1198837394
1477344986
617749021
1391892209
675156128
100000500667109
550618108
1070559830
100003156755120
100002815256975
583645092
1399063797
1473841621
1032215642
1491604763
100000040554249
1667414333
1205583689
619273747
1063815126
1022367433
1477472727
100002380787810
1815872128
100001980640668
1087128887
100000597836926
100005227119027
100002923417837
751540967
100000227225886
141900431
1329336460
688980743
25523234
46600041
100000035293222
1492952849
1187019760
1012225483
1260550034
100002345128039
1027384108
100000013681183
100004336171406
100002465196611
1197212487
1239155289
1094092268
1627220127
1134979481
118501536
1339320917
1617860247
1294732077
199106145
100002529455987
648035646
100001170743290
1637653546
1515954244
1367786392
100000273415506
1440677273
1398302356
1310836881
1191176024
659320090
100000600139472
729538134
100003498829530
213500870
1625565580
1420208247
100000747447147
100000668268764
100000435331803
100006027970466
100001185540826
501560667
1189777716
1443997663
100006500266709
100001673319626
100000987731839
100000262630540
100000424803952
544876043
811628469
618709254
1122923442
100001777844511
1473494122
1557527206
589560891
636125932
1170266969
1279153073
1298530830
100001559619853
571738406
1418171329
612606332
774929814
1026244236
100003106633246
100001568782800
1654477431
100001308252014
100002088309237
532559621
512445273
753369324
513031247
1330035401
1292968815
100006611590935
1443326076
1557170663
568389479
769908808
100001964116085
743476112
100000352731269
100005391783604
682295393
1020317712
1595814350
100004618531387
760158813
1828112803
1425734824
100000078947748
100000981896661
100001392364026
1419081936
1142934042
724978011
100000306034634
100004409883878
100002052964232
712446213
1016597917
100005433152813
100000624523940
1171534662
1241282234
1108345868
550888315
100000736238480
100006714063767
1759133308
100005606135459
37401823
512693829
100003069041733
1072823203
503890991
100001689463246
834499221
100000327857905
100000985765692
1322964173
714081603
100002236774420
508977315
100001977293739
1437635302
830299312
1115197170
559392170
1255675824
100001074675188
1462147234
1533868561
1199883519
207555645942758
100006419160817
1585046980
100003037201685
1377358157
100000701136196
1818821321
627080327
33011704
100001604383602
626336388
1465785050
12103378
1261930301
573192984
100001728018539
100001030460844
1114007579
824754784
100000526770018
696420674
1805650110
1281543551
100007061077566
502267472
100001521884400
654458466
100005757757085
100000919448373
100001840222107
100002112560072
720813214
100000716215216
796982409
1358277535
530727694
1778102188
100004714092435
565205530
100000312308435
100001177398761
100002179906067
623031177
1564774765
1528563995
100002334581805
514133135
1798906163
100001040231473
100004590516608
100000649317284
503564143
1544711066
1910000
1430345613
100001290004199
100004966539725
100000744973534
100003545330421
1624836485
1228164079
640457903
100000303650529
1604801767
100000057166830
1554129076
1074801514
1045078399
1499438330
1610434802
1545146532
1681181111
100004671875765
1106512081
541383247
552043329
1254387223
47301659
100000509274260
100000552046163
1205719111
100004159595249
555818164
100001428541693
1427303905
100000111551611
100000464027885
100006706867144
1524727217
100000954446611
18404379
1655020889
100003177935219
100000271070631
1653233391
100001614996227
1538626921
1193430589
500632158
100000147977762
1301055028
529964740
1787681916
170900216
1346618930
100002260580494
1407890416
1477871703
1141924527
1635904810
1272099193
680790563
100006671318749
100000823999704
100001611376433
1479063459
1019426405
1281222149
630911525
553524121
1445760143
1020882065
1536751368
711046729
100001571996073
578617384
1412313167
643138654
680332351
1220850049
1546909484
542060003
744846165
100000044849260
100001000794951
1013495975
1302606785
598665745
536700443
1151165695
100005787575682
601004805
1619824076
1073886239
505102727
1153595183
1515667762
739395284
1025140870
1701000401
100000636580379
31701061
100000625990364
100000639408030
1103004017
100001029712944
1189756089
704071475
1253291298
756144039
631349005
1296072653
620501100
100000245095005
100000238159472
100006183341178
100002196155573
1245639395
544463947
100006819961905
1525920995
900575570
716913130
100001392382570
100000299404237
54701756
704667296
1060684480
100002007607914
1708676284
100000407823173
100003246958886
1312747898
100004173733362
100003992301726
1171211403
100000000103732
100002385675170
1575283938
1142304235
637407912
100000958346446
100006420366254
100001782120630
100001385468670
1586910926
100003968389802
1347962527
1099871859
554061316
1332252956
1227661435
1667606768
100005902684597
100000316877152
100006762820264
811805334
1518169792
100001207993884
100000154141130
100007112190631
1193738413
1524829606
1725931996
100003024720669
1842489669
615585309
100000699420721
1408482267
59503204
716352183
673731161
1755518734
1239876167
1621415455
100000734988576
521520815
1372808204
1289108036
100001191386781
746640546
1143590247
506539169
100000168012648
100006331989355
100004693448087
1025217185
100005250277944
100000210672794
100001979258642
849700346
1262678726
100000365931535
100005772152758
100000435339167
1604880227
1561971503
584284539
1672095299
100000740831839
100000613418770
1618916325
1341924370
1345940131
100005297471834
651011884
100002042681425
776520694
1404249510
1524708612
100000030366304
100005148364105
658066573
707042581
1246646909
1399775205
100000097400080
1016086235
1327674343
640792524
100000394323353
100000392977445
100003103538080
1504163129
1620264956
507894684
1621571168
1210231663
100006660397442
724883724
100000154646405
1300827222
1133473451
1023460529
1164712809
1519782872
647553968
1441161525
1211123461
100002479097378
1637834691
100002875762827
1047782452
648845110
1016102979
1502741979
1080504518
100000540531983
1345473737
1150332474
100000435787405
100000507757977
1443755055
100001620190014
100001810596096
100003366745371
505435940
1476690303
724340499
100000608674457
1022663051
100000526433254
1522032404
579104662
187700559
100000584207593
624355151
12628895
1467087131
1623890117
35001291
100000333700859
1301841219
100006421363822
1349851443
1354233505
100001870876929
1246802787
1463837121
703278754
1364440674
100006485029996
1393394317
1520972815
1608712110
273060106049193
1651395094
100002547640603
100004424705932
100000004207170
576376557
100000030567008
1080255516
755140504
1221980215
1355967311
1330427069
1554192999
1175450880
1477952716
100000277774863
1786622409
769725849
848690292
100003286708905
1635937015
48031174561
1293425038
1224684171
1080726330
651460205
100004073319624
1619261703
1417177971
100000367466910
100002305692957
100002366237424
100003042290412
100000220895575
1418143862
100001504000839
100001592507954
132201738
100000445490169
100001624977557
1175845793
100000307954667
100000019213836
1699880717
679361571
1278946192
48803647
100000543403013
100000212347604
100000034562075
1115359450
100000543386076
100006872826496
100000132751215
698137027
100000121482681
100000127071760
1759881625
506270004
100002627597420
1621390548
1547574606
100000045981974
1613116029
100000421935454
1398121548
100000929880871
1420088805
100000726671486
1145841100
1452895806
821219028
838403258
1436043461
1311848204
706655142
1060768140
100006429593197
1404783461
1648532439
100006186547823
1557216334
1568894995
100004251155895
1622393062
1232127534
1218919098
714149477
100003782207249
780556973
1131108674
1607028775
100000366486173
16803198
100000393055196
576724853
1416357462
1106826562
1575572779
52804838
1415978064
100007203221686
1337818884
100000189280464
1536786568
1267184721
1318762089
100007241491765
100000086912193
1107616525
1446462365
100000888633343
505971373
1491653207
1493372248
629007392
100000360129675
100000094108343
1588971458
1046017146
687662268
657660103
100007154135641
1087832557
1103753849
1095298591
500603524
1575402970
62904114
1443441759
1141446702
1178548330
1561700461
1281685530
1476470669
100002649039196
100000678370731
547816670
100002502484113
732200937
1222803314
100004668879268
1212139193
727126534
1676460036
100003986658968
100000123173751
100001126545939
1373527744
650299879
100003824682022
1537936805
716365050
768703150
1735909552
1173041142
100000170635552
1158556392
829925353
100000012047991
1066882324
100002106343478
100000220998549
506171349
573156477
1148809883
1537235793
100000479600031
550100028
39103992
100000050680585
1047774890
568082390
100000949224058
711642319
1343285308
501102892
823130628
1046611561
100002030451289
1375030916
1238013398
1414537483
100003305682490
100000115274124
38420087
100000493089893
100002310495450
20901379
660529423
100000687158600
1585615087
6828949
1275557520
100002409575845
1283838024
1006463203
1394870440
100000014102380
3613142
1377891407
514988059
100001760984393
100005873111810
100002689376422
100000201455252
1705515232
100003794754173
1026194180
100000224566048
1567213800
1348874755
1048686622
100000237909903
586876016
100001978560700
100000229916621
753339354
59700104
100000540344595
844039888
541944772
650775345
1422320690
100000663690854
1255532916
1329511830
100003078914206
1058665945
1478513643
1531306307
1239775455
100000968585321
582875597
100005035088141
1670846907
1112664338
619244869
209102315
100000212528260
884515346
1310247116
793040292
1221530474
719284713
668773300
1185605259
1448097458
1217763717
89800217
1361274651
1439889313
1124610565
1207367726
1327090809
100002235974968
100000189127487
1157192670
524053512
100003500209725
753781309
1346913413
100000324652040
100006501785687
1567083996
1560316465
1102724351
570327764
1577455358
559807549
1373553067
608148832
830133585
1296131926
100001181213460
1402367545
100003804618534
65005337
1049880936
1436734770
1614852923
8216466
100006976142808
100000151931589
723127678
100001103497496
100001517663078
616545079
824830595
1518031124
1225961435
