100000430081676
100000517966761
100000585337628
512129687
653040729
100005863660825
1403014914
1666117590
511271465
685946612
211300786
100000744782174
100003464386507
100001133538141
669297801
100001823414798
132800035
1490195334
1445416557
100004175346973
100002440369530
100000114172009
100000400091953
1089847217
100007214611048
42110233
1742748393
1264296789
100004532947473
531504033
100002447027765
100001353528246
100000813273081
100001275114780
1309076663
36200163
1604360148
100000081284014
100001354166011
1033876134
1171317077
100005561945448
1844799730
1538268775
100007150863588
1133182743
1437163428
1126284923
100000718939111
100000031573271
100002603374387
100001229611027
1371800443
100000258406407
1171361568
515541525
100006541365339
100006965194251
1324316610
100005075800374
731479790
1055493634
702348102
557042327
100001604066770
1415385066
661083692
685026012
100002520587920
1106418059
100000990289936
683055950
517028185
1705548066
625011871
1781302990
1458368109
100000097385715
1427953656
100007619948815
100000464183042
100004062594827
1164712809
100001575520606
100006534857098
1620466499
100007260607978
100000167057900
1378131753
1263134073
1123575535
1219158014
100006469524260
100001457692871
522057352
100000551072657
100000459987110
1303435625
1504678299
1148651172
100000212124319
100000584283802
1497698672
100004852806480
1403105871
628858726
100002254480418
583528786
1695855029
100006523906196
100002410853166
1823306057
49002551
100006481424411
100000118161750
100000133996350
1439130065
1103328983
1076201153
100004047375395
100000219519006
100000100365055
1368687871
1228997911
100000127614388
1183733627
1143367944
100000856983787
504525295
1651582713
1218792613
1418897863
1173492912
100005329122658
100002826231016
1097079599
100006572133354
100000602895984
1172221415
1052591987
100000797071021
1233303402
100001800690082
510299743
100000274098030
1499846616
100000186687829
100005515993776
520273309
100005834678421
631708201
100000467345907
1079383791
519664512
1629026515
1436952943
100002710653606
100000470430010
100003789323554
1224728894
505575032
100000635170107
513314169
1218811321
66600114
1399688205
100006311223462
1330653485
100000395346944
100001273188731
100002331404018
100005191509840
100002564416437
1488556381
1171748988
1367537663
614085610
100001217267655
100005005092254
600100900
100003073397538
100001307247004
100001132690497
548869463
1110137483
100000396120599
100001744071090
1471082665
1416044282
100002574932043
100000050509331
1382018234
100000712248012
100005814613681
100004074945436
1824598572
643020304
20604689
1399278988
1788581674
100001334204887
1134326316
1586465944
547673073
1762681789
100002759103576
532474800
100000308644485
100000002978241
1533366416
1303800856
690606291
100000653092747
100000009051508
61801092
100004658021026
1800420449
100003973418884
1095842907
1181258988
100002290116664
1224633925
1221911523
1638666268
25013956
1533079958
100000930724667
100004733831083
100000169874286
100001448801738
512464786
149002956858
1277635724
100000851684153
100000998151214
100000591798920
100006788108768
100000238622702
1340613691
15902497
1493358574
625243019
730920398
1742574791
100003107685116
100000101363406
1228804309
611486039
1593617358
100001073203908
1659733047
215150945212186
1469271711
1572063020
775739073
1463897044
1637221533
569881745
1529617929
668634347
100002710663216
100000051213988
1602183502
100003626807234
100000975328948
100000222424365
1524460032
100000421534321
780556973
1725117862
1620515803
100000086912193
100000888633343
1322927333
1656100030
1089172671
100002458072338
1450372574
1499361901
824175535
100000111943147
1254205417
100000409362351
100000558776488
1216429543
100000463397079
100001738751641
100001238733326
1540236147
100001599522828
100000372827249
1667761764
100006334087703
100006477088371
100001717398222
503304879
1177766941
100001273773016
524435482
1392158787
592390544
100006311134704
100005057374849
1724672640
500569898
100002497178543
514614667
100002546585833
528502085
1017813309
532557862
100001283571869
1394891983
1342755893
100000127981829
825550520
100001252010270
100004739556330
1797062523
517986197
564001850
1060251278
100000783819301
100000484242128
100002131530246
1535169241
1360937276
100000123246759
100002128204297
100000664963983
100004432692789
100000589011326
502899715
100000505815257
100000254644594
100003720533389
1329050523
904725601
724125431
100000002991878
1318240276
1405665756
1824876958
1242842846
1772694685
100000773422451
1452466739
1185888290
1430723725
1195126742
100006768454320
1660546396
100006804154555
1015774966
1564305680
170719179627745
1487466173
100001410977530
100000356800242
100000294213247
1417381660
557396635
1642993916
1093911649
100001157142754
719064329
100000114230516
100000367659322
100000799697000
1136643226
1014567270
100000554218742
100001524505240
1143364293
100000777126573
1339453604
100000144942589
100000213347791
1486148859
100007285147580
1335581894
1699874904
1668057215
100000310315756
1479592142
811705044
1597155135
100002645315436
1662397500
100000951287037
644141356
100004679253776
1476012336
1514926282
100000261093138
699949359
506813119
1310509682
67402439
1241095228
100002995242367
100000783623867
502925767
1301790570
513741363
1067459443
1288083418
1200945916
100000662696967
100002993577795
503702439
100000227904225
1108671520
100000340744087
1300471045
100000174617053
100004671336663
73103920
100000604420166
21718937
100002010184546
1306408787
535979148
100001321819719
1330992005
100002343966812
1268612492
100003899883171
512185806
100006595837755
1740306333
100000464151025
100003583235018
1786797231
741378143
100003128665086
100003971255771
100004073467319
100002244622151
1232522994
826385535
753620001
609553946
1317971540
100001451382392
674902945
1318181800
100005968957340
500805238
100000954868252
611797844
568195886
100000451691363
100004892048605
1773547839
1240686728
1824766710
1448964623
1628358741
100007272660875
1040080061
100000528525332
100000565833734
100001787630183
1355083303
100003686696289
1485279030
660339394
1724468712
1129868961
100000138168635
603922342
1387044917
1195293455
100005108713857
1802012468
1355364364
1547275813
100002605873368
1479071230
100000622247016
1276963083
100000768674370
76301350
100000426641526
1362519965
702466602
100007264384120
1337675204
100000596475885
1488536009
100005527170019
1637918519
100001522830046
1843930329
100002692986846
100002049923817
1417194935
100000668963764
1381473286
100001501127961
1644935314
100002121625270
100004066980785
1278720978
100006598841414
1310746181
1776654184
1454358912
1334607945
100005897078895
1284208306
1574838131
100005557483917
100002764115487
1817316623
517562671
1443767468
100000733590545
1160974034
1254129576
1210831892
100002953443478
100002097027948
100001810778398
1490224178
1570136208
671736001
694592879
1000599980
100005879044018
643220432
724718970
739923977
32804392
1496174231
1225381849
1492284380
100003143981667
100000562262749
100007082199062
1171542466
100005697554002
100000090049893
100000964038027
100001370497363
580530897
100000372454667
100000801352359
100000556774319
1462380969
1020703495
100003241258740
100006639284225
100005946669432
100000420124117
1812988475
558500486
100002220445626
100000830751489
1153004743
1769222121
100002242762117
100002832676278
100000945208585
1187910648
100004128452192
100000522367165
1353727547
100002456996975
100000994294049
100002089257017
100000183415729
100007363391645
100002276655764
1677249116
607749197
100000790936614
1331503727
554371211
1575572779
811628469
507719428
1435911047
100000497319717
100000212711993
735559130
100002409212040
100000513490982
714818595
1291814682
1026194180
100000790848716
1280073388
100000195517321
1625959155
559580698
1255843104
100002238304773
100003012469877
803154035
100000147908469
1311903007
100002333640382
100007026243303
1125447303
768088362
1789346665
1717331558
1092478528
707232013
100002655643849
100003093918003
1678001730
100003969346199
503399694
100000369055196
743207803
747785832
100000718578416
1244863512
100001593122576
505698342
100002505430284
100000323336235
1683265826
1377685587
100001356286061
100006882582138
1033698780
1011801043
596707390
1495796963
1164807847
697006567
700481638
100000474302922
1537936805
100000635214953
523476959
100001684621714
1030520962
1185003424
100001133992997
1615406429
1013396661
1364640653
1651104559
100002336334243
100000182353806
100004842673928
100001583209068
100002850584537
100001951239333
503728416
1379595113
100002166204595
503110252
1186704514
1110210023
100000678212241
565511271
100000203802008
1817252731
1576335576
100000610873373
100000373016717
1438910354
1514712086
1312856747
100000922090099
100003903789833
100001609188889
1274715475
634375773
206201348
100000196143980
734352125
100001278834185
1231355483
691767765
1762549528
1777551818
100000525391978
100000859476418
1543157946
1520061837
1577604584
564721260
1133192307
100005128594624
100004988379065
100006408462000
731573319
100000413179004
1347128930
664517535
100003503995206
100001059352148
1479189069
90500633
77305513
100000607795700
100000859395436
681663445
100001220395257
100005949780670
1587843619
100001820719652
100000382625101
208707018
1270745225
100001515487773
1343155425
100004289134270
827384489
100001095187299
100002400755513
100004484761979
100000596942799
100005742099526
100005529788734
1470563294
619883101
100000870805327
1446563757
100000834871089
100001884890684
299900296
1253050463
100000622313588
100000999827425
664517841
100000205575633
100000701472864
100001550331174
1241484594
100006812762775
368884239801623
510107047
1514028084
1583724797
100000814440068
1343711143
13701991
555674566
100002938017510
1813445485
1014687528
100000550412725
100000091518781
100001588276507
100002095023878
100003909877407
1481558236
100000901001978
1474257089
1438372237
40105599
100001072470823
661175447
51702109
100004002295004
687820551
100001059271975
1316154197
100000014898581
1258067534
704573631
100000969258175
100004895282694
100003618502518
1626843957
1085600190
1368368613
100000531649257
100000651334079
100001722842424
1390791058
100002178433514
553012983
100001634798232
623633781
657930315
1393016224
100005122093126
1066148555
808060392
100000192722162
100000148611482
100000726409203
100000548022833
100003723166780
1501095203
100000932148020
100000756921625
1617707181
199106145
100000522600481
1244548671
719977866
100000018361102
100003759825924
1845790301
1073030825
100000438475505
1580055957
100000261597239
1181815031
100005890513184
715464723
870590227
100003064414303
724225079
100003435295599
100002119787036
570580908
1329927717
1753096387
100000062386554
1017763610
517484328
1426328352
100004555209289
100001904456655
1626919169
100003474881558
1057293372
100006295779195
100001319416040
676019892
1329752850
100002012922498
570408834
842626729
1212073084
100000287797000
100000748630721
100000097056776
1557767202
1080580726
100000167830112
1232092468
100001607270644
749374871
1189296515
1407603264
100000789268353
100000240011998
100003719082193
100003598154506
100004747152137
1162584867
518494482
100000963795071
100000754570987
1214358029
100003746723953
1060276335
1071584820
100005865424364
100002235588932
100000585310861
100002400029080
1270598033
100006461056461
100002121811350
1300210562
1042320464
582017053
100002880421837
100001966043803
100000896345833
1544873380
33010077
1395686576
100000203636087
100000160216267
1409160336
1747500012
310914032255904
100003478276201
100000626205167
1701602114
594100842
100001390042873
1528765883
100000529661751
100001960222182
100000147999553
1097962502
100000148677884
100000082022497
130229013805891
1186793562
100003463664297
100000129039185
100003249253270
1071362386
1533991481
100005477474151
100003032449715
1223791950
1516748481
100003303573863
100000910024687
507109428
1791367428
1646193484
100004884840721
1362184223
100002365221488
1420517235
100002584456139
100001491945456
1318021128
532271598
183404356
1503729479
1362502760
715024324
500270349
100002005935326
716975815
100000237511443
100000525577840
100006735667825
1453869483
100005935148882
1008782979
1485901043
665641064
550340701
100001214890776
1234231266
1504217228
100002543007731
1228274183
100000119311687
100000503821512
100001818665252
1641381277
1495440155
1622675813
100000481506502
100000654224218
100001465062113
1632648470
100000388040479
556372762
646869820
1036841517
881665645
1293901304
1500248824
100001389241633
100000160537436
1580913310
100000312243413
1038772172
100001692469500
1535149392
1264010994
100006510368130
100001793725404
100000764342998
614033102
541679611
1533971069
1647385237
865075625
100000115208402
145602107
100002683695131
1197571891
321352231225434
100001501761796
674200751
1298349054
1326276580
100004227993077
696420674
737334016
1319463345
100006685750393
100000352685602
1448250025
100000285529421
100001483269032
1076407918
100000543693488
1306660896
1323189170
1156794062
100000141937731
1647625475
1291372225
1613450339
45100514
1444425891
1397697539
100003138426334
1388245642
100000102632450
100000379204122
569828035
100006458876488
1282867599
100005202127293
1655321339
100000510834482
100000589413653
100001346885269
760630570
100004315335031
100001704683147
607790930
100000992197586
1299533818
1670045029
1358062978
100001067357333
771810829
1135090614
100000973452871
1147038070
704040995
100000023382333
100004260818551
100000592022446
1227183707
1105104278
1282797961
1225176680
100001574337695
1074938751
100000448776004
100000282407015
1669831822
211301708
100000184350887
100006646479021
1245160255
1528092953
569497561
1346162967
100000092096176
1212960789
100000002107439
519536630
549267030
18408196
523806027
100003261526111
100000016337779
1533968497
2336424
100005212268418
100000682421394
100000072663842
100005183317289
1230262398
1025813865
645951175
100000533718300
660006927
100000601450009
1290670833
100005184614121
100001918547446
100001514197611
1239009885
100003264179440
1302812119
100000925291878
60700664
100001229230189
531668981
100000098123763
100003767869888
100000574882550
676934762
100000245086842
100001746908990
576899785
757694728
1708583220
1271884368
100006475907410
100003871182396
100002747347513
1217126592
1533736853
100005107242291
100002642569117
170200016
631958998
100002598774739
100000656123407
100000030245391
100006863911598
100001192910343
100001506858876
1355691834
669788759
100006023526483
100000377697250
100000382275527
1560773726
100001815361448
1438295690
100002334581805
1352112866
100000536036823
1364094848
100000488180315
1278942091
671895455
100002704630701
1664880610
100000415232495
1201746605
100000129321551
100000414393929
725545394
1453476659
100000206703877
100004829345260
1105681068
100000119310244
100006909578701
669639424
1230885078
735666462
1516382646
100003830516952
773975955
100006577811246
100000359493144
725189114
100000180883864
100005738801271
1190322398
100000552378501
100007033867056
1651871540
100000907793699
1635994755
100005094134390
100000924975023
100003175296424
584017889
100000522484762
100001474983611
650131251
100002136287609
1152877834
1290417164
100001022588916
100006176202293
1341486390
748708844
100001715309119
780022494
1290912600
545120920
1644274969
100004406705453
1576834633
542457186
100000621543152
100000830436409
100003158907560
100001400373459
719282000
1641493555
100005020693904
100001161544460
1583011000
838864034
1112003090
100000013286364
1722440815
71206490
100006021879360
100002740949276
100000225524572
100000501679415
1187552138
1644850223
100000488582782
1406187870
1398396207
100000097592588
739907960
698676387
1592430087
100000156260839
513695116
580047155
100004649527057
725662662
100001838995847
1142720879
631321099
1461233854
1817760450
100000885366099
100000527830849
100003857575222
100002933621238
100000775775201
100006511568594
100001826035180
100001168397110
1191165251
100006992311073
100000143020973
100000033579576
100000489429117
1843269494
1233328399
1595513863
1636487132
100003984271879
1351823804
802132759
1004546906
606002999
1307127124
728228278
665725402
786619912
1849461938
163600349
1315676950
100001693632292
725217818
100002055414004
589718977
665815343
1478754640
145045192626
100000017082879
594849460
100000116566830
512039465
1315824131
617749021
100000742982605
100003433144687
100002733991431
100003347575359
1032215642
1110723815
100000187467296
1547523007
100002072298006
1650941555
100001449855556
1328079597
9209935
1187019760
583994008
675156128
1288774056
100001430671572
100000004747980
100000142582010
100003309873854
1489875245
1676869660
100002637619301
1134979481
100001165957116
1616599424
1269251019
1333834843
100004344130147
747084993
100000879728765
100000273415506
1556862910
1061634190
100000742540530
1026506973
579262504
100000507173036
100001257988466
611741690
1187436805
100001243271825
740145857
1527605854
511036119
100006561063884
100000650011487
100006380531844
135500917
1777477107
1012010701
100003493111607
100006753612473
51501639
534996469
100003611625630
512032991
1013068227
100004025546260
100000314866059
100001851970172
100004152096443
591661117
1317562877
1794886754
1545245167
571738406
1101393968
100002756677521
100004074693732
700096942
100002088309237
1175548443
720576776
1278016765
1432262497
100001856269884
100003206840867
100004618531387
100000199561398
1419081936
100005045431062
1390064070
1226640648
1590376378
100001612187450
100004540510607
1573424305
681615168
1385096837
100005433152813
1577527706
1447754842
100001309528757
100001052672983
1339942113
1453605227
1293384696
100007113518589
1328324349
1493753292
503890991
662437689
100007563513115
100005897940122
100002849242164
100000207521322
100000194319134
207555645942758
100006419160817
768930651
1708672662
1249213160
100000267184537
1479109332
100003682637266
100000205367754
100000694429963
1075459912
100000324118102
1281543551
558662734
1574515907
100004573928172
1541853661
100003292943562
614228425
1443351875
100001908590682
100002378810214
1071541292
100003352491278
1816878088
1599162857
1447042380
1152825237
100000729159518
1497769845
1314813120
100001629948896
1491596274
1691040220
1120890302
100003232435815
1631282698
100001238990670
526176875
100002659697134
100000426031500
1178938272
100001494087463
1243412801
825389267
195102112
1410229856
505706116
100001792549181
100004144834163
1780152486
100002641233747
100004671875765
1106512081
1640002597
1244808411
1036431738
100000060058423
100001407355953
100003343153359
100004183809580
100001938759873
1655020889
616764815
100000555296840
1143475716
100000680112349
1480277900
529964740
100000656365602
100001362698254
1544711066
1259170524
100003769509317
100001611376433
100003340896544
100000569990279
100006721864923
527686867
100003650624282
578617384
1344834040
1406650972
606714334
1333794552
1536751368
699928387
1175860072
1355243766
1568701710
780508431
23205567
100005787575682
1354772574
690253742
1694454348
681717343
663946076
643138654
100006732431484
100000216492731
869780507
1189756089
1805090846
100001305650640
212600635
100004694041193
100003469276538
1080911695
1134284016
1507060493
1571860565
536708894
100000805908402
100000147853163
100000044824184
100002196155573
575321179
100001392382570
100002615059525
100002231704175
100000039114491
100004210991970
616710320
527884097244683
735931625
1581679788
1427850712
1804024573
1383445426
1355532070
1485540560
100000349055174
100002470680688
100000051713736
670547660
608048311
1497437543
1457721638
1237443433
1817868053
801300233
1434576489
100000585040405
1700422217
100000316877152
1081682121
100000154141130
775298356
1288112883
100000170804284
100000524695926
1121824572
623651232
44503852
100003134451160
553608175
100000391703331
1483581704
100001114272415
100000062543175
1578697561
1201480636
100003075525258
573741629
100001363330586
1605228815
1263619050
676981499
1169205680
1422774111
1033671101
100000164605283
100000524260602
100001894078498
100000350587980
1805390498
100002042681425
1244171210
1442054229
100005934931462
1659777687
1383375628
100000664750388
202600206
1263913178
100006401971763
100000097335011
100001714020049
100000097400080
100000114992476
1259002698
100001628846327
1068270246
520461273
100004194253318
621364209
100006398583350
516509682
750500067
100001395192135
100000741095012
574767413
1637834691
681456525
100004733502629
100000063357240
1157847563
100001518401935
1502741979
541871237
505816024
579624379
638245487
100004340523682
525731413
1292654120
100004439894094
1346845222
538370376
100002721236391
684918415
100003014839415
100001309137800
100000387850998
1436079138
100003706296567
797374927
1653250759
100001206096654
1084944635
693731463
100000870527866
1819532787
753036633
1786941927
1794845974
1378317753
424308714276196
100000215267868
1757484027
1404671667
1458429298
100002273648845
100004005503296
100000882758815
100000498465520
615332840
574760396
100000620002918
100003948856401
1227430596
100000191514261
769725849
1677693044
100000668144805
100000059502498
635507218
651460205
100006455435434
78202437
100005336949931
100006458756258
100002747696317
1221832028
100002366237424
1124506545
100000419405651
1006750374
1099526428
1191540051
62904599
1502168855
1801706372
100000338731702
1335176118
770908745
100000483685678
100003812401717
100002183787676
100003348063059
100000648172633
100000513563893
507354029
100002960932210
100002118251562
100004973885164
1389788778
1110803624
766408050
821219028
40606083
100001635753645
1255159712
544666999
100000461163730
100005447201214
100002622573832
740085747
100000408230153
100006438937263
1321262165
800234166
1525515375
662556797
100002573297369
100005243134246
1341571125
1291092171
100002600701732
100004801032836
1375455651
100001655763065
1752764797
100006271506299
1240179777
100000391514584
1568197405
512413811
1332682897
100000746200994
100000116052320
1669001538
100000743224972
1062517382
100000128863841
50101145
1759579701
594012286
1613945147
1664497682
1800594893
1406293737
1011398480
100006459209100
629007392
1172294409
100000471310351
1438631188
1284050241
100004092563738
100004335371202
48202503
100001373509946
1139550200
100007154135641
100000057400682
100000104280428
35101018
100000438924455
100003590157934
749864433
714968662
1434000507
100002749269854
737331969
100000701750468
100000232368847
100000506795929
1178548330
100000803534105
100004090690692
1511811132
100006641281802
1344134868
100002054899581
100000955708719
100000344568083
1220289691
100004269570242
100005260801243
100000200878300
814742079
1679290943
100000423295921
1005193057
100000467536152
100000327165579
593475762
100000483770000
705458056
1333192891
1081427677
1001791931
1537235793
100004572697005
1585405068
772518972
100001964116085
100004083138049
1612846838
1425146791
100002553321208
100000541994405
100000951233299
100007409080277
1419331993
30401271
100000113883907
1643630805
1492140304
1395701050
100006693336749
100006927284221
1018060152
100004209760483
44105520
709838431
1478470043
100000718205749
1318577479
1465880521
100005161237237
1656856225
1230292887
100002182694306
100001565747425
100001879958954
100000542806317
1800802972
1463764574
1267577810
1517085257
37516987
100003767921456
512261816
1085700052
1241782932
100000586365891
100003546091990
100002828215074
100001795277008
1362121194
100001092939581
100002881955319
1625061446
100001466539256
1456626995
1385137664
1329511830
1251881359
100007445109932
1506056171
100000888996727
100000259578260
1185605259
1841630689
1781844240
500095209
831409545
1327090809
100000981694081
100001662198746
1629183093
1455161779
1250058561
100003365075334
1349348574
1017136504
100000398040401
100000542571080
1334257561
648627866
782866912
1290519048
100006724475574
100000892675746
66504060
608148832
1291322316
100007512104458
100005444701540
517458315
100003829995116
100006976142808
611782239
100004134906019
616545079
766313272
1640623071
1409332469
1590951381
1673652126
100006410403247
100001528960060
100001564870751
100000729856752
1497751534
100004911191797
100005282642472
1519655564
100004460022642
1804957574
575259504
100001394703812
1660140255
100000422925508
1219103980
1093070433
100000578270013
100003332102123
100000099452558
100000491185579
1442411041
100003794443725
100000439622242
100000439415011
1309519571
686582193
100000162444973
1372495834
1068590551
100005631244491
502720253
100001352399222
100003346244077
1090303234
783228277
100006124180423
100007013226708
1047130705
100000330379653
1568103132
585142537
1097406674
100006188587244
1551153960
1426518414
11803984
100003182430726
100005186405249
100006016835027
1252568207
1113497462
100000965351792
58804635
562617684
100002891649637
100000581287511
1666145197
1011163590
1629055108
566985557
100000780353836
1747478716
100002142758478
1470003569
1287150888
100006486071054
1429111062
1337150327
1842510747
100006630456707
1618815857
100000406083600
1483182905
1062377816
100005046877878
100000840499042
100001668859642
100001283894900
100000204452428
548386415
507754040
751153007
100003029571481
100007074699220
538708916
100002173385715
1646850391
100000289701040
100005634246187
100000149364760
100000658627305
100006621578149
100000918768393
100000490617479
1221759519
1212506314
100002648625897
1216398701
100001040142000
1519023497
100000750972727
1256118453
100000326254793
1536081963
100003975654326
100006547334900
100001491356403
100001193736778
722526044
100000890946661
1368298054
100006410772451
510087752
1759656506
1458297502
1245796179
1529596405
1319412413
100001626690233
100002174990643
890835642
506450804
535873594
1439707609
1822840451
1260764990
100003192729644
1672121934
680005410
527650550
1266785114
1057124042
1844935661
1832524007
1001776112
1066006810
1463355597
536620746
100000157627833
100002163190224
1087832557
1354243752
729405551
516399031
1520407413
523143083
100000799094353
1520195660
685873832
1597690837
1375824778
100005018856511
100002246154331
1152354908
1481619019
100000581870251
615064183
100001558464184
100001228292242
100005375108719
774240601
1562080874
7918473
1336593078
68502042
708635426
100000642096320
100004360207849
100001842075278
100002716291836
100000536621262
100002733973131
583817790
699800686
1259258015
500308331
100000544188326
732760852
1104316822
1333961872
100003108983994
830815512
1068311849
1315325332
100001823389062
632755141
100000747725357
100000262207506
1457540402
100006229388006
100001791677798
1607515599
100000599296163
1486120757
100006436078036
100006039522839
1143934759
100002069591863
100000215739872
100001190462545
100000274116704
1049900632
562315985
537366239
100000508718387
1556042944
1563763301
1338077716
627052907
100002084421748
100005259043154
100006426397091
100006889443944
1821191757
1285088303
1545985813
100000767641298
1735331132
100001419428870
735485366
1532724587
100000118041577
100002757000472
550507605
100000876108668
678432075
1320724538
100006979087707
1424922073
100001826880363
1078862096
100000692828489
1180332142
100000882494830
1797969480
517164436
100000211105427
517430114
680245467
100001500517919
100001471763247
1069901663
100000172194704
1266151273
1061091900
1417351750
576046528
1819445606
100002868137881
743134018
100006739119976
1075443798
100000669217585
631050824
714110216
1586832402
1350129321
100001406707385
100001227773078
1572825292
100000424406755
1497582413
100006353864064
787626662
100001663534175
1561701679
100003360617170
890005316
100000122706861
1376480890
730947796
100001335393050
619300758
100000243622362
100004760677556
1601340304
709460527
776520694
736602001
1412443338
1034157221
1013332968
589172724
100002009680606
1366166664
100000151976565
1560264646
100001762133282
907885231
1548741883
1486445480
1346378142
1192441334
100002034247870
1745846593
100001355675515
100002897053522
100001489164592
58214909
1652542767
100000595056435
532337135
784491941
100003622179214
1678616018
590470169
100000071863507
100000714269049
634665043
100000165813640
100002196168595
100000403622944
100006788766794
100000399286577
899505340
100003111264051
100000424113230
1135420256
1835256143
1370973434
47500735
1417057171
100006459086220
1015480606
1356588647
100004766705990
100000287065531
739618144
100001721516023
100000531254005
100007663777492
100003405549027
1635660458
100000648441243
167300174
1157348022
1386261669
1159916680
100002269010108
100000688068490
100002285066617
1187513671
1591816124
681893911
100003345415250
100000593546229
1754905078
100004213241634
657248625
18418155
1363475492
100003847819867
502859052
100003600868532
1050414559
100005444979322
1031237868
1687149181
100002031002024
100004528274441
100000994867329
1349423861
1637301652
100000512473906
1488078063
1109318162
3602595
669917799
1495774618
100005844102334
1099055626
565529318
100000538895147
100003712943970
100000156542583
1210661631
1816909388
100000570566304
1003686067
100006550871253
1040306018
1835712376
100001057560219
100001260905771
100003713860059
100002878457863
1540932228
1835980283
100005484637900
100000991129226
100002996817915
1562051903
100003601410387
100000201582595
7713549
100003808365423
1393465564
100003761234021
195101668
100006845977198
1467966958
100005184425803
100003268367121
564267818
1440609253
1637741498
1021464383
507779244
1291779298
1445466685
1226078682
1272729809
100000939530557
1223773358
1590385108
563352610
100002806034649
1440161014
100000275870254
1424383805
100001514073645
100000351451904
590030878
766683893
1171196400
100001884842953
1627695721
100000210110232
100001209064576
100001663091318
1384184374
1213396254
100000735919485
100006815013490
1029452134
1113730315
100007682970510
100000061267457
100001455757574
100001702631225
1447899054
100004177385086
1391711122
100000925741517
711720280
100003599344746
1233461882
555717222
100000513860214
100003866983788
100002463679681
1758091188
540555169
1523011964
100000192135811
100000532604068
100001531302558
100002460097655
1131735697
100000534443990
1756161595
509954911
1088016375
100000709029562
100000469877319
1529483499
1849989078
100000232312316
1431932518
100001060909856
100004566459596
184801765
100002030120113
608844805
100003396365121
100003017962079
611065244
1168654446
505858646
100001533926806
100006453857070
100006583203608
100000557150986
100003084914794
643162047
1011760452
1551102570
1378689811
100001840179440
100001195461944
1241131169
100001537419411
804278757
100003839218272
100000379144093
100003149305430
1265118878
100005448549307
1551489476
1673397967
100000561572948
100000285677750
100001478285335
100000595962319
659043056
1561451863
100000871435488
100000538421303
100000598869976
503103150
100000931025706
749900817
1490396650
537765141
1230660225
100007027482955
1201057941
1838089685
100000063294559
100000916452975
100001924279667
1219827721
100001165258094
511248849
860420234
505435940
100002545476797
100000479822148
1559973226
100000734685229
100000506598080
100004981812189
100004765238442
1028751453
100002462388927
100003295839519
772395073
1344532972
100005963465568
1144622612
44103530
1598867047
1266611157
1568531493
100005115969715
1195968621
1357411582
1009819671
1529465545
100000475033162
1164954703
1305547843
100000520354031
100002133880147
1604802339
1079109275
1790840205
100000467147679
502107334
219706177
1551984842
506803727
1003074067
599328372
100000646695161
1150998586
100000654290790
1750600856
100005863502591
100000046827862
100002330857926
1158499048
640572110
1628923720
100001475644060
100005086928714
1615419064
622007288
1131253140
1141293487
100005971209036
100003072377543
719495162
1172971630
100000947058243
539492986
1440934220
100006465921674
100000084578056
100007170103654
1353772727
100002089956074
506780321
1592062048
100002502484113
1739350430
1546406212
100005458115891
1432420630
100001966523211
519339193
100001606419098
100002018094467
1628911620
100000027894759
1518962264
745487033
541611219
1076829892
71808248
740607153
1227549162
100001735247546
100000439080153
100002076652215
100002647651525
638330699
100005200357827
100001005263606
614715196
633281783
100004465321835
100000430914144
1393134537
599787696
179163685457737
1614270964
100002797839228
184100243
1000029131
100001211593313
100002505816784
1039266550
100003204172443
100002682492118
640626452
503147664
100001093879908
636261823
100004104611656
100002065936111
1661933748
100000953413820
100006273279663
1581367940
100001012849530
622117251
125770994106508
100003031952465
1049067302
719003647
1850021385
100000009496800
100002151624677
100000806113911
1372148351
100001137336054
100001941549563
100001092808460
1620116868
100000892098511
1077433868
100006496082498
100000114583387
1438957346
1277620447
100001593524639
100001689907947
100000297602838
1566207859
1456873662
562584277
1423765310
100005111730943
100003262281454
100002883741154
726868277
593997392
1510385289
100001655691295
100001300695873
1192170066
100000576308285
1175663278
1817539721
1363000480
1163998278
1278529235
1267975985
1518995566
100000890281086
100000444106692
100002189836263
100006136149385
181565410797
100002007001241
621080064
1025847067
719391393
100007126411602
100001222676824
1716164459
1069481404
1051761302
1489327968
748217811
1738670046
100000222275516
1228212541
1671265688
714820205
100002861215691
100006699605989
1353294762
100000634425129
100001346095280
100000240327448
100000736454926
1585028398
100004397982226
609079227
100004467481789
100005309529926
1506494107
623229895
100000576477263
833265199
100000600922354
1453091348
1020940263
100000101857820
1533746741
1460341135
100004554159847
1084883933
547049185
100000363844118
1481768894
663634311
1171212023
452950628073595
1097627727
100000152093664
1309165670
1512581632
100001393762181
100000283132502
1207268971
1168014758
100000741217323
100000220895575
40500137
1466064367
100005923717925
1607139832
100000167970443
56850239960
100001948146147
1240917624
504923102
1729402987
100007269072030
1456838621
789327312
745100730
828805911
100000405807882
1625517737
457297567649825
100000352496117
652123996
100000081458306
100001620968660
1465034434
100000087131531
1014516901
100002023669208
548001541
100000120462684
1270069271
1130093709
1236112963
100001395971038
100002731370679
1046556911
1471563526
100007093623898
100000277722377
100003022235602
157500031
100001203442842
100002024656099
1048524071
100003893060642
100004881309283
100003303460137
1145415040
516840064
756115277
1574683107
1612010221
1411376186
1502336977
741500420
1186879936
715473238
1451916506
1121815624
100001241416546
1558360834
100000565457907
507064579
509323511
100001789667766
1834456043
1758178371
584784860
100004965580513
1155206347
100005010903951
1695266669
1552567063
100000312471111
1205854942
1236795761
1259869970
1575557336
100003170878856
31108539
1580161566
1614108430
1615867942
100000440343837
100000329305442
1020045379
124800318
100001207607812
662310115
100006427977871
1390151124
100001254585996
1839621916
1188333116
1367007911
100000239546957
100000267600954
100000314487061
1311861250
100002161708016
1462874947
1006463203
689846257
22405857
100003199132569
100001414494751
1219669229
1438913072
1225357806
1617075361
846279556
518062548
100002531663476
100000003713203
566370574
881115105
100001133442287
655211749
100000005469075
100001822155901
1465391610
100000503269174
652500442
100001038077779
545063501
100000698186394
731798487
1597401088
1332142133
100003330427952
1163613994
100006554444431
825785191
100002891003420
100000123549647
1105484970
835765480
1335828997
100002848173873
100000618640113
100004119249594
100002110463802
100000297775362
787606752
100000418327888
644640144
1406283632
1275511179
828760181
1130597226
100000262932826
1592868342
100000944538453
100001101184611
100001206896714
100003504728449
1654341917
1274682717
100003099561646
610490149
598901553
100003809463794
1176551105
100002176871166
100000437675555
100005276764144
1363925029
600513502
100000084438651
100001253881666
100006827711358
598762973
1311705830
1185420064
1780404807
1509633721
1222803314
100004918084812
100006556215392
1145930675
1012032430
100001535426007
1175932125
100006722142329
100001213302480
160965363967370
1740377389
1410046047
834884655
1229277055
100004310923906
1176497421
767575298
747543335
100004537590533
778272575
1369488391
1470052907
903775701
100001308032318
549500491
1425517309
577575336
1323125721
1591879864
100000293794767
520999270
100001860645951
672430753
772254708
821334003
100005317747293
770623625
1388367539
1399235350
2052385
1535493841
100006752528469
100001399638141
100001239163562
1231817099
1595346729
630928066
100000133542580
100003821495226
597312936
100002862338074
555420646
534684598
1186524113
100000068554240
100000963143698
530257108
1612387317
805589928
801679558
100002363184411
15700049
100000821041125
1165758685
100005296296526
1351372393
100001981220578
1379352234
1387344816
100000434986377
100003691790793
100001890180435
1751220705
100004534630410
1247536313
534173722
619555456
58401644
1817961357
100003271801428
100003625977652
1526595288
100000461344247
100000247564535
1352072234
100002039963432
519332238
711922244
527804506
100001468412612
100003629829760
100006458434053
100001880679002
100001692390397
1743000619
692033460
100000050767234
1713372890
100002643799400
100000089781135
707431743
100000834487197
1079902624
100000419337276
100006812203800
100004478613362
1581007276
1008536954
1479730637
100006349205057
100000668090545
1439718835
100006734223401
100000223943911
100000543659118
100000484125969
1300743237
100000303257758
1157336054
100001086775997
575319590
562879852
100003996982138
1522111904
100001389756307
1365458406
1677480765
1615447656
100002411446803
1602006295
100000548701600
100000333891280
645355219
100000379594549
1512258860
100000845623513
1048649407
516163041
100003636928889
1217834151
1609608264
100003786640391
616814831
776032021
1773341763
525239534
1115445824
100001220224906
100000157653628
1170379784
1469820325
100006335173911
1156957878
793979410
569070307
1635584831
1834605396
1369699551
1836543408
1497103820
1403775838
100002957708336
1365851697
100001795849389
100006489308993
100001564912043
1486957232
100000005496656
100007150441373
1258766981
1701094098
1576533618
1050636441
518029223
100000028984997
1654537340
624462803
100004474023224
100002593383615
100001446904123
100006812526890
1724904125
100003060114407
100004618931693
138800494
1106854013
1850582011
100001462267223
1359803073
100001225971891
100001252729071
1412233001
100000636788835
100001534784048
1171832314
100005775552342
1174408298
332815513518261
1500490322
100000207590262
1204492329
1071513414
1369394826
100000451394658
1200778346
100003371665419
1558637660
100003067174780
1642157552
100001832262676
1133056657
1454266633
100002048416782
100004782366687
100001619883904
1615823678
1068116827
1288444480
100000938488922
1315481161
632832495
100003376925670
100002614072376
527506301
1336472610
100003091767043
100003567883585
1226032652
100004505142042
786413538
1683444538
100001419714800
100000758155605
100001772694030
100000780234256
1354911314
100006075246441
637682068
822052043
670335684
1823010300
100007080156893
100002163552120
1295966024
100004016960060
100003114388248
1536802064
796823570
100000637675030
100001435684777
100001614793609
1671137055
100005391783604
1309445136
17204353
100005688426222
1136957506
1046180949
1078543646
573192984
664361728
100002230713526
1153455150
100005708282488
1015260149
100001753353329
760737369
100000800477269
100000303714597
100000480577706
791914378
826577849
1120268276
530736239
100000102242500
1631862468
746518207
100001665935563
1619115544
26703126
756144039
1298140525
572874731
100001741806166
1652912511
100000605456743
1232543005
100000860312462
100006845550606
100000800668624
1536341335
1526955239
1508536348
100001250881880
1330361227
1616893152
100000181634421
1285665855
100000738263917
784446671
1407281256
624517278
1590287455
1850522981
100000521498493
667220034
1438643784
100004386670774
694216795
505852605
642010021
100002280133536
100004433533445
691605628
1535556591
100000434934159
100001247981010
100000566831675
500706940
566956570
1212422000
1079768074
100004981805191
1835247733
1439108811
100005655698406
100001048980641
100001304954388
100002615504573
1542193318
100005641533183
100001659601968
1735089483
100007181378046
1207841433
1473996743
1499341739
1285376839
535787685
100007351712357
1468983056
708129255
100000912797062
1516988591
100000202674291
684521023
100003257574865
100004623340622
1132633757
1115220377
1319706240
100005270317851
100000586620699
100003725924536
1452002175
100003165705308
1108675795
1704113185
100001687478676
1034711062
1410138563
1001838441
1448644961
100002518108160
100006182401740
1540886918
1833046194
1187538465
100001583391793
100001535006319
100001245291631
100002112499277
100000102908416
1250820038
100001773903381
1383287098
100003099646697
100002815256975
1339585761
100000117660533
100001566799028
1482789838
1004095675
1226054678
100006427647912
100001854869142
1604889836
100001673606643
825202312
1445561808
100000527793019
100000257324034
546396257
1647150399
100000433798152
503642609
100004689670988
1801608337
1054791647
100006591216362
726133479
1027384108
100000039315574
100002060343063
1597435349
100005110385624
100002538440987
100007223010108
1202287941
1043775194
100003884773822
100001050586672
1430708162
100000046898228
1627220127
100000402063714
100001268285969
1091246604
100004674900703
100001559708824
1157726364
540640119
100000205296030
1579811092
1018114206
605096544
591313380
1152491727
1466671638
100000435070710
100006514564646
100000159392473
1346354235
100000158658750
1625565580
705267771
532457401
1610160832
100000668268764
760148305
1042341271
534885185
100007128603352
1443997663
1329160917
627683689
1108316580
617687941
632225049
1646268588
100002176948180
1609743669
500758319
1722856289
1632957789
566725415
100000426367826
100001421986950
1479086207
100001311508941
512445273
1443326076
1341653191
1427360021
100000183780288
1522989365
1345795954
1384930191
1110565303
10108914
615275081
100000331705697
100004968424829
1073490018
700476582
1034804680
721621124
698968058
100000976675607
1677626773
100001040336047
100001447253100
1381518668
100000806028547
1131421344
100003064215279
100003815174367
1393080077
622024345
100003642335914
100002167311832
1173883259
100001389491086
100000819838441
560021776
1199883519
100006341829918
100005333942700
557883622
520484939
100005706990704
100003037201685
1362545925
100000701136196
1429874489
582890880
1251517701
1660922347
1481712731
715434440
1022427980
1747731194
100003786342387
100002858575119
100006274176005
100005813020849
717049356
100000584825214
1373615213
100006578221284
100001840222107
713231793
100000000357977
1500492318
503440147
100002397561741
510885669
1627207007
100000552249723
1032336999
100002467179380
695279067
100000312308435
284831124972714
100001293478833
1460611498
100000786943149
100000667344486
1268110893
100000937483284
501265470
1517446902
1146658222
100004966539725
647053012
1624836485
523235178
1177335722
100000040396493
1412313167
522001087
100000705338213
100003336685164
1610434802
100000664420259
100004010476254
1630353531
100000151970143
1653400681
100000537140624
1218420008
100004159595249
100001428541693
553115037
702005029
100004078245181
580155862
1128297093
100000091858547
1132717229
100002077487968
814564450
100002400317776
1629586912
840800262
100001686162465
1407890416
100006753938501
602054759
1522415161
100001610835112
1019426405
553524121
100003775154899
1020882065
100000109344128
520982416
100000590126140
100000776460638
795239291
100001136160331
1207330685
100002894242683
518038178
874160509
1678343144
1242886721
100005264802334
1169874472
100000632439121
100002129290640
100000083915962
1025140870
1407246003
1141118027
100007176693758
1220539931
100005571790668
100000285073255
100000639408030
610482153
1478597961
100000408701402
505798818
1512303771
100004679522002
100002137939947
1109443479
1245843736
100004649675795
1343209297
100001063550302
100007446695485
100001583581110
100000214352907
100006552849180
100005155626625
100000366486173
569484743
689634535
704667296
100000635977361
100000601430310
845347887
1061774281
100001462572301
1345934552
1504840275
100000470361768
507077378
1380102073
43701523
1311190246
100000701686391
1211175100
100000943471156
574242241
100001187724095
100002354945128
1285089318
1389339871
648274155
554061316
1667606768
1698865135
1207367726
100006579661151
100000297709783
1255978645
100001241340361
100004657020194
576202155
1557578447
100006282660665
100005227062143
744345801
1358628702
526026858
1603976315
1414845847
157200549
100003427029985
772416542
100005798191945
1333814088
822288289
1025217185
100004135473302
1591142093
842889
584284539
1204082062
100000099056943
1547501552
712965636
100000140636440
1184748717
100000486345438
616746432
100001136257281
1431009954
100000345505360
1151782256
100000644423134
100002323007914
100007294861551
100001384584798
729285191
100000922486638
72104411
100000392977445
100000599466408
100001684540944
1147142554
1047184537
539515796
507399185
1620264956
100000142852149
1341370178
1621571168
1464159339
100000456657165
100001194512069
100000002107054
508379081
506258347
100001493353447
1076663285
100003607341918
1184582277
1263760730
1176634686
1246814417
100006807072006
619609772
100007030182250
1443755055
100000087021735
1062197198
100005121335956
100006878400815
100003529705566
100002602818887
891395141
100004682315010
668966723
100000525976400
100000418417540
1623890117
35001291
1472794880
1143544093
1463837121
1725210966
100000696555993
100000334152598
1339570327
1501420693
22910589
1532614489
100000004207170
1494650789
100006278700973
1330427069
3233513
1175450880
100004058240436
1564285894
100000772272832
848690292
1196273718
100001037349770
1076990892
1760089597
1580654543
1189657204
1528423948
100005877515383
100001006592492
1039151614
27300161
1821880379
1565238428
100004518540083
100005720404815
100001777844511
100000554413310
100000845420932
1360912974
100000642813613
1151400684
656989563
100001346075947
100003520490989
1254547768
1050321724
100002196490920
1633932133
767799671
1585356492
628616001
1141714053
1819522947
1145841100
100002796353639
100000562216724
743193614
100000195680283
1311848204
1209391620
1423344294
100000165362795
1086026718
100001673588913
1172982523
15701577
100006362433788
100002628021305
584070292
1648959228
100000918573225
100004878491403
1045501559
100001043674501
1075391680
100005343930808
1536786568
100000120473276
1572727107
1012212273
506427415
100004354270044
100003460436920
1491653207
100000152610143
617489006
100000224288224
100001241610864
1134981516
100006137133762
100000100136522
1032039004
100001004918641
100000499317981
1336425919
568809417
1531846816
100002304767880
100005762953127
1783937595
63304985
100000537443388
1341795489
1485871881
100000503102409
556532132
1215971923
732200937
727126534
508641659
1363069537
1335248022
118501536
1288732907
1155038053
1307016851
100000729740455
100000012370450
620398293
1251321589
1525639929
734923956
1098653725
1117646593
568082390
1487270382
100000783949749
1343285308
1011236922
581941475
1653520018
197103849
1265705744
1517536194
660529423
1218039747
100000225846521
100001942823981
100000279083691
1245580451
100001931852118
1578955846
100000005201561
1010033211
100000341040577
514988059
515211852
100002888722639
1310507296
100001578428605
1452055188
100002258585225
1579234735
1786145651
558535500
100001243567277
100006581856328
1268617806
791429804
1064495376
1820896415
100005611061740
100001045016967
563485890
100000184726277
100000169127031
100000716837861
100001701198465
100001477148634
1439889313
1823723825
828741519
100005229012393
100004498685399
100000865251254
543170474
1111787777
100003093439973
1345746029
1660007769
678559664
501224786
669475048
654959297
1055830385
100000025010787
100005069203797
559807549
100005663622771
1203054474
1558077125
100001027730964
1826991357
1366565908
100002300604059
100001171489322
1567202191
703940776
1600541486
1536894738
632607147
100000349980033
1499674677
1274569263
100001306058423
100000328346832
1395972002
100000481935129
623468326
1717640601
100000881060033
100000098360736
100003248146641
100001856543203
684882531
1268682758
808870614
717718077
100003387333523
1479477024
100000094528135
1451100840
1487922111
11606508
100003400902775
1694359798
1002172152
593641311
100005657462430
581363946
100005066738158
100000876009101
1452096743
100004823947652
1114320508
100001692948767
100001924312302
1510615502
1289630246
100000204247418
100006803141491
1281937691
1437040255
100002113288276
1460172688
1281587912
100004441622117
100004109950178
100001186033357
100000413652768
1556432531
61701764
1116630004
100000725554319
738250783
100001344037074
100000632958529
100002794008844
100007349173030
100004733164073
100001827908912
100001072839655
1595771125
1475139188
1125572786
100000110000536
580629142
100002410703646
100007015661096
100001492140793
1077026889
1640809597
652848138
100004852174621
1075753479
1573986444
100002864753361
1603461597
1828001265
100000215665390
1043767002
100001606387154
100000502246489
55704881
1135779215
100001622643833
1390601714
1446036182
716148612
100003531785145
100006981070761
100000491420958
1226107150
1521933745
102600807
100001218033644
1607875785
769455199
506218707
1532893852
1367715698
746688208
1520811878
1753141704
1231063871
100000123145300
725910881
1126073903
1315749071
13702165
100001699196910
1186358760
502767291
100005440664067
1279635822
100005505002409
1322944353
1219848275
100000933888044
1557866999
505040396
1435912011
841453490
100004444410484
100002356086635
1103010053
100006751180566
1348180873
559944408
1497541339
1515217894
100000009038687
1668281999
100000024402750
729737321
1637555913
100001549852736
100003963581335
1331962707
1422150324
100000464961185
100006098520343
100000148029781
100000153417742
100003820373563
1172620636
1627684142
1617267189
1546233460
100003307855879
1443848251
1496028021
100000025355826
1392995893
1489773533
100000071021318
100002107063290
100004928826700
1270084018
553010887
534734355
513612699
100007253288646
1586857920
100000187220288
100000592500049
100001438548120
100000872883050
1631922650
610107134
100002387381533
100000517420620
100000106640000
1001287168
100002957136107
100001084398343
100003651810423
100000633664401
1473412744
100007454171398
707052103
100001050301929
1421773773
100001878632562
719040600
1261144306
581405881
100000694175923
100001568971875
100000893783439
100000290393682
624109094
11007456
1468062115
605682847
100001620791896
1675342729
1610958450
515736398
1051400345
100000218911010
100000406093258
100005748783251
1622026157
100000157554411
1231032187
100005506749878
599537194
1187625083
1224675951
768278741
100000238295688
598418950
100005684492176
513147424
214600004
1204652188
643784304
100001397854066
100001732030174
100001228134083
100000241246472
692928665
1720853815
100002423528224
633488255
100000254166964
100000259486341
100000543405328
100000070595176
100000354156423
100002415653321
1560423642
519442555
1384142194
100000420284887
1652295220
100006191200462
1619406582
650020276
1322885985
1524829606
100000369510538
100000614492522
1401701219
1543926261
119551178070813
100000223105979
100003058137507
100006512460608
1312845225
1509560230
100002367944395
1278432107
1804102975
27305911
100000005455227
100002356941176
1774826903
208100861
42412770
100000032830654
1790121510
723238117
749667532
1350645903
515087482
1210097263
100000311707988
100000231880942
1149272493
1344337576
614458758
599695168
827805558
17808582
21419170
1098050736
1001773129
563621788
182702558441345
662760126
1290153738
56701280
100001272051315
1560398206
259760594077389
100000483081806
1391371141
515865899
100003755303652
100001572812202
100000302471161
100003841424915
100003775099556
1790536411
100002007276550
1442343923
100002531029852
100005473230284
100007090333360
512690262
1455740092
100003952979134
100001669282791
845114130
20907162
1725875706
100001284917761
100006576180098
1113395619
1382410093
1411510917
693541580
669811214
1481079733
1292626144
1424946588
100003600261595
100006312669789
1404555420
1406311673
1439958468
100000295073562
1124883712
100000473028773
555433670
524055888
1139782538
1776537616
716655178
100000321261653
100000068556104
100000011647457
566553198
1018724713
1249957899
100001719436082
1361591392
100006505722881
1089085650
100003021503993
1464827680
1552940698
1154604287
1123546460
1275961580
1298344336
560848437
1648238523
1334254771
100002777074119
100002306979152
100004674127912
100002739960894
100001805032423
1039641232
1314731928
100001166220830
23904225
1056243939
1272946885
1739508595
100002443995689
1487315450
1015472613
100000942960792
1596442577
1466362856
1608470361
1835234549
100000828577344
100004124762069
100001815877533
725470118
100000790771024
719266402
100000186387581
1383433954
1232971027
1088800601
858325454
1294568546
100006392434369
100000407766274
100006846878948
1248679077
100003086470387
100006629434661
1778521351
1403652136
100000790776418
100002795403942
581957021
100000041732452
1807995883
1569024862
1139750476
100000788700932
1209893569
512216121
100006999817742
100003951123868
506379944
1336284945
100003954370993
1323732090
100006703140150
780698001
100001638164215
1666717344
1819672244
1505016880
100000168021448
730435778
1088436072
574793407
100001579777694
1131591004
1340142830
685776067
1079460915
100000065269421
1346106610
1077258777
1029608071
1232954740
100000584287582
100006176801466
100001003813974
666256461
100000697089792
100004495214116
100001341036496
732854191
707450563
506525944
1294675262
1309209421
839904
100000103130265
657873573
1054022988
100002659134978
602158268
100000010138710
100001018373805
1049733422
1450754014
545664466
100006844596826
1696668726
100007228750601
705150702
100002760740539
693635370
1398302356
501337524
100002353034200
100004008120498
100000675476249
1211104014
1115850163
100000010177890
100000651310515
100001951907919
1460354860
100001400676682
1148989966
1534562566
21201756
100001009163741
673119758
100001716341028
100000770834110
6206590
743924602
1487988807
1607996839
100000553399316
1164166077
100005138020569
100001087478800
1055715771
739823295
714760062
100001211856751
100000849515762
1068032916
599989341
100006013513406
1639780828
1792300076
100000026031138
100002965325869
100001132697620
1478366773
1152684535
100005234293087
1364936059
1132381781
100000350665381
100000088635222
1347201545
628785274
100000738629028
100000486301044
1037542421
755258911
100001234123658
1674400433
1581348164
805610430
648552937
100000235411044
100004586654330
100000473641220
1762090037
100000439509028
599964179
100001797044299
100007528173550
100000069830756
1501345829
1415080164
1436531248
100000923619991
643843734
100002122419260
100000068352400
1358745918
569594991
100004393032094
743311479
1457802755
1076178832
100005190540240
100000025432881
674717071
100000449506729
1064927044
100000315038218
735581823
1638816220
100000173134300
100000144340932
1311309766
100002030135050
762104160
1017720008
820535525
1517743871
1756824723
100001110581525
1025994833
1182440660
1334289368
100000701919692
179300320
100000982062409
100002266652494
160801334
100004613949919
100002853148557
594925140
1824405540
604978092
100007079378994
100001043795236
100001233151338
1579900552
1086946214
100001992466009
100005037704043
100000797358230
828174967
100003904710410
100004137006335
70306006
100005735765520
1732072336
100007102055700
100000322269725
1020180602
590001244
100001254227402
505908477
1069705600
100000292590689
100004067641448
100002093329781
1048384931
100000987330636
221214881225099
1251884258
508115360
1496750664
100001436131322
1123353871
524434661
610935247
1067599631
813569543
1651741575
100002155279143
100007169889685
1601821350
100004180920828
100006146654435
100000191705589
1319346560
100006430998377
100001708731655
1211984789
1597188080
568221120
1459182488
100002625298722
1429892126
100000061443407
100000414491267
1350420778
100002461265868
672761523
581019834
100000392201465
741990855
1191350043
702624480
17113058
659038103
100002333480408
1169938278
100003804618534
100005308266948
100001215213810
1707785557
100002953001190
1227061239
1050484165
1552197094
100006011793259
100003901763405
1416909563
622196039
1241683017
100003478377395
100000704276461
1609151602
100000225684148
100000011536652
100004621541593
1188380636
100007662154736
330800212
639006766
100000519546930
217401649
100006413255606
100001294552958
778104130
1669627839
100000136028307
635232282
607680432
100001504500952
661436768
1462394405
100001092887369
836064370
100001558003489
1639761068
1342586473
503085325
1060346396
100002263654810
1654094427
100004771983748
100001899258412
100004270148347
100000316551054
883025013
1088544331
689850111
1351455169
100002109007329
1613097939
100003495450743
100000836862839
36000186
1115046980
1249048884
100000080394319
1615351011
100000289250554
675041005
100000320536870
506085429
100005337905182
1037224350
100000135051699
595332320
1197513819
1648269291
100000051938559
100005000622445
100007130983747
100003160878567
504110394
1647168534
100006282940172
100002256096437
1635045138
718950639
100001555770972
100000576361958
1296570530
1350054794
1139856724
785987846
1583040623
100003175520924
1063262081
100000155536840
1161677048
100000207879775
100000042163805
1739992077
1728506080
736860009
592112014
1783366858
100003026688941
503610810
100001073698130
1099667696
100000854397911
100004492538757
100002701933561
520637891
100003968697289
629926841
661911819
782181869
588527947
100000123393237
100001145250185
1029516893
1827697321
367173320030481
1102866664
1009659803
666365016
100007061917444
1646166011
1228021916
100000119993887
1034706724
736102164
100001686669275
100000428485962
100002281635731
100000712036339
1671459093
1536950274
100005499604153
1163957024
25416286
100001721683381
1294227593
100001659954267
562043172
679148955
1124735475
752845358
100000336560010
100002479380674
658177052
100001512270070
100000656038599
100001868493463
100005831501635
100003042368468
100000070401579
100000868282455
100000447204124
1538476840
1421581788
100006626941126
100004702022220
100001382866935
100002098119093
539582470
100002964509176
100000023847693
650210639
1034140002
25508556
100001242788239
1625492888
519744150
1106060872
100003049393747
1184589970
803560838
100000513231925
100007078652523
709023244
100006714063767
1495463563
100000695076816
100000346977957
1705670382
765936263
1428392047
38512162
1275634453
578810243
754604457
100004208650257
100007205291175
1127367979
1492952849
100000102520004
1093301684
736120476
1333944547
659320090
100005955069381
100000536082734
100000322878866
100005752033080
1745042416
1769938440
100004485665421
1797313490
100003959303544
1280929736
100000783315718
100003733564545
100000839304066
1590030798
1307824162
100005434591041
505823898
1347962527
653737851
1347150490
100000827597090
1329734731
100000250782148
100002029653371
1676649375
100001940091561
777182838
569485688
100001548586079
100000060465958
100000723649315
650685006
1350133325
1370506916
1572723157
100000787358145
100005390084010
100001926814038
802100639
100001381122460
100005208511342
559423289
1398342869
614262222
559992796
1287488191
100003569165302
1424404125
100000293688261
100004075965263
525988988
1487007535
100001215031026
100000105448238
100005788454604
1524985453
642747053
506926747
1479592852
500739924
1494917403
1172553870
710480909
1418965464
100005093824019
100001108731571
1405297567
100000275710407
1340613448
617417164
100000762099297
100006246908700
667133881
324888964216465
1582963780
1036194242
783964716
100003468249373
100005852490641
100000664717628
100006365225217
1332038041
100002415332085
100000360421314
100006703030492
745826141
1507502211
559889093
1329324975
1212139193
73307334
1169325945
1402887088
1108432631
1336127625
1294305652
13722266
100001047693078
100000786995155
1464107001
1525485345
100002453499954
1565040752
100000874128787
100003819917889
100000988870251
156800850
100003278988152
1545826391
1793799796
629888342
1375280705
732704449
713832656
100000155027169
1407683823
1237344512
1656602887
100000644194914
1314767001
1574017114
100007236793080
100006562574360
71102753
1579595061
1536907303
598334601
1629027596
598600000
100000390744091
1813299249
1048399232
614270570
681225248
721415852
100000435735934
1734114817
100000439728815
100004218874017
1523315432
1483885837
750069141
100002977820604
1418761622
100003972459339
785579503
100000598323806
1502872147
100001033364180
515945962
100001176808359
1427142979
1017358378
1815684759
1262340866
100000073295249
100001580635649
675593442
100003687763769
100004839824183
100000494064196
668351829
658710049
1096797064
1741576917
100004040057583
1413069645
100006056404198
100000514719875
1013818455
507657802
100001230867484
100001080939722
100000747268454
100001209684372
1601485924
1808891860
100001789177782
60714406
100000121568660
100004833071206
591673212
100003818644356
711187037
100000606363561
1828287513
1202848329
1266172581
1055769071
100006801335184
1024959551
611685543
100000101654722
769445412
1768103489
1466994877
1306356693
732215327
1452062180
100000809384011
100004281761076
818733886
564098593
100000797430002
100002260475785
689378313
100001370767732
100000680606207
100003278291063
100005286004277
100000074715314
100001840588043
685326457
1586986186
100006493401150
686759405
100006888001515
1625373734
1558547136
12430749
1696221245
100001949564713
100002586171315
778624357
100000280701127
1426913080
1524271660
1277362164
1606647051
533395054
100006898024921
1543113940
100000014695417
683057593
598735482
290100416
1830640234
1577214801
100002425299476
1237188665
1015387503
1452440572
100007109760354
1452377803
100000532969390
1640950666
100002471067190
1764469804
100000030983738
100005572326644
1105321026
1256166357
100001108710904
220899881269246
1194836242
100000113499901
1702454
1730972374
1406441111
512042985
1150998434
667649941
100004072573909
1105266243
100002629853175
1644005225
1375942931
1385240484
48002485
615049134
100000220540319
624465826
100004896370502
1317097823
1244835077
1460345319
100004174514305
100005602326862
100005308513250
100000658157932
1437492359
1003106949
1316059008
1404820890
1446297665
547399053
1579511598
891960586
1186372859
100001608469495
100007164041200
100003797911786
745937962
570613939
1640773156
100002350223450
100001344754050
1456032948
100003641664362
655341312
100000019964090
100003193188411
1597969688
100001229404068
1585968458
100000570038177
1760900703
1323562579
100000979528167
100002486598777
100005087708776
100002160020217
100000011538694
1559491340
100000548324658
100004623995185
100003009071714
100000227946023
100002577672047
1426878964
100001946178531
1004883929
1465325187
1660576059
798579332
1054129033
1623012742
10011358
1511386204
746915258
100001800833683
1631874336
100000436539289
100004007221674
1577821626
816028271
1369267477
639358232
100000436783477
570659916
1444086621
100002974925278
1448083532
1111785520
100007255414734
100002946937161
100006208508192
1150683617
100004713130174
100004333625356
100002081819153
1493662360
825343388
58219101
709195591
1380307292
1393188927
769652811
100001609283527
100002071251046
1419534088
1540780106
1046904924
1262679621
1266428269
100000563912686
100000839658740
1380001235
1195603094
273060106049193
620277402
100000498272965
1103239084
1463100952
632358469
528188954
1180046296
100000496890453
1085232288
100007403227303
742599031
100000776021623
100003162376116
100001360825435
598838620
803524370
641167813
63603734
100003352821513
100006341258836
1665744981
100001829838384
100007300772893
1376394561
1671764592
1255012160
1354861018
698517087
1384732982
100001982259776
100002450244751
100000096385058
1048229388
1620618139
1352319573
100000177259820
1623751340
100002409082790
100004864711644
100000550683736
100003474204286
1197605474
100006458017333
100001534510846
507750027
1079043634
1548258806
1851091192
1037124118
1487046942
100000558861308
1060781006
728186959
100001761855390
1654344602
1059495278
100006070053087
100000048123255
100000472454168
1628958915
100001190903808
1373008422
100000447893572
100004345627328
1257906459
100002925106512
1804450328
1155378292
1005261777
1491604763
100002200847411
100006030792913
100005516646073
630279400
579653743
100000311475440
686311889
1119301804
1579790806
1417572098
100002923417837
873890436
25523234
1265740038
100000331143004
100002345128039
1495437750
1640211461
100000209469770
100000111558931
100002430335920
1843748662
690122316
1095194460
515181473
1039805581
12302831
100001247814739
1665382431
1054799247
100000173837639
100000494983821
100001590057765
100004275933945
1246162502
726062076
100000023108978
1420556570
100002011432637
100000117603575
2062074
1114988085
100006460277987
100000980396620
1313333370
100001922243371
1413590947
1251858829
100000435331803
888715083
631453703
100004550832763
100000425570954
100000459672993
1518841385
100004053198512
100000024231280
1582480492
100000253290497
1082888578
100004566279281
1171172617
1279153073
785876962
100001464307165
100001878622534
1372740356
100005365952385
100000151643153
100006247209369
1063572747
1391181835
100000610091567
679361571
1181994897
100003704220106
826259728
775952388
100004411031824
1615723266
1458124077
100000025487509
648532201
100003003567505
100001022712680
1758387558
1232326334
100005499821524
100002549671773
100003113423542
100000057362604
100000763738296
1135793447
1251155611
100001903672398
525411685
718484114
100001546462259
100000073310395
722575327
1072823203
684130433
100003586698074
539867466
1407283403
1827570696
1588352237
100002618620467
1529001704
100000298986631
524300563
727850580
506214544
1309777756
1804141190
1147867778
100006470449782
100001954355145
100005052544889
1226358255
1600826079
1307165674
1236005129
627080327
628028943
1411843441
690947536
100001627627824
100004246061916
100002258805028
100004444386413
100002929086938
1609248531
1544677788
1224412056
1041807249
100000837675874
1805650110
100006426889775
1314875224
502267472
100001064859075
753369898
100002734267853
1161177494
1450580515
206825992740051
1146672616
100002267256908
633032481
100000819636402
1336886072
100002636777443
100003481618958
100000414614282
1799045260
100000535895498
100002572301049
100000609974641
100000033622552
100001644628866
562669147
100001640711130
1591487633
100006452885112
100003545330421
100006259744029
747722545
100006456989287
100004097390709
1393445851
100000830671900
1654165161
1323042880
100003107490720
575460170
100004584850896
1194667685
1545146532
100001642713032
737872518
1658255626
100003135517464
1801897426
1151088446
612535607
548729617
100002473501818
831112389
598212249
1427303905
100007096624093
100001086226726
1277328593
100006706867144
1076985641
100002326447776
1119034243
1215672536
673642573
100000040395278
1334079662
100000234736550
100000452990842
100001045599861
1104081303
100001105636253
1068449150
100001448787746
1479063459
580392955
1256387336
100007616614551
701806817
1848316401
1814449310
1157401943
100001571996073
100001996491427
100001710442057
1066168823
822769815
100003550256530
505343571
1036600026
100000713427025
589135458
100006410944128
1024189558
1537490000
1084370188
100000136040195
100003050776412
515504999
525653600
1529043571
100001707313398
100002352446702
1105149852
100000357121246
100002024156601
1422678608
631349005
1122424606
1479376189
100000271602274
1507626655
1606896944
612612602
100004412316131
100002279799265
100001255671830
100000555342270
100000000303062
100001851698437
100000702851828
100007507382655
1708676284
159389997493681
100001698467932
1187980958
1312747898
1234714939
1265473824
44200797
100007574520226
100005921529078
100002025985031
100000668512985
100001796867656
100001633470076
100001051010332
713622817
100000595371170
732037126
100006746522104
100007131511276
100000337894101
100000519622672
1360086078
1815894584
1641563327
100000592112210
100001239201656
513435946
577929975
100001426400798
100000140397225
100001542112473
100003680786093
100001425421225
1650196725
1350081932
521520815
100002679415011
100000979812317
100002906573345
506539169
100002258788224
100004693448087
100000139003527
1204003067
100001243944382
766235382
100001312267389
703577236
1561971503
100000163371798
100006954181867
1589316172
1051712533
524366020
1552175917
100000382919176
1280512168
572268246
1494211726
1620078287
100005576023401
100005148364105
100003168164886
100002881964035
645886469
647314079
715227404
100006294282256
100000691971811
100002003563244
100006638952337
611605542
501742827
1411057640
616543996
100000019698576
100004293450873
100006660397442
724883724
100002155302145
1009283027
1285341668
1583674612
792158072
100000099645588
1243186627
12303029
1593955715
100000041006387
1187532351
1203466964
100003783390447
100003392616739
100002317291968
100000780175191
100000337568298
580787218
1344484196
100001389192711
162700495
100005086360864
100000116362317
100000519164759
1491202315
654471149
100000600215906
100001996197332
1508663561
100000960086519
100001497505428
100001434903495
100000194495571
100001164383961
100004938131821
1408848078
1080364076
100000211088245
1275876096
1587982143
1364440674
1014654876
100000882452257
1833242257
896285176
100006732936927
100001906279763
1041246173
1386674560
100001107082904
100000847291403
714410885
100001499982114
100002034566950
1325741809
100003117455143
1439814242
100003250561338
100005995623729
1426646579
100000705183698
833195237
627046481
100001546370114
100006238506254
1372574269
1283637109
100004065854834
27314370
100002305692957
100006463718028
1515536008
699421720
100005001940277
1736604257
750928261
100001563170284
132201738
1257873987
100001624977557
1593440590
1487329915
1165770069
1395812407
1002637945
100001073762600
1180448578
100006523834827
100001775011797
726731970
1503813223
1195502355
1284774074
1300548708
100001463196043
1306000336
1178730857
1247190118
100000051778467
100000873029133
100002913505665
100004395553744
1416357462
1259297332
100005650032751
612111338
100000978446841
1318762089
508324607
100000138369260
100000227726565
100000626798695
522617425
100002885221895
100002427024514
100003926066135
667130044
1365347860
1580058382
1162290461
545458720
1045310466
100000465635957
1416042812
546449700
1073060144
100001551993512
1575402970
1800504898
100000195896386
100001296796155
100002604504557
100001282197902
100002259069056
560493656
100002412061170
1803102152
587718645
1144503285
1163966570
100000866935799
524286778
100001333749171
1010250056
100002442921740
1625103246
100000640271441
100002240312000
1111155315
68110132
1067618186
100000436681396
100003590929237
1211498820
100000049161296
1269668525
1323391311
100007140844069
100000604875609
100001052545925
100000079095789
839345208
100005891195505
1366064634
1332292647
100002464483847
100000050680585
100006720130119
1171211403
210803303
1765631672
100001977293739
100001643095191
100004012903560
1030515684
766134812
100000024424293
100001513044582
828675643
100001352511668
1664831691
100000630108523
100006740203263
100002753312412
100002455573570
100003774770007
100003291794245
625955421
534868716
100000348679278
100000274155424
800005356
1236187938
1580396080
1040331398
1734027182
1348874755
1811916869
1091051322
1048686622
100000237909903
100007202792714
1385122297
547588866
100001289618757
775808326
1508164802
1141773826
1535870555
100000706956937
1619987631
100004776306527
1014577206
582752859
276048025767038
1229701009
1259441581
555805703
190173786157
1614290069
100000967570449
100001159123076
100001483491526
138800781
100002299654284
620060032
100002235974968
546061280
100000249401472
1517805180
100001782120630
1482201571
100000229957404
1368319317
208600215
100000778879353
1158863878
728987817
767066825
1422302678
100005190546404
100003361505672
100002655974458
1038684690
1402367545
1027353250
1049880936
392876364172044
518455161
100000151931589
1621622182
682259528
1206182253
824830595
3614685
1673371622
100000207282525
645996329
1470690399
100002662073360
602913062
307600223
100001682172977
100000226836947
100000434615712
733599936
100002216244923
16815420
100000270861855
100000268651168
1140525488
100001276725267
100001493206928
1632217114
1798526593
1159562400
740983796
100000621605623
1592054886
1367130790
771230883
503252090
624607086
1612623342
1739991933
100001968517767
100001517102615
100000097502614
51101958
1588751664
100001722286106
100000435153500
100000449208705
25805110
704276534
100003382863462
100006827647184
1226361038
1018030828
100001502665496
1256677859
100000019748758
100006700694392
1428475440
100000712923750
1233039244
100000471639291
1611647164
100000463785252
100003920888375
100000761040590
1693541222
1038174217
574271212
100003293308111
650572526
100000582934288
100000257396944
1291021547
1638333230
100003245199172
100001925008421
100002952238044
1311231059
100000539058414
1228191118
100000664935486
100006018764276
1147008349
592886779
1262629030
100000694821640
100003479663487
1657515270
1677148201
100006614166210
1539144842
100000641877780
100002680087730
1656392099
1543570014
100001612759949
1402108381
100000400476952
1211143768
100002300829737
1481329483
588453652
1700492873
100000198521686
100003148171422
1273532605
100004114989795
1266701877
100003932046903
100004017318409
1106766081
1400499108
503562945
1018132085
1241342704
100000201318067
100000307005286
624769492
100001869494732
100003372824806
747969368
540530583
100003675532590
1311508710
877905570
632982092
508279366
1084141418
1743114923
1340026158
1534584274
1020991534
100005170268647
1490440204
1580797843
1736522546
100001375904252
1181834470
1585980690
506816528
613411735
1176024590
1483757593
100000545800294
670656375
1332782555
100005761417428
100000673162947
100007631682355
547275329
1278184435
1467112875
100001343406399
1019726892
100000550863630
100004880766332
663076971
100004928052132
578399820
100000826125899
100000016058126
1630808279
100003140171542
762266039
100000142554850
100000018037985
100000604129920
1084066899
100002381712326
100002535097054
1398291477
554510017
1492681364
100001323595669
23331702
1301860303
100000382764066
100005990172257
100002228816947
508155911
100006672097713
100002141450954
100006025994259
1454831150
100000099117219
1185672521
665683158
1415666143
1163075394
100006529955787
505278910
1501164708
1397043678
1156696854
100001291506299
100006208775989
1573189447
100000385863158
100005847249609
100002412665999
100005282594263
100002700903552
100001828344714
1204775302
1790678088
1260443819
511403286
1477643931
1144740316
100000561886576
1621873873
624409527
100001427649270
1111875125
1434746936
1169755013
100000818693635
1559901062
504639612
100002129674663
820944139
602245774
1631885182
100005252803088
1081806465
640722716
1397457431
100000174397105
1136991300
1320536471
1269764101
100002787463349
100004562742908
1563975884
2021920
100006000183383
100000496791971
1141373915
537331704
100007176550967
100002120291460
1464821361
100000512446814
589857808
100000490431770
1301706709
1070954716
1141150210
100001850009010
100000286658937
100000688903916
1821957611
100000059718788
100000733757305
100004869999908
668140817
1581632165
550150274
100002494064825
742550265
1581680810
100004558538175
1053621301
1692026761
1179947072
629446806
100000167438973
100000258075278
1515417673
100000285537207
1389917381
1035441232
654663274
100000325646394
100000203456559
100007000625106
746576491
1011712922
100000290110506
503695645
100000226334044
100004467212838
100001112900542
100000785709581
585060318
1214479628
1417874527
1617833639
124800642
1512468385
100000410927246
1673922103
100001354320023
100000218583003
100002219127739
1417608740
1023723737
1233815642
100000384214398
24101921
100000355757328
1281625559
100000102256870
1515034504
1315546040
100006356559380
1368043318
1483121069
1520566178
1217603444
100002189223228
1362584038
100003970946036
100001475568641
1225955246
100005643580558
100003178300253
100003801106746
1191295835
1258175523
100005053541260
100000489315106
100005614291587
100005943720381
100001498215486
8639999
1433575663
651420590
100001639764525
100001155117354
1497458859
1391966809
629281202
100000381609890
100002586864504
100000715476180
100000400528062
1202757684
100001839225820
552011724
100002022752198
1242932672
100000881360982
100002850377934
750162128
100000395657829
1588333628
100001095873511
100005690702163
501394942
125900536
682361824
100000217380095
1666434677
576980256
100000681419217
100000096340725
1037798097
100000060118183
100002778704419
100000534289985
100000382675411
1683201410
100000218749929
669384614
1590533551
764297377
100000422745573
77203281
1503516044
1263851720
179300236
1560336750
100000627126105
1382378304
829215351
1349441201
100005965891399
100000650950020
100006665441074
100000149941406
669835040
10124294
1844408724
100003348043874
100000143663061
1006256368
100003688981878
1320337838
100000057278599
1006241324
1016528044
100000010038713
1594368592
100000236890827
100004654569603
100006135933630
222028278462
1022140135
1657574999
524396772
1047135069
1336149814
694151513
100001698991996
1058263524
712368421
569871229
1300491636
100000112604810
1404385146
100000300490331
1205871071
536720006
1774578664
100000986563629
100000612632425
585580982
514685154
1021629155
539649419
1391589036
100006483798977
1272484975
1300827222
100004625588946
502490730
100000504110264
100001576956486
1518550770
1093080699
100000780003661
1328424140
100001837881655
1631737893
100001044056401
1801680623
1183222281
1551709357
588098449
1183574727
641802867
587279791
1176630022
100000530225179
608878720
100003999050833
574600053
100002609193410
100000585434784
100000999780167
34408452
1540127540
1138756172
57703166
1252682449
1262901860
100003598871239
564240642
1601417087
100001032285517
100001041117071
821318348
1078583702
100000058709100
548207321
100002017527094
17001624
1578637555
1452452476
100001318686422
1196199199
100001361914660
100003331017685
1313793810
100001181462459
100000791850837
100003024119256
505126918
100004918511493
1832911135
100005469577509
590446158
1305656443
100000744870137
100000484848228
1593702117
100000352586028
1129925534
589446574
100005491116978
9325303
1469281252
676228746
100000593905055
100005664818744
1064701591
578707027
1462508163
729901174
100003077781249
100005436667644
1057821000
100002182661103
620274578
100000706200842
1257030416
100004040736827
100005202760509
547985318
1631650369
1424685535
100000140746044
838393027
100001982357186
509448468
1794971649
100000464503712
1183191812
100002873063007
1212826868
724219689
1647543442
100000412397152
738211025
100000196575449
675046164
1204214926
100001785288907
1032875442
100000236445427
100000205802827
100005829156376
710951619
577757203
100000867744563
100004124950170
100000201095541
100000237817907
100000709266225
1226944321
100001102957420
100002263009824
100002052420813
100000108108091
1657170079
100001737033161
100001487160874
1221213226
100001032273105
647845101
100004052813637
100000362012972
100006750330105
100002311030125
100003233722262
100003891390677
100000531769290
100006000724918
100007417423709
606794372
100000222837945
1260235967
1401548079
1410397322
100000002509338
791155756
822000031
100001842547559
100004364912279
1295277824
100000945733144
100000741610711
152000429
512336476
100001409923217
613636195
1248969742
100000737907758
100000523540912
100000520205338
1377941671
100000107934225
1455270137
1464368738
100006048480582
100002790699647
625292684
1622079978
100004141452022
100000228664670
100001586548940
100000764398594
1508133145
100002551271890
626988972
100000707387132
623320324
1250910111
100004174416520
1555418611
100000117790942
1113381025
100003782207249
1119834179
100002682095912
100002909989181
1323974855
100000702028530
1438864809
1369538159
791664300
839001987
100004599871293
100000515200610
1202628455
1426277625
9625358
100003363248853
1682833230
514472212
1848019988
100000077295737
1268352919
673965283
1323461453
100004136019410
1342817002
540353050
100006684964736
510476453
678812834
100000530545133
100006420036313
725189792
1028884829
100001163707317
100001157660911
100004694972550
100002145435851
1392522610
1079370780
100003648523545
1526226290
100000399892066
100002682900262
575611186
877985111
1447339214
100000091951482
100001613721556
100001189244674
751502207
675027173
100003221487396
100004859466797
1060029514
563169935
291700318
1041240949
1191764891
1586933715
100000328801357
513437460
1496614910
569938537
681139368
100000112129268
637695098
1193912749
522791223
1633357053
519815526
1265602583
1275729741
1563562020
1615092529
100004015921605
100002607822345
676815981
1378543314
100001478761678
100003610785592
1358256723
616080382
528811747
100001178048745
38009173
1752137371
1660316149
1046913560
1523505726
1251103212
100003119670250
1487631558
666788300
100001423227640
100002156213675
120505251
721333162
100000543267645
100000403079034
1678076342
100000162073002
554358055
100001623586683
100000207948482
1405844521
1043471792
100002304186618
1081874567
100000562925559
1675823384
100000339337959
1793838992
100000013311898
100000563233252
1547483158
504696192
1588158314
100006618722047
100000712159351
100002233231054
100002819746179
1009548431
1396416388
735160750
100001391253954
100001820800813
100001592494898
584541611
1293088118
100000664920055
1132999149
1210103868
1547329659
100004700862401
100000182990722
639136650
100006644443780
854799511
1579188403
100006630905213
100000190031753
1828645489
100000054523087
821132725
100006490785818
100007598559496
100000509337339
141733212582845
100001551687735
1224120038
100002903392631
100001073003726
100000176250621
1099929697
1574260194
1048661820
1198438179
1434476433
100000127129298
1324526645
100001633261566
1635957399
1402996961
1766817053
1571511932
100000697072486
100003127652623
736029473
100006762816493
1585964132
100001271625127
100002916826253
100003476516130
100006528785208
1311007010
1626597222
1422010594
100005325668557
1209069426
1531915323
800405532
1164580054
552811961
100002398359391
1128171512
763669809
1374638395
100004104782273
100000106750784
1483565201
693679257
1340031237
1675970903
601561812
1506274807
697237983
1831673200
100000065803604
100000488361494
1664283339
100005803721489
100000429552915
593514526
1139627375
1559614672
100000125376197
100000236435891
623748124
100000837948409
1780694431
1657197517
100000425214251
100001995750285
599412752
100001531554255
1004899234
1328123216
100001389238549
783115509
100000694236261
100000139780758
1215843485
600372170
1637310228
1593837485
100002601118562
605969831
736040445
100000576184031
1737563274
781564316
647123134
1517530734
1267358294
1682088285
1339662064
100000236766366
1043875249
1188720457
100006454059624
100001039247839
1366534228
1299830632
535887413
1468353969
68100552
100005546615416
549813731
100006566592859
1390776849
1136895229
1653849147
584811153
1185190278
1205019832
681073855
100001528870228
724978011
1168585079
1612382851
1086356849
100002388272058
100002715135101
1227423998
100005399704464
100000787204301
100003683048866
100002463294297
100000874375471
100001729902003
100000417194145
1477428700
100000526352486
100006859360928
100000128584683
1565662219
92501523
564395263
1575394615
100005008443990
100004979882564
100000699031229
100004846184214
100000299102589
1258062157
100000886651828
100000909624101
1840103741
1120758107
100000149236793
841559024
100000126527784
100000806229073
100000585355899
1792261162
100000068596285
100000482954426
100002483430652
100000543592809
1826341569
100000503802110
1152489609
100000060510345
132800946
1215240861
583663412
1607617032
544322564
1360126794
100000788188858
1569390906
1126975375
100000587917314
1515806915
1044473304
1486149033
1765874462
1258688501
100000049878434
100000034568318
100000570753215
669531280
100005828352898
1381941631
1278894627
1610852485
1569220807
1386967902
1609237672
1182486440
1074726252
100001891654008
1045410511
666587900
1089886640
1320394877
1635271675
9324999
1403830267
591163401
1752915487
100001660304245
517884009
1799397411
100001737634429
100002718151728
100002286763281
184802894
703416384
100000201306787
1078381435
1011726250
586727312
642714284
591683987
1660095533
100000296611023
600420438
1302198900
1086402667
100000038327873
1589910310
1678717266
1119588544
100001195899799
100000613076239
100002541984550
1443780571
1219437676
100003867934807
1183332444
419695648051238
100000179937413
100006890437229
100004606505828
1554281197
662849707
1366691180
1586798282
100004365934528
1083938603
1810726236
70803639
1241066852
1462158708
100003009743256
1222908578
100006525031461
100000123173751
548500777
100007123055385
530027034
100001286501069
1077974286
1491764361
1049835795
100001310483697
1384311894
1207996538
100000076565772
66504554
100000281447807
1291883806
100004056374093
502977936
100006562366756
100003366174725
1215940268
752641163
100006599888323
100003652403772
100000343984670
546352866
100001359859346
100000302406228
1462670589
1769580634
100000424677748
1443165426
1100514605
201401933
100000001553325
1021262139
100004758212109
545845712
775949114
1360821123
1797376310
1187396217
100000682645282
100000219185243
100004047730194
100000043322047
1681820372
100001829938913
509987429
100000075234844
100000054868161
1584656597
1321674266
100000077967285
1660653524
1242039220
1332252956
885125313
1587289515
1496013804
100002538919664
100002287876883
303261506360025
100000977329342
1490850385
1044233219
1326391159
100003286197489
1105147035
100003929288954
1717920773
100001110667925
100003742112981
100002058884285
508487567
100000057965659
1574550011
100005848776884
1058516707
100001886187231
100000474522975
100002481197680
1222134935
530319074
1343557365
1331173644
1410549473
100000660728622
1448712329
1309624157
1386517340
528718471
1189166140
1522929328
100003816900276
1003060089
100000714982988
629385250
100001105661006
1826620685
679515792
1410772966
1803793889
44407396
1410397263
100004182432029
1088031975
894735516
1617673866
100002311945209
514621801
534902559
1713222396
100000611531869
513916360
1648417432
100001742983780
541242883
100002683106955
1527043633
100003704547058
100000644190350
100006090037953
100005688727710
1559692089
1267957815
1392255210
100005094271014
1327674343
1514136874
1458750227
601343546
100005842503700
1640233121
100001547323290
100000147901460
100006350103623
1245338568
100003233854229
12101861
100002093682720
1006158653
603132645
1400446420
868925514
100001996266042
1577601148
637668877
703260533
100002793656231
100002483224249
100000441873428
100003677478599
501096802
100001635167095
1446145839
100002557541352
100001567083041
1210358948
1214423836
100001935004482
1583898157
735502308
1088804202
613724848
1547580954
100000734924729
500039013
100000229793550
100003254746743
1094724403
603367885
1520947143
1523397502
100001539450001
2014969
100006667873571
1072822192
100001650529170
1515954244
643612479
1195965922
100000136059691
505134357
1247568082
711974337
589560891
504977834
590271281
100000507577563
1823194300
1425734824
100005681648339
1340137528
552857119
100003586139017
100000438789089
841475564
1281249935
642301152
510770175
633281615
100006455481495
1390455973
100000061322473
100000574854830
1402911585
1068898221
1668264213
100006570305828
100003255922435
1524727217
100002281498737
100003968392155
100000363545999
1044435390
100001886065839
1343707039
58214736
683669479
83503311
100000906240197
1625946706
723931345
713790540
1389410121
1616859193
100000531605199
100000035476528
794470219
1641082162
100000141453250
1209094897
1070802609
1364340104
1529552654
100004104843294
100001000333163
739480925
100006263561545
1226828978
100001226237790
1028817429
1547016579
100003181408863
1476470669
539554211
551525708
100001942417239
1691816715
100004978053554
100000699078219
1192099575
538652896
11013920
1484079291
100006404921547
100001931597864
1115211170
654068395
100000034018194
100002659408837
100002512691963
100007400583647
602629304
1040244101
1209872899
1035913813
100001414507234
1561700461
100000826134378
1142059205
1604095000
1113551777
100001987246345
100000168223305
1242984424
100003261512890
100006603071328
100007165240387
1308750264
100000648007367
1743625939
654834524545033
100005072287702
500205276
1522997727
1388792796
100000285192399
100005205815815
712282298
1837365797
1213466065
1489821545
100003463813873
659805465
805099007
1276026555
100004154949349
1444094782
1452846217
100006461304195
1456542373
100000901726396
700747711
100004006524131
38501297
576430790
100000282846320
100000426678805
1141900184
100004035625718
1010934795
512411198
100000663521931
1526982878
650299879
100000299385363
695513814
100000131027167
100000597836926
100000030614044
1023093243
1538313410
1674019121
1112594369
100003366114473
83582108912
1663390001
1647825601
100005029574537
100001821114515
100000742077840
503177939
100000097712065
1770331807
1100359504
100000122014674
100001259779909
100000708580901
1539073254
1186690997
1439453890
100002794133678
100000287892854
1158556392
100001029029193
1005631354
1294732077
1059955226
100000917171761
1247286795
100000744087664
1392393222
100003498829530
100000220998549
1719743216
630975120
1327114084
1192025936
1673475472
100001185540826
100002732222935
100006593862921
886805160
100004328621932
100003836544545
1119686886
100004040718373
100002132222676
100000175020312
544876043
100001297130409
25807319
100001431587850
575918026
100001176175686
1072940877
100004396110445
100000946407037
100000738121096
100004879866846
100000472566567
691483564
1437965730
100001568782800
1416838898
513031247
763139946
100003726443126
1222563932
1430635166
568389479
1541756468
1066633950
743476112
100002765600933
33614944
6205080
1214370295
1144677084
760527860
1123112511
100003057192192
1258866930
1828901516
100006537435411
1002818466
100001425200332
100007068879652
100000539496975
716750187
37401823
100000318776408
1092096234
100002061541480
668461584
100002914304485
533930037
100000113753198
1077374734
632084530
100000829035216
100000634484851
1810239567
1645645082
1415742900
100000185708621
1258646526
100000637076385
100000623618962
100000706362677
1052516864
1788937131
1040294933
1419012714
1595520496
511687617
1203275017
1354094179
100005513702121
1068831430
1584426920
100002759675387
100006464696052
1282583006
100005277814231
1228147299
100000462305361
501691708
1535193567
1445655018
100000334744732
100001922471635
100000437295880
1358277535
100000500534456
589302017
609416896
100001177398761
733172370
100001481172683
100001613900826
1508388571
1528563995
1432323403
1348271239
100003961108735
100000005665752
100000028505189
612898927
1002514588
1611137518
100003177171075
543620074
1110378851
48802045
100000849405909
587507264
100004348384472
100002652672039
725442181
100000049344568
663501678
1045078399
1552670900
1633127951
1308041675
100002569769059
100000439875303
100003511852866
1420892830
509243051
1336292669
100000552046163
100000841221276
555818164
100000830195115
100003567942122
100003350680233
1076590002
609355437
100000039068592
1725544967
100001211871757
1313263981
100001602065729
100003177935219
695197771
1312454614
1804077740
1821735002
1205844189
100004583970994
100002472021041
565394650
1141924527
100000639132409
623774575
100000525815222
505436956
100006113560401
1006243827
100001536256178
624980539
100002001765445
100002846423936
615771243
1135444165
1220850049
100000284727040
1268182984
1621936667
100001275183775
1562762794
1514584205
100000573050759
100004718139264
100001262280857
1057081426
1103004017
100001029712944
100004007701940
100000202743560
521697355
100000267192739
100000605709628
100004442406218
1567183969
100000772097997
100002778002165
100000645435173
100000156876664
686541540
544463947
100001447126603
1182082827
100000347974810
1549231372
1626848610
1569940098
100005482033804
695800924
1540747186
1102730893
1124454165
100002007607914
1151912180
100003812725479
612039016
100000390420930
1110656463
100001996598789
100003992301726
1357924909
526670585
100004085713394
100003731836339
1740593784
13700428
1624225096
100002385675170
100005759223684
1037560260
100000127427948
100003963251512
687451233
100002242338690
1478599359
726088511
100000214962266
1479537493
100006762820264
740692772
100003260507647
100000343841497
1549870394
1223604448
1206608871
1193738413
699337897
100000018652032
1577989183
100000454522020
641877941
1427842301
1230971458
100000030140951
1170691561
100002186186648
25300339
100001846009796
1015510653
100001061760943
100006384850023
100005586967043
100000824940869
1562636643
1604880227
629180981
100000108147201
100000740831839
1619417050
100000952237945
766288891
1288417197
689597020
100006094267269
1514660162
100002110321114
100000333893316
100000111597922
100000744292918
70306067
1206538376
666955760
658066573
1033694579
100001152025983
1667829336
1209438261
27313470
100000927983828
1333691758
100004666921909
100006564637299
1493680645
798258927
1729013275
1397886870
1557643069
735856479
1562066427
100001284123313
1454585342
1011862757
647553968
1284480059
1464267031
16928715
1463138122
1517041982
100006382421798
1616328446
1180327589
636807253
1656820949
1681653575
1418462485
100005843850151
100007373190355
1129987832
100000584207593
624355151
1104278790
100005035088141
100001870876929
1361684352
1232977919
773844390
1053275961
1076207312
100002937708771
100000741317360
1539264283
1261059694
1350108260
100001951968020
100003029755676
100002547640603
1398550746
100007100165376
100000030567008
1294374562
1574315190
1349554626
1541631668
1635937015
100000314651339
1696343167
100000862116540
1514822514
100005655518277
1218568428
100006505357078
100006742175115
1391905551
895465178
722819499
1175845793
517442467
100006804184752
1441722494
1090988198
615751984
100000700106053
1207411256
100001447798146
1141652521
100005085120061
1621390548
100000151513819
100000909190398
1517809416
1599030476
100000726671486
617335310
1081540196
1153801774
576775701
1450882811
578526882
100006429593197
1832719960
100000427117055
1500833770
1837267080
1384326526
1444420233
100000122127778
548215773
1131108674
100003781978640
100001028264888
100000368605202
826879059
576724853
1350323926
100000415455428
100002212013498
1192118070
1449184524
100000189280464
100000333242659
1840366768
5108858
1669458628
1478949087
100001137741909
100000332194900
1446462365
100003241826826
100000450000319
1493372248
687181513
834643642
100006896822240
1046017146
687662268
588331730
1072236683
1494600104
1023173731
536296338
100006167742504
752097289
100006501785687
100000005438671
518034214
1448872280
505520432
1675028779
21310351
100002649039196
100002207686505
1021546048
100005642882577
100004939633830
511533994
100002172907143
100000541801122
100003092672127
1300695435
1007649880
100002879764414
100000669181984
731155036
1815872128
575776451
575538700
100003164250267
100000277900840
100000199622057
578919502
1205587761
100000479600031
100004550760632
1280629377
1527143959
100002604360811
1368417728
1165556539
1533784187
100000533363189
184158134988546
100002326951383
1375030916
100001224285407
100000087454088
1171833540
1031092410
1323573547
773190595
593645571
1789825514
114502200
100001348920824
1260201406
100002870087649
675655408
1012981578
1283838024
100002172662394
100000457695806
100000658794620
1102148207
100005029749978
1272698104
100001040632438
1322898076
100000781033195
100004101883310
1139401959
720076585
1177443167
1014257822
1013786684
100002161716728
513133697
100000926756785
762389255
1570684746
100000352731269
100005844943233
100005733491284
1042561384
1023743685
100001391167184
100000153552880
100000335482550
100003586528636
1639496155
100007238675420
100003390404663
1084989197
100000060889936
656230506
1417693908
100000495921586
1034072704
573989575
100000276447039
1094978649
100000412537033
100000084313669
566274151
100000189908497
1595914176
100005096616517
587415132
100006477332788
524701287
1173506074
100003059902511
581881998
23303612
1690219072
100001002100492
100002071698132
1383167663
