100000551457759
1623318338
1094007448
1176739020
1690898840
590950466
100000440095338
1341790484
503890195
594910364
100002069647955
100000088202521
728026953
1610595130
728529578
651415566
1254477976
1443308121
677851916
536326507
1002435204
100001170311302
100001528491291
1516877658
1495111207
100000042008413
1315916984
517397205
1323290163
511496923
1204610176
791210028
100002421526634
1652193961
1407810807
636621002
520055307
100001062476909
100000027673345
730276486
1816519805
212500128
780242089
168842446529621
615950192
1177692113
667617501
100002570897295
1014781117
1214112381
100000973001753
1423200316
1126239776
100000715782968
1324866613
100000603255971
1213274166
100000222786850
1569458191
100000200462879
571962491
790780277
100000580432749
1733935026
1427866658
100001384447318
100000065414585
1569661284
1096118034
1253062278
559220466
1489211934
100000252366063
100001543396126
100300465
1652647040
773999856
547654301
507682030
657789688
1797224006
1173885750
660089277
616534881
588591481
772939843
1183460120
34502781
662546612
505014730
757928359
100003125183702
100000688216435
641609119
100000255103143
1145875544
1223707927
721955561
100002546479877
1039904802
1394370253
100001905352211
545242260
570248254
1108770694
507387911
1830862175
607430521
100000716793627
100000329881189
1409871456
1152573681
1394888115
1615007432
1464790316
1369926093
100000076408086
526717004
100001703241091
602863610
100001748314994
755065410
1768695753
1240374416
614059212
1648087922
100000026663882
591000934
100002722562564
1226365581
527800881
1279193092
100001904245201
1053242576
1757299241
1613926965
521113331
501438543
1546740199
100002250643178
677144939
100001828239250
1473972789
563244108
100000096872606
567902964
1364629920
1282033601
1675103898
100000422655441
644878437
100003032395969
1771732658
100002964598196
100001028336180
654755937
100003272357062
1012467242
100000799461885
1109984813
1233803116
506236932
1427754005
827285298
1634768750
100002980632593
579511694
100000849258110
621272220
1219192578
1300763350
1152617229
519835367
100000058294516
1153523471
1263819396
100000513604033
1316173738
100002054859017
1555596224
128905633838347
78300928
100000738632016
1512205473
100001965315968
100002196854837
644045334
1017496745
710771953
1266217237
100000536928354
1161540058
100001629134147
100000189677814
507573313
1017875427
501615499
1468264357
100000027255158
1241891706
533897564
1626409494
100000306624720
509577469
1451688243
100000403669002
100000691461326
100001333068201
1137049564
100000622658734
1164698598
100001255932612
1355527782
1155873168
1340738655
1286231635
100000959887305
100000018538970
1031409300
100000015481258
100000616047206
100000514061712
100000830751489
100000918810674
858475108
731735489
1293201166
100000958245758
100001642792880
611661521
1485533209
100000525811616
100000371633909
100000220176522
665648229
663946076
40005665
100001867471296
677270433
574751897
1163736261
1819066626
1134037929
100000586518198
100000614287425
100000679320752
100000114595317
100000283554007
100000706590403
100001089602541
1069136108
1396874442
647864821
1473776873
1318764941
1449739134
100000975874537
100000824966748
687074714
1096784555
502724473
508060973
100000588728642
1204616589
1483989222
1596584999
567250039
100000678879153
100002502614034
1555121070
1103086816
100000128172469
1829908565
1286181079
100000900256269
571704008
738990147
673217285
1044177283
100001377681312
100000162908754
1525965173
1667893661
100001657476341
100000798521855
523787100
1159035913
1131812301
1464911413
100000376996199
810854446
1531320372
100000181985741
100000222396287
190440404344655
100000396796519
100001574337695
1144266204
23428909
1774527348
1620191033
1490896315
100000024786351
17825344
100000400188360
1405776378
100001575101366
100001264453152
794755743
100000442429770
1444127741
1075553906
1145710820
1705549959
100000426084966
1042593314
1248891089
1636668976
1577530833
1316400049
1608368965
644120260
100002252207867
100000913318790
1500523495
100002271171024
512501719
1215316050
1448422305
165884265675
100000470558977
100001369098752
1413641692
1112061273
100000734744710
611931000
520576292
100002221622137
1057134960
1015009018
100000010400395
104295609661417
100000196205369
100000730535532
560044612
183230281717108
1371163970
1035402426
558696605
100000507963010
1167039612
1185127415
100001343662444
100000532673801
1573189014
100000833524835
1038996989
1796898089
658544920
581223869
691344351
1524942915
873920243
583689815
500635791
1405547869
1321500162
792070354
566382941
1818738484
1198873599
100000118643773
1630336958
100000529576364
1142314558
100001733847779
100000623975639
100001321444208
708567303
100000736755375
100000182835774
100000127622523
668106862
1321906594
1295557153
58207663
1383319279
100000940608237
100000128991687
500832261
884145036
100000584539591
100000024130777
1731990814
1602774778
729956200
1414505626
1285885270
1616604207
1222167186
1536540449
100001182883029
100000495634241
1103389910
618073168
100000928393309
591283085
100001011371586
1308751430
1198782810
1407008040
100000526931076
1611510275
100002476060239
100000360965117
100002351796658
1626753390
100000470131699
100000296407593
100000611127757
1024556599
100000116888559
534564556
1510136043
100001520553133
100003274239168
1086762127
589505693
100000221717532
1837726425
100001841290489
683612635
1316411138
18709534
100000512574452
724811735
100000462308953
100000408022329
679851987
100000082450162
1581115852
100001893205275
765285579
100000361780953
1421913220
578355626
1422907857
668048190
1085509032
510922967
1342392253
100003205646934
1439912429
1325074243
548471320
100000876108668
655195784
1202681503
100001925941184
1192125829
100000029842034
100000478891954
100002166204595
1368026370
507013585
1081163382
1157036347
1048136446
100001169720712
100000270563840
100000269146379
1113832165
612466716
100000601567348
1766367927
1369453204
100003098747438
515985463
548936290
604921359
100002202394008
1746414295
100000155650076
690490056
1764454322
776342901
1695087616
100000414123845
799058489
1675819740
703865109
787140552
100002051047836
100000079081420
681923541
1449559858
1442500673
100000034783988
1143283146
100000095918774
1183044464
1018167127
1441253896
525976056
661951578
1661695688
1032980552
100000258435019
100000091411477
100000015046477
144648248933521
1635417571
1370706458
1277473087
100000335800707
1137270309
1512217225
602178150
100000658076507
100000753190903
1522125965
575946575
679019327
100000333346234
1047046129
500815439
1024950801
511784309
670478032
100001162059680
591437307
1361605648
1387132237
100000120190904
690934722
1177811542
100000927642397
100002199733537
100000412201173
1793596228
1603200834
1834627505
511627545
100002615977321
1840506672
1471779032
1600470877
1151883244
532969916
1241146340
100000558757800
1506826247
622606319
694499072
533711067
215150945212186
565139000
1443436011
745910340
1156254619
783263562
1406061567
761163701
504586239
100002536476568
1751221020
100000245877112
1437068568
590071685
556368645
100002494224310
604081655
1238746869
100002603430562
100001246061320
100000862797203
100000265167776
100001013957230
1328260007
100000985634723
1428795770
100001817480318
100002312590992
100003460736231
1574215039
847959393
760107995
745618709
100000009500695
1328115001
100000025710628
719668811
100000119102583
100000475881544
1029934204
100001269943366
100000091222614
649313565
100000027225340
1935993
1794825687
1564078427
500604295
100000660663839
1511008077
1167451045
1497563118
1840673190
100000485841888
100000468970678
5818375
100001717304360
100003033728053
16706433
543002752
581344127
1424232213
544288086
505090947
569390895
574592233
547124208
100000626502742
100001788442971
1391966809
1569620605
568706155
100000145692340
1426616720
1082363256
1439266253
1228954757
100003742616562
16402395
1190221458
71210514
100000307984586
555135435
730911762
824883185
540142795
100000257843310
1472132898
837554276
18401885
100000197366629
832034740
1487894823
24305020
1426964829
100000356569815
1260720045
1361187983
100000068341290
195200456
1478500512
699466306
1543334200
100002772547294
1344051553
1171601015
695717325
1223156240
811415606
636430170
1367864265
573966685
1255647740
1018443981
1592372772
545703224
1542255283
100002867673834
1283683405
100000227680143
1256421024
1130026046
1107477668
1333554602
1282300294
1353697926
1583565241
100002055414004
868525643
613030886
519920319
100000618975616
1402350021
636711230
100001922164040
763199530
748686447
1470326645
844569300
100000617234098
100000019510373
700726580
1270384958
505555618
585523658
1684314318
100000303713883
1108144760
1242074104
100000156423467
1191061990
1345411245
1070559830
1328026489
652639807
1506980975
1417183056
801729285
782826911
690411406
1605113308
508225363
1361509464
1827890144
1043699530
1503491937
1321725693
1143960280
100002539674451
1443105256
100003351947856
1726952450
1045651284
1121776199
100001506053609
568826037
581827836
100003980952596
100001041612418
100001495460738
1065966736
100002420121907
1390466068
1534452266
100000635230295
1222940021
100000302374618
1091731682
1622484486
1498217592
100001516108966
100002402576698
1483929268
636608675
1539702181
100000576169928
605990680
1174951602
1062500540
1758145815
1069088234
118900055
1442486783
1836513079
1601387444
1213661075
100000020350459
100001931674752
1368246171
100001656101541
651634413
100000560521040
100002297986375
835079696
100000367687730
762318153
1623911841
100000775788442
100000018395348
535300892
733515449
100001017681660
100000383094260
100000619800297
100000032884119
109896922421162
1104995550
100002808268738
551353930
100000542370872
1329566256
1542332412
1134341653
100002652092547
1837879637
677943506
640036178
100000049974934
1424541077
100000687145657
1415215634
1581888772
307880722580957
1039862901
1141434718
100000730966124
835290214
675459561
1051359833
100000205004579
100000030437920
1533457773
669913119
100000137693498
100000585669011
1789683883
1318743588
100000492267896
100001595884266
1080733682
1146356747
100000588984859
100000016517766
100000226112260
100000232313665
1117394380
1052812984
1439221804
562420644
100000643418328
100002910174103
510624653
100002543779783
752720538
504647917
620429192
100004022218139
1314410139
100000179539828
1281486604
100002701639940
1005854407
100000552794906
40801710
1455609080
746981157
1326570480
100000084405816
1367409948
1084339335
1289790033
670698249
1143177614
100000237909903
1302564677
100001241290569
1216149480
1162962977
506638432
1536496103
100003068574451
11611239
1556975601
644640144
100000267631067
1448085297
1058577204
1014468274
1072477516
1523666586
1164275567
1680882454
583515089
1514106798
1562130389
516634098
1316913777
100000152880031
754929655
506204732
1804825418
1013989036
1551373270
1348841873
1031806886
51807779
778553248
1369823300
605917866
100000196323841
640814152
100002104767052
652383109
689549017
57603244
1518398359
1438320035
624560578
100003208431581
1018909932
751686761
1065627882
100001070506386
100000138161806
589681531
1178952969
1359987257
100001172370952
1357760951
1303618070
100000688572811
1818408623
100000390867759
1349797721
769389185
780086167
1483105454
1389315787
552037349
1173313791
784134347
33701269
1068624957
1450770989
100000147827452
1610775172
1434507864
100000732301136
100000712197946
1382037286
1614551900
1359527885
522250552
1303336997
1416647811
714275351
1407660003
1705592295
1149587511
642747053
1610706078
564310733
798304735
1203507331
100000323550364
100000220922498
166225263425643
1832495493
1232003199
1497512864
100003394429959
595881787
1230843290
1559692089
