100000354860834
100000201532156
1145571389
207555645942758
1809070647
534637316
1054129033
1651733260
1481281531
100000564926569
517353832
523806027
100000612121295
1315364783
100000174880842
1402156910
1607614179
1604132275
100000208381486
100006453857070
574525716
1696723359
1476048204
625423783
551626650
1366808249
701774878
500019636
1024925795
1526828196
1342299004
37800348
1258657282
611553037
771135295
100001208749624
1014161925
1457461300
1585865966
100005329230315
1445560855
16914768
1706787776
100000136841060
100001843891238
583666175
1044515943
100002044026967
100000208443714
100000712455901
100006603303603
5216958
733145224
1513672113
1223187869
1140356572
1019169379
696753125
1343733191
1102839759
1597339261
715919155
100000697414982
557481408
1333565863
560953585
169351769341
1526257195
100000382931017
1219038609
721251988
100001467994119
100000599004978
618938900
1451100840
1365477382
1409707564
100000355806399
1194593644
31301251
100002234243805
23320393
671289760
1722360755
1456309369
1418713542
1534893673
1223830802
1798582366
560147718
1646295946
1136687493
100000509343954
1379106092
1233918091
680920888
1460790563
751382533
55304027
100002760740539
1071726506
100000641480242
1307688333
570787572
1036822492
100001998651669
100000460836073
1356532813
1167086719
784145014
691660674
1372509262
1022679928
100001427503947
1452062180
676914250
1433686376
1077444270
555145013
1607022991
1076798329
1170325609
100001510214496
100000232003703
1394350526
512107171
645883823
787970370
100000095652360
1129806853
100002767512891
694422605
1392261566
554590699
100000469070282
1555252796
584516452
507685646
1090866174
1409919808
1175891651
661610591
1844262749
1183041717
1300980476
663947951
698790372
100001945203076
1486176958
1103661500
1271074271
590645127
1081666847
1533229621
591298748
533744059
100004100553802
1057061799
1616101195
100002530800181
1339845769
100000344851844
1081245953
1169321839
100001769953846
1127888820
1643884781
1212997344
1600416179
1738868958
751969783
100003434665619
1458202921
502010962
1392999171
1254108256
26601497
100000414960312
100004692910884
694323312
614033102
100005877455640
1508671608
100000434827634
1480277900
1546571479
1342978701
100003320478187
730846717
1437625142
689546943
32000132
1655567334
577664073
615482143
712910201
618243789
687204092
100000206345743
1371480753
1158099016
1425887802
1215580478
611318535
100000017146841
1483699298
1645219368
1256387336
100001598114851
1440732387
1540676261
1467517178
548661142
1606489695
1443080272
100000840980850
303261506360025
667581051
100000028270736
100000968520402
776984445
684042462
1410667457
100000512725883
1453534202
1149104069
100001040142000
100001250427962
100002846423936
1368110877
100000557921585
56301262
4928784
100001914276468
1082765145
576480617
824258674
599465283
1534904457
1571078390
573322330
100000780837041
726363542
623744518
593810482
100000548095669
100000525740786
1725229425
1827265022
1768463584
100000165502086
1503282111
1138920046
1481106461
100003378011088
1118963240
504571451
1222354953
100000413473030
559599315
1238577880
100005369856955
100007144563765
667775835
1283994796
1281927304
660589785
100000594579302
1463837121
1395667432
1410005969
1247153186
704415706
100000215057391
1092350347
516250035
100000504110264
1555208888
1112455828
1464635749
1203925205
1810481174
709536645
1266151273
1477790814
1200253378
1229848693
1319791829
100000094775345
100002940215280
501378977
57002725
764743234
1149915725
1409450163
100000909190398
643746528
100000502017022
100000768136807
100000204907159
100000135266443
1390496445
18724706
711105870
1824405540
100000444024304
100000884674759
1060196017
100003541560608
1548378662
1260152257
1274169629
19205373
1410292703
1309329717
1354453725
100000094895249
667770314
100000656912501
100000552607010
100000468206500
1787525807
100000628023970
1098651152
145601951
1492622541
1310237814
1662025201
1565543430
1009852231
1118096062
100000789815331
100001238693000
693255136
1145971281
1248909517
533095013
100000450393721
100000878657716
548312552
1147425333
1021121904
539829634
1031814230
1806640081
100000158184217
1649046880
625888092
604894112
100002686404616
1277581123
719589209
1389833354
1013769968
100001864476225
1364598594
100004855385660
718946164
1165742236
512139209
100000187315480
1597723061
34502781
100000112723775
183000257
100001018967909
540906732
100001351037299
100000116286126
546503893
100000400817198
1002540981
30820287
1730119650
34801465
52707595
1193325722
683743958
1468744334
598096240
1453380570
663279515
100003110547628
1206932860
726751660
100000042192843
1394531783
613569814
897065388
1558317291
845820721
620255109
1076108591
1330818771
100005092477755
100003028364342
1160957983
1295271345
100000799723639
501796565
100003657302575
1745121606
100004484198763
557028892
100000454522020
691900384
1461497170
1197377409
1393692282
1268563236
1457882604
100001164909672
809988942
1189047459
100000130432084
502959
1232769680
1291306298
1704485654
100000544790699
1245327223
513306626
100001871876483
1426689800
1509975475
100000195188021
1651953634
1638558859
1497464172
683163972
1330744481
1592352393
100000163882311
610591490
692772753
100000738092087
100005334182188
1071969324
505798344
1350483644
100002413504780
1379116398
21709395
1565463284
36200210
1486272143
1769461326
100000441873428
1468009964
1743231371
1104771309
1189206356
26600639
512597693
656553425
711483789
1065603123
674559492
21704916
630452049
732946973
572073638
1535880360
1344699150
1614296360
1259929947
1523502880
100002904321063
1785349436
1766932389
185001462
552873440
1386297565
100000767158155
542023102
1341806683
1788241812
1471082665
658409497
838910424
1321497348
100000801257464
632070766
852899593
23801297
1554196598
1617806380
1636753569
1486897203
1602194846
100000664668315
1566528659
100000572795817
716072479
1588751664
1166340195
1550257792
1444226816
30114372
1115830359
655341312
1273295231
100002700672961
1212413667
100001554735798
134900023
1046913311
1044383149
100003209121675
1068372147
1182884097
1537767788
100000423920027
709713194
1542140731
800040594
1348149694
1141161910
100003003008855
1827833089
1549613770
769111543
1336416202
1477337398
1071943094
30700144
1466513345
100003007779088
1266251912
100000191788541
510930773
1610681121
615191853
100000893208779
1150394168
500470198
100000759975515
207101431
538708706
41305294
1203466964
1157847563
100005160644036
661570961
1019225015
1649011788
599084533
1586718862
100000518229884
1337512800
100000528841497
631202422
100000526551381
505479680
1311226459
100002370164252
1504582254
1388828933
74100116
100001413855186
721155243
1006491059
100000253790743
1013022520
1234673248
100002303069017
1442997050
1420213790
12634225
100000208261094
100004840959009
1013417693
837542310
668800943
502666453
627704375
100000199755991
790654242
2512048
1650469709
1272295357
1318712432
640191475
1553997623
1637227145
1623890117
545560560
100001419355408
100001516762460
100000085145459
1648874636
1225890048
1168485038
1126572735
1385493355
27428922
1185312521
579766438
668385550
611051243
1333526313
1264689954
1416888235
1279387092
1298224151
768915640
100001107219351
1337423474
1116098537
1404770509
1345194745
89400039
1405269913
100002410540505
1357370963
100000477066114
1398522189
1003908464
1650944564
704880014
100001803786365
598183753
503502012
100003262428146
1447599294
575490176
100001003425161
1684580206
605042856
100000223105979
12464131
1321676614
1555570565
1066432426
100000534610405
19906925
46900577
1630778000
1659733047
1581912767
690330238
100000178114275
100000239677586
1226538998
100006348520628
1649061310
1429403633
1165271074
100001654674398
1005699436
1302349349
9313156
1414232671
100000150494995
857414893
100000739116935
100000096918497
556898095
1157528662
1347853358
1604207594
100000950311700
1435400044
85010727300
1039151614
100005829307219
100000763934289
709501474
100001929067349
1647031076
37606300
507841349
100000141516829
724893261
503610810
1203913900
100000111032590
735019193
1516591752
100000050441904
100000565974023
1187366850
1137094031
100004055331822
500778210
1557390101
1249225471
776443186
1462629204
1789752690
1804276387
591179189
1616515047
1590026569
1407844795
1771483442
551525708
1345225754
100000167970443
1086219427
1429495042
672727365
100000417021784
782201962
1593295554
588580755
100002467449029
1555249348
47300392
68600236
1220364949
1244246612
749905213
100000156664250
1200957081
593100715
833073895
100000007847239
100000463031686
1451270274
803014835
1042962039
1701898263
516862071
100000694392836
554358055
42000058
560783256
787095493
10601712
585016643
1522504689
100005568095641
1309297615
704605561
100000508802604
1369321048
1151090633
1232087138
1668994650
1607277708
1646247705
1133704595
551282577
1044020532
100000415253744
1583724797
517321916
681446184
1409875010
1468983056
100000506417199
1276200607
1640226500
100001848253235
16926365
1384582787
613047161
800234166
1046425233
1105345243
100000271721838
1081786251
100000437717290
1652575316
547816670
500548768
1344144433
1348127918
657727649
1830246756
716001063
546502032
500640659
100001273773016
502271730
864870034
1349575976
100000431898192
1262711962
1422784250
1619646993
502920084
1119257772
623649006
100000461762366
100003989226232
645742228
66800730
1229140449
1270068289
696931123
1509261985
100001756256777
550655490
1448454571
100000018385562
1108627271
507576426
100001196229682
148600687
100000876734766
1461183837
508849053
1791823768
1541860510
100000644256796
23403418
1441239770
8331155
558456536
1460296783
100001170831211
1344906656
604345779
100000881811051
214700344
1487037448
1307482787
1605480018
748376420
1762129534
1436413607
1071240266
100006577320431
1710584746
1284702651
100000137886682
1376434201
100000341244777
1395579188
100001127260212
636536943
1506579718
696290250
786369214
100000014919715
1499694995
100000670370043
1306418344
1004095675
530931447
1539293796
1159813242
1560949188
1052086071
100000580942064
1351759127
185002037
1097695887
672701715
1398385469
773415360
1619123273
1302124007
100002013546936
135301977
535336428
1747021867
821930541
1338390079
100000896239742
1097637365
1476850156
1615862885
100006274294679
100001015892897
1850518874
1121562778
825517345
1368652294
1609590416
1035540596
1461541810
1426662324
600168751
1408208094
1162026976
623838772
1506146302
100000236890827
100000766566065
1185625532
1590842646
615988538
100000042730181
1303061187
1009817478
516427168
1320447151
100006484798465
740159415
1369500736
100000282854066
100002969416815
1377457580
1043775194
503577367
1115880160
1646967293
1167162015
519710251
651224662
1404669327
1819793379
1174206819
1465795457
100001951496551
1436392273
88400507
1054799247
1219928269
1576121650
100002714059629
100000958464649
1565167777
1839941943
100000155933966
1615370066
1423373674
590161408
100004393503698
1577149452
740850168
1338964298
824910690
775470192
1404187875
100000318453288
500526765
1008262276
689293301
1233738806
1425081866
1577961928
561598809
1762295278
1127081287
100000899832863
1118774465
1622340939
100000290987586
100002972066902
40101156
1615003467
1555990286
1288521726
1051985698
729766955
1246902470
169500124
777583737
1336292669
1721146174
1059372033
1645036732
1187711718
697243254
100005189740402
100000105774932
100003096372059
1453682909
1453899247
716821041
1189101634
1309880505
100001940091561
612430605
100002918733107
1298465265
1054348949
656901608
1429928990
1399870843
644351369
1247690271
1443792473
1017341466
1323414363
627665297
1415730809
658840576
1744251443
100000175054024
666771705
1434476433
2347503
100000039945616
100000032935662
630571715
544020017
100001139930512
569818069
1386905600
1394647694
1757400004
1356712908
1059814212
100000541996285
100005208511342
1262848568
707899530
100000616835660
1844534797
1362921303
1484050070
1429327722
100000956557192
100007309300409
1210970297
100003794275531
100004172199410
1050234470
1482637017
518452926
1424842213
603838344
1219149668
1579077033
1410360195
100000560612650
100005035088141
1375132787
574070350
548917572
1467164243
1063686424
1323732090
1755024700
611179016
1075300880
19604219
1477180590
1662558847
735856859
703395632
1633718643
1110565303
1343046880
590416981
1545593100
1148303513
1334083451
1197513819
55301094
1607832547
100002111068478
1068553287
1518398359
704612530
510539325
100006577927630
1440732970
1462337175
1167964441
512757077
1233803116
1358226829
100006806341125
1184847099
1829490286
1095020880
727111817
100000097172042
100002539605478
1017419293
100000512966188
1557337174
1229161529
203402571
789938333
715043031
738380594
1677380374
100000305256526
1708782282
741423262
100000006586569
1480868862
658947168
1330316295
1036804375
1038684690
1495170374
646729515
1564134230
1510842791
1307236550
559536938
1331805383
100000945884015
591330725
100004976591982
1407153392
1381748059
100006251677014
720669498
100002937856713
14805475
841220289
100000925512844
100000731378840
100002241867888
1056279326
1216540292
642730590
538215551
1839069115
100000721770971
22401017
