1366361714
100001701682119
1674364911
100001826929332
100000190256252
100000421253406
1106625670
100000908174885
100000484140427
100002151762675
100000518077845
100000586676340
694676981
1658607352
100000131245009
100001120535037
100000482105242
100002119474457
100001343773896
1075698735
100000698445895
1557663565
1426757903
1098045263
1307850857
100000273574516
100000139656094
1262170072
1660436207
1763192974
100000512199242
100002175239159
1431596231
1640372235
761593400
579344738
1742748393
100001284159918
1499796673
1561173741
100004520076802
560388725
1090999998
519513818
1717892316
1782334815
1381320828
1570788893
1256640449
100002035439598
1093492267
1059660032
100001624525714
1791003158
1525419606
100001973859936
1217670701
100000504617901
504193234
527054780
100000791523253
1141015310
629925121
100000713493820
599205554
100001431220048
586078393
1374484175
100001817195545
100002443841754
100000899018562
100000456234590
100002423790523
100000973237914
1141658643
100000420442245
100002016078732
100002306468735
100001875354357
1286970824
1306661445
215905321
639162108
1482090885
1440122266
100000940472009
100001247604997
1724048389
1218153307
1372274074
1185664517
100001162722429
846699172
300358893406386
568021069
1055422172
100004006236588
100000555637164
613221514
1132060025
1603399530
100001731309935
100000226393844
100001754892505
100001125092352
100000995880025
100002274288778
1153422925
1403126705
100000617291141
509135162
1327792485
1816970859
770343094
1269857244
100002498708280
1781044161
100000985846730
100000637790693
1754511888
100000872017930
1446012451
100000293932279
1119022095
1000657961
508550839
100004414572446
1138418301
100000290477944
100000162908754
654859726
100000110645626
100002779374170
100004496432046
1110333072
643126456
100000206638215
100000050373209
100002311406573
1105040268
1282077512
1043377916
1450729323
1073175566
1103997288
100000111511432
725217818
1491692042
100001568133075
100001008789009
100001116771167
1359564656
1103627531
1604061807
100000176376508
100002341376813
1132233670
1238612363
748298656
100000893350607
610607183
100001058810023
100000824725552
100001041617588
1621790983
100002141545416
100001336186790
517134748
100005834678421
100002564596233
100002160210478
100001195297727
1173450099
1777676063
100000288309184
646248527
1366622523
100000600084330
100004293727411
100001179870766
1438976586
1544820296
100000942760717
1435249232
100000804875128
1241628091
1046676791
769222430
669432356
1588302068
1672841818
1546101107
1553475657
100000793772781
100002375370030
744013135
100002280565610
100001184241267
100000428887329
1402266700
100000645122558
1437753496
1302480088
100002049765144
100000180945802
100000334920550
100000835341048
100000875926340
1042626413
891510312
1416338460
1828014587
1408406760
100005379602033
1499427953
100002384432043
100004458218992
729933533
1101974348
1180995926
100001920756015
636473647
100002231635849
100004589233453
1279238164
693221753
100000227775909
1533366416
1468095861
100000951827620
100001888384097
752263047
100001146036763
100000333552004
660655151
100000217899477
534608988
100000150547925
66801769
1205979343
100000198567775
100000606885772
1321587422
1303682475
810914856
1044190709
1056864127
1056655982
100000051169169
100000220819299
561361238
100000199037018
726956315
100000038748794
100000525662374
100001530602359
836840290
44108252
1528304590
100000552942961
579933723
100001027841725
682950490
100001575186026
1679112650
1835052327
1194997724
100001519140088
541135563
1465230077
100000492093591
559453658
37600588
1401799363
100001959918777
741255115
501895320
100000416217218
100000829768079
33407910
1579719611
1664001499
9000403
100000001057207
1291184100
100003510826146
1451077273
100000050095761
100000136748123
1094142261
100001916785367
100000259669098
1851667499
100001196024986
1070341353
1044879892
1028106883
1069085609
1130402115
1511628470
100001690076434
508116326
100001327405822
1117474882
1469527959
1290431987
100001116849124
1078002571
1075170231
100002719333984
100002245269203
100000291750728
69700438
1580712077
100000522522574
1110980670
516555912
1096434470
100001189527956
100000614032188
100001102487557
623485639
100001583556816
100001771930932
100004099479204
576274534
1508917402
1446551988
100000858191688
1710647855
561746795
602592647
611815753
1593158014
1230528078
100006347795586
1363551227
100001150258149
715456340
1123191702
100000211268111
100000064307132
1545515256
100001758537315
100001843182607
100001616918617
100000034864147
100000825321215
100000524275148
100000243331150
672241560
1301130704
100000024845651
100001924932351
100000227666282
2254133
1397401343
1551426328
1360377757
100001832243209
1113115480
100001008330414
197402888
100001900083273
100001212019485
100002930410131
100001012635508
100003556974161
100002321305285
100000373301609
100001892160299
100000902147214
1210375313
1040215576
1457124652
503790167
100000408325031
1803737128
100000579616486
100000565358467
1268627868
100000668905229
1630293684
100000623402416
1814405212
100000039986306
1500827719
100000131380876
100003761112462
652528243
1296296362
1588400666
100000060012051
100002223483305
100002679295282
100001555605676
1392412774
1127924039
1574551774
1652393565
100000522705345
1430498643
1806993080
1620640250
100000158628031
100000576074085
797632161
100002271943480
797989191
1634989286
555198128
1487883933
1129543424
100002993577795
100000044430565
100000607953527
1437789358
1616586721
100003132683688
1120763946
1475169682
100001326769264
1278274189
100002425536722
691674030
100000300457271
597532587
100004571888455
1181623756
614165932
622111119
100001587271629
672327837
100000524457738
100001198659041
1399813293
1841565849
100000491963369
100000501620771
1188683039
776601578
100001590200087
1206864651
100002694198858
1152698672
100000011625275
1775246927
1651963525
100000093383532
1123628976
602106525
100000851586719
1490985556
100001576455698
1398431958
1460483806
65003699
1578356748
1335756876
100000479038292
1218237933
100000171352352
1175166241
100002599344574
1098192227
271359722974533
100001940253499
1499695896
1137636961
100000848717064
818658399
1038220132
100001898826812
100000605398250
1331653446
100000591442263
1315497446
1300203654
100000751054866
100000162660672
1802373911
100000890733836
558755145
100000234923833
1406603841
100000192367405
100001843810952
100000093844735
1352352982
100004195631746
100000330429390
100000981942782
100001676925834
100001064239081
1239399515
100001636675170
1600392696
100001163690912
44009380
100002456185813
1160923776
100000552002639
1352728104
1384985891
100000856356308
1697003881
576846813
100002520467906
100001144661029
100004692881985
100001014859401
100000460246905
100002393833317
100001463709485
572220105
1197111443
1077082231
100000241254994
1622501187
100000709877365
100000372056932
100003281381603
1231340054
1016609048
100001402683684
100001657176278
159501955
1780929648
1160477975
1604821337
1777605136
100000226552237
1244538352
1212280507
100003659653007
100000054303858
100000322403211
581235142
1376596638
537033906
100000159955167
508617153
619255180
1031986277
100002474657611
788877430
763424713
519903924
1369211976
100002126057989
100001437123848
598560490
1426993626
1462759506
1399719315
1270974675
100000051560728
1623050019
100002200795185
100002776003677
1668151229
1822052255
1162790098
100000628684888
1374083010
100000839038426
1573083321
100000464756450
100001246291596
1357718373
100000506946516
100001005193338
100002403443585
579529553
1732497526
566625485
100000435528927
680880147
100000515277940
1401399011
100000467763872
1256431395
1203416497
100000281233865
730550108
100000086948467
100000462431126
799192001
100000220130393
100000634301074
1258291625
1205185763
1311175320
606652532
100000753284213
501008422
100002190879844
503821357
666736802
746179449
550580190
100000258167710
561551735
1617133260
1441719794
100002578507225
1229325058
19900598
100001899800270
100004373132180
1644204406
1393443343
1264590071
1800290701
100000056958918
1755778396
1838705542
100002435680563
1621833115
589509359
100003125958842
100000100494599
100001381527521
100004828834852
654457954
100000687916032
1084134850
100000377624657
1678628544
100005121181010
815353755
100000709883885
1810690870
100000934052920
1714887872
100002580478645
100000712068398
100000390821665
100000364473024
100000693507796
100004582360999
1539087458
100000100421702
100000018081407
100000103806498
100004858840675
1648030948
1565321808
100001702064868
100001796350069
1788302445
1402961669
665600625
100000652626257
100000601850284
789047829
1052175640
100002197892276
100004222381591
1269937512
1038419447
100000063652549
1229607258
1623113946
1317052002
100006550535712
1471001232
100000117156818
1611570780
1095752486
100001718805955
1421911372
519790186
100001601214065
100000215154194
100000876167925
100000469975718
1520686968
1299138064
1205341422
708275849
1094222669
100001014040417
100000184612315
1687195940
1445610614
1060598114
1845178449
1593910830
1612876864
1536968002
100002304783937
1404961697
1653982040
1533660904
805893361
100001030159968
647970523
1426036852
1599126172
100001731320236
1005791400
1605765448
1470666905
777829525
1230861941
1484663291
100001461844277
1273238283
100000062293853
1370632218
1367966325
100001771940712
100002579753051
744700195
768978361
527920847
782055761
100004123961172
100000284551127
830196307
100000011686998
1323771064
686972588
1008131021
100000129093391
198300154
100003633385643
100001724865580
100005561142811
100005761416744
1200108089
100005128000654
100001683905597
100003701962029
1647900317
1782061251
1651646052
100000038356436
100000141013199
1657124905
100001535336370
100000479671180
100000793976875
1066603791
1565498121
1630753188
1630707936
1156570080
100000117544178
100000032928450
1482998016
100000956953408
1631709208
100001060122498
100000505999425
1293093692
51809112
100000512433803
1359088871
100000568030229
685046680
1590507190
100000070565027
690901438
100000531502417
100000287949413
1611757229
100000152916794
100002117261559
1845708432
100001542768129
100001608198014
1448766524
100001230587091
100002233737857
100001841145699
100001735815956
1297427144
1113460045
100001445837609
1708162572
100000264450608
1631102940
745686307
100000498024117
1021257406
1463556477
1260113205
1501142761
100001168954376
608654079
100000198781642
616019923
1157179863
1503088257
1142403354
799065376
100000574092068
1788845840
647651399
1199945258
100001139497300
70307348
100001029651179
1183274177
100004301732643
100000121859289
1630091910
100004385292974
1136687493
1624544329
100000299707638
838449390
785555610
100002326381891
1659247634
1230538243
100003673405535
1396305532
1279581949
100000462176134
1196563323
100000414854945
100003063255652
100001179711607
100001958619051
584556052
100001004447927
1792658456
100002039179791
1632728224
1138586605
1623177067
100000535790898
503750323
100001628971948
1597860696
100001184117076
100000395558277
1055085100
555449700
546959310
100003086238288
790459878
523588514371735
100005026326755
100000594637717
100001472250031
30300063
100001911797091
124527750919389
1383056279
100004771329058
1569468309
596640846
100003809886641
116330895050240
1156704697
100001145471158
1358301411
100000450850521
100002248995439
1482763452
599378277
1244469043
100000031728331
100000006160317
1012840061
100000947450867
825465269
100000937998573
629654213
1386592925
507987789
1401901702
100000823525555
100000652906656
597836990
100001564854753
100000275595603
508913716
1008010574
1774385074
100001081438916
1452051859
839227452
100001274681626
546333235
1071995350
100000081520982
1099609676
1601272877
100000134728038
100002403398125
693918596
517804278
100001352194218
100000636638954
100000653077501
1665990889
100004996151535
648320870
333213926706516
1412387910
1259038660
100001795258545
1371589195
100001256751109
1807693156
1264422059
100000301492774
100000987284962
1522135346
1596833109
1320761608
674635744
100000992103203
100000689564146
1677633244
1684322160
1174671059
585631533
1445290885
100000435324053
471808866236247
744795891
780010656
100001041280514
100000606406042
1324170952
100000331878266
1514799736
1229520558
1419542115
100000412213522
590774553
726952840
100000242122692
1449849139
1365349339
100000764603689
1353675710
1512733555
1708158983
176603045
1789912502
1067456206
100000885961049
1179117113
100000498022988
100000885564782
100001233921740
1210790757
100001732438161
100000888088812
1377409929
100000079925964
1734370366
1543452314
750364174
1592083289
1822176611
1602051147
714182591
100002489829531
100000181802240
648976636
1179127517
872905620
703077791
1266287062
529423530
1280466852
201935726487217
100003045391714
100003048132128
519887643
100001561783982
1455901910
100001305830394
100002326457724
1272007175
100001386377982
1135800167
1481720058
100000168604369
1118567351
100000710944421
100000474513960
100001886978906
1045194747
1266110851
100000743007746
1586346503
100000670770461
1256600639
100000574901279
100001621221089
568301832
100003857011479
1586388893
100000896685453
1807192804
100001179894604
1156794062
100000271352905
1398566431
1730701360
100000149954024
1170483126
100002229868056
1175617469
613383797
1660094842
739854053
100000124866862
100000756815335
1051035175
100001187892757
544065251
100001962877692
1454940281
1279811469
100004074354784
1415919815
100000600511973
100001090140861
100002045360456
100004957650401
1392771354
100003836890475
1323911941
648324054
688011022
100000134484840
100001345188071
100000432542398
100002633152414
1691203197
1656967876
100000476124488
290400744
100000275220812
1217465985
100001905002723
1256826758
100004800001918
100000730082499
1181054402
1222390937
100003055323489
1165302913
100000119348418
1492041507
724351299
100000269515133
830672113
1695200789
1553525354
1826389773
100002241129539
100000363795634
1302294009
758095493
701496307
1811977909
100000075234844
100001347535024
1373104209
1729830988
1081873390
704442460
1316137990
100001560923320
729297533
100001064431888
100000389961958
73430336360
1454490228
100000808986408
100000143555610
100004772166544
100000352367264
100002319050564
100000876138127
1353548783
1652058516
100000251240152
100000928723085
100002296697683
1206074682
100001326084970
100001622301211
528978509
1464456832
687087177
100000476962477
1362285504
1550242611
100001711293855
100000207567157
1437527804
1226080604
1590724769
1427392926
1819512465
100001815361448
141807342505704
100002187009483
1539944540
100000544293762
100000881953663
549976221
613350890
1479137621
1342687418
1152005205
1218444287
1199190269
748650093
1572305914
100000749391745
759365626
100000075448579
100001140757255
1618719564
100001052692065
1576167073
1098533401
865665590
100000004036227
1532688193
125185817632313
100001995887000
707462726
100002391610406
556568370
1835859008
1355353318
100004362452937
100002770387702
594596330
1415881211
655537757
1536823838
1515360774
100002675356369
1111313170
100000702248488
661155472
100003779299905
1321104790
698150917
1107206997
1016062667
1462697659
1135782889
1054838353
547039488
1420380688
100000866708953
100001228965390
100002206560090
100000926252744
100001574840960
1132083270
1677163409
1551776915
100000930587357
100001164315345
1196942833
1603485802
636005085
100000462313081
100000996344414
1056788883
1144666510
623817816
100000891833746
510588593
100000633852032
503210166
1496854615
699085479
100002471713822
1451036710
1336283789
1127524850
100001594539136
100000096030692
100004084794423
16814789
100002177966500
699719752
1329544039
1385831364
100001147226324
659722575
576937086
1782349810
530781189
530696359
1673545533
100001231978251
1787078796
100000838720036
100002641055689
100001893758696
100001216080853
100000648069360
1640183709
1494742196
100001376222913
100000249991176
100000093474995
100002035461400
100001532152073
100000215115919
100000476935681
100000454212501
100000173575893
1148186167
749825293
1544304344
100000097912669
1032911287
100000633767777
635720169
1547036987
100000388995440
555294681
100001454991039
1608011354
1216475931
1629284746
1317981390
150801410
1535588641
100000379539686
100002180571932
1188711804
100002568863241
100000217577504
1421825702
100002538287901
1193363121
624562542
1478873805
1087748342
100000176233281
100002250923663
100000258527338
639797576
1508711859
626503048
100001340543915
100001549008712
100001111920705
1316517181
1050052368
1176190038
100000821780219
1612272070
158658664208700
1620969608
567029816
100001970928105
540063048
100001808480195
1738215361
100000828130973
100001897488747
100002720930740
781624408
1210171102
522886252
840848533
1371319708
100000982065108
100000509058213
100000881094784
1534064155
100000538890164
100001439450774
1654284951
100001080072215
1792506699
1064363228
100000169437604
1625176634
100000831639934
12326759
886325643
1180390708
1740645569
724415244
1388923477
23300899
100000000240418
100001259012433
100001586574065
1164682123
1338582342
1375157463
100000501368977
1452804141
100003987607556
100000308184505
100002226213522
100001623645665
1839953890
1670430617
1646647822
100000142165479
100004121074840
100002271428326
1556386692
1153611865
100000571675348
100002485600372
1001787475
100000412683687
1412215483
1627363073
1495478745
558408863
100002443917365
100001423154229
1325455143
1100816606
100000645437540
100001523542476
569730949
1155331134
100000824924287
1130100627
1404347891
100001079352860
100000560246208
100001721442735
100000184671502
100000856072314
100000140855195
100001664866578
100001015122328
707577407
100004694319259
1193959703
720478893
1333344093
1133977482
726006340
100000058664913
1492896668
1351917959
100002941625240
707944358
100000372343847
617570737
100002879092619
624401034
544297685
100001804251528
1003667013
698832856
100001420238955
783862870
100004388980827
100000193362432
100004866872442
100000547040069
1370014477
1119385003
1788320753
207555645942758
100000646376855
1377931506
100003914645985
1572884137
1495147221
100000545643835
502873587
1381702999
552857001
100000220240220
100000122143901
100000497343985
541789343
1264560374
1456311378
100000257025448
100000841752663
100000041388497
712627944
100001936732164
100002411823288
666230365
100000596170235
1382949688
1180804699
100000073700445
1315266970
100000565002430
45603190
100000447486162
100000266594643
1006041229
100003848705760
100000762327859
626296452
608186582
635156300
100000035601833
1468784066
1201122903
1393493561
100000298998635
1432212429
100004227425921
1247353741
1180149680
1325110698
1086307858
100000969820280
1785767224
100000141290621
883605219
1731231746
507364322
100003910305407
100003163991090
1207089925
100000179169934
1539010381
100000687508452
100003082452248
100003636287970
100000030444918
697527362
100000176190531
1392999171
1123090206
1723279786
1434952486
1484984876
1196340301
1807480624
100000159313995
100000192383974
558747589
100000283962619
1628538040
1739874313
100000307096044
752718683
1327789681
1327338667
100000902402178
560436000
100000325833103
100000149381412
100000983751603
100000430016712
710361764
1458743891
100000699301063
100000098274886
622891728
1159747289
1455810932
100000240729272
80505295
1191731415
682828092
1047039188
680393178
1364108190
553653759
100003166535906
1851409087
1681523431
100002537033650
507931795
1700222120
1420278952
1337621974
100001276950977
1570027703
100000335730788
1656379227
100000537981289
100000045169171
1016162441
100000831742738
1249346776
504879722
1667546304
100000156771917
1323532167
100000759757955
1172522323
1158056777
100001669423989
1296898058
100000202515896
758303218
100003299058620
1311047448
100000152955929
100000192234385
1352737636
100000701450850
1752141879
100000690529266
100001354567165
134204456632132
100005805300958
100000351360597
100000067857879
1651239348
1197892482
100006558764487
100001695514310
100000745226017
100000170282756
1064996039
733185162
1825117466
683934608
1512114853
619328011
100002425721186
1366693424
100001723786248
100001323031471
1411776990
706473141
566332845
100002113465087
100000268725237
1013911056
1211748938
1443210165
100000287149887
100000989979888
100000066821328
719013747
1559160626
1207609002
100000598547338
1224541413
100000323203361
1472749203
100003946990381
1144533535
1041381365
1259254347
100000117890221
1120560415
100000153702119
714914006
1303046826
1330300456
60712756
1582717439
627616636
1216225915
1587368993
100000565316678
1345368845
1669835099
527411312
100000063398035
1735167544
100001478683299
100005646368142
1369185557
1565614236
303400270
623676792
1533103162
1602380942
1819887757
1165699153
1819267503
100001720188470
100004308191885
100002488818676
100001499943471
100004738631412
100005971862647
100003031376832
1527761088
100000573729359
100001781745488
754753929
1829038222
1324292567
1138129023
100001032608230
100000273498276
618924417
610755012
100000240367630
100002261308621
1546222323
1195832937
100000945465689
100002022110646
1363531798
100002475138846
1714341232
740221755
100000389381516
1705344473
100000099604929
100001923917130
1381988343
1522032404
1100294340
1157704669
100001239430361
100005811845023
638458078
677934201
1018718079
1517545460
1394778530
1606786964
571534950
100004308369730
1703550437
100000582103911
702059077
1237639888
571433557
100002805028551
500045789
1529223843
100001009112430
1186214691
1518911971
100000813516385
82404075
1262262068
534254724
100000327345101
1279914390
1686065567
1440386476
100000248455074
46204721
1618128663
100000374253701
713357233
1472230847
100003501251639
1232153669
100001081935127
534571622
100000240981690
100001168364328
100007226072333
100003000395093
1415214507
738675489
100001186527071
1280425939
100000109383352
50311740
698930182
100005093072975
100001250327876
100000041484509
1401499430
1248946811
581612518
1658752010
100001853594786
100000985683395
100000096390580
747129157
1060768140
1171085614
1342972828
100002042685881
633015224
1209805008
100000580690465
1703153176
100000901710716
570155913
1724136317
780756288
100002936670865
100000469311662
100000274124494
1538104294
1141667690
100000380224364
1228291074
100000061682818
1080745899
1666936907
1343950518
1763425519
1417093555
1130330840
100000079470351
100001963005943
100000336284118
100001268419416
1064079119
241161142699738
100003240728663
1576951944
100001156127843
100000684212289
1445386221
100000283966771
1532324228
1212336087
1545499787
1036657248
545111590
1476980142
100001713407348
100000673537360
579122579
100003862165008
100001502456935
632328508
1209387892
100002324667370
100002372155118
1433143695
1201914202
1545207409
1549741742
520530331
100000216572489
1609012849
100000845222660
523682607
1682436385
1207329420
507070703
1795707597
1296520153
100001401844997
100001259932146
100000151531108
1475834173
100000152709806
624873400
1677369340
1847513646
100000696268098
1466479107
528928604
1107832195
100000510288075
735665604
1322785707
100000683406944
100000345210545
1080841986
100006226302686
1235534591
1620040002
100001518193897
100000092583199
100000337633413
100001108773244
691884003
1275951755
1044725024
100001537293697
100003496965439
1000658830
100001217096423
100000560741714
1393190467
1116879281
616496416
722072830
1677725970
100001140283620
192931530741051
1572738178
738892559
1807782133
1255936343
1397784285
100001786798587
100000519436205
1221710507
100004097109726
1052573982
100000647275430
1506774245
100001477742697
516362800
100000081589663
1389781699
1679943589
505785478
1758027752
100000250482339
1618885355
1633922128
100000614344952
100001537792381
100003679426737
520185641
1060497692
100000872858931
1354548534
1763085852
100000235802587
1482464980
813179125
1064325574
100001196220940
100000081782576
100000453824069
100000384071014
1565859930
100002539242795
100000070365933
606630498
100000898460781
1553262070
515642407
100001312082843
100000443774353
694724570
717057873
1097539805
100001166949863
100002304913514
1645974929
1045504604
100000713379421
1603879866
100000911725297
1546334590
1627800899
100001725997702
100000077191417
100001587851320
100000178779116
706341387
747065551
1800614453
1536061423
597400963
1668687078
100000837348737
682956460
1403841523
1428888935
100000615263628
100001011442505
100002564622025
1017173156
100002255923135
1448031220
1787377359
1260485667
100001076848171
780316029
1789937058
100005759201933
100001215262249
1447320545
100000502367942
630879358
1311021504
739545974
1212240945
100000996930509
366500026702635
100001531758875
1265015336
100001712185661
100000663468760
100001907506045
721229669
1367181183
1655401617
100002260382568
1729372777
100000450980960
1515801950
616650231
100002557310511
1669827656
570343487
1001825509
100005749177535
100000639007359
100000151951071
100003486465971
100002018268791
100001272073949
100000826745107
100000593183657
100002426950334
1196374628
100001504880479
1068985885
100001068367355
100001535517472
100001025909013
659066118
1320295612
718519393
565778595
100000974673042
844190563
100000913051329
100001027355130
100001579984847
100001896211734
100000350423572
657144806
505236711
1374962541
381412098575328
1100630367
100000101936838
677913493
1157202098
740085310
100000067645904
100002177144480
100002146720975
647085426
1005092095
1844809524
100002953014947
100001634807384
100000287603316
1223125138
100004486723331
329365823823824
597277656
611833230
717781611
100000329228123
1329296273
659358576
1320322766
100000802828694
100000596576699
100000131924945
510087752
438574759547151
100000463892843
1137897591
100000595074265
100000143396542
1302398608
100000151835635
1664901248
651328407
1517540571
734935904
507840251
1489137048
100000814316598
1439902387
515252875
100000600763272
100000190150255
1063371473
20617449
1199728405
100004364374950
100001556307070
100001815708144
1638487879
1408386785
776930595
1389733000
100001509188879
100001990782185
100002315169230
588448365
100001405132210
1021714577
1399595291
100001957856336
1703455843
100000524472554
583873759
100000543911699
100003013893346
100001866358268
1132029663
843595566
100001649585922
100000770407489
100002484637676
1683221791
1163697469
100000164018797
1448573586
100000020176339
100000612447680
512693304
1552285546
100000598616825
100000960629225
625047584
100000727114829
1273998434
1576159754
100001866537425
100000043023407
1027986786
100000291830778
100000302518970
100000459440490
100002001266108
248195678565979
1537870775
100003055054542
100002371675284
24402371
100001453043617
100000202513953
100000454272621
1325161874
772393139
100004251070889
513837347
502499594
100001721732226
100002385171836
100000356006625
1323949264
100006100928812
1728667443
100000669251637
100000049386213
1346206283
100002015537676
100000782192769
100003575246257
1264746798
100000130276566
692155012
100001017282231
1474571494
636301150
100000184598128
100000397830464
505747060
100000214791913
100000762399981
100002109627255
100000708217050
615948416
100000678817948
676426904
546184181
1139241257
100000034288757
100000627461400
100000552889317
1635918359
1569289017
1740571884
100002924062698
100000536323694
100002377609423
100001605003744
100000583176386
100001466575831
502286532
631950800170239
100000079064046
100002329812848
100001475709157
100000622779745
100001423838763
100001835731841
1450208815
1490007285
1053972642
100002041425176
100001044738653
611779018
1180564468
100002389532794
100002685379413
509690712
511078729
1517786022
1850291555
579073833
1235551578
698696903
100000120938567
1227540462
100000648619300
670643598
100006148294005
100000073388496
1481177444
100003868132067
1062374383
837768233
100000154833385
100001943064875
1587040900
1373173117
100000468883204
1326484044
100001306146675
1244171210
100000018641981
1327887007
1537429802
765062818
1091792297
1036868554
100000228282570
1338789019
100002282944360
714373132
647611307
100000118284686
100000477693160
1793956805
1501655022
100000844624600
1410681395
100000138701267
1004141130
100000067416338
100002320438052
1033633994
100001452156811
1506140576
1112164120
1098080078
100003172058387
508313326
100002460758737
1567761656
543320582354046
100000847882792
1791550761
100000002825736
100000142808561
729921613
100000568180369
1310412547
100001503019674
1364196475
557408861
1062399925
100002573820996
100000714536105
759855506
664220898
100000201528871
100001133742400
294400763
1625550430
684611914
30115224
626251069
100001882326313
100000292535277
100004735632715
504817180
664050991
100000673850385
100000803337953
100003677052885
1372549924
1171056996
100000561185259
1152444438
1752909052
1047550803
100001304003775
100001233933858
1306625092
1405383289
1555660091
1791570104
1406833972
772473002
100000624484552
1848127504
100000618616718
1418786516
1119033460
100000346804610
1290885249
1604569651
642577940
100002345131039
100000157587670
1824205337
1538582763
527800881
1581931650
100000472851650
100001098555259
100000634983639
100000622239857
1195324806
1676097550
511498844
1381345751
100000277300909
100003077020048
100000670181055
1127525819
100001685233237
1147456643
1799720809
543772981
1565185103
1494332982
100000940170447
100001373178544
1130118247
1159783820
100001816794282
1598073835
1664027167
1477583813
525819135
617394009
1225811965
100001648767853
31302048
584431961
1171999032
100001369600760
100004683670529
100004392011289
100000817133517
100001178178364
1510175433
100001838982630
1217862589
100000776785477
512014055
1683440586
715171147
541976492
1268350552
1644675229
1797143709
1324183855
1751671261
1011076921
100000572365029
100000137274484
1606686328
1735417874
100001152025932
100001697607724
1611846206
100001804462553
100001001710614
1293485663
100000881852003
1781778915
100000829102655
1257199579
1821236621
1389080035
100002877928484
1407082870
1049830896
100001975856433
739188911
565744611
100004989484490
100001686769248
100001615199077
100000854272716
744266981
634567859
1795264434
100000242886568
100003361904786
100001812503608
652719262
100000521954167
100000498566994
1125193433
1384311894
100000393352225
100000171565236
100003687579627
1282795550
1048362737
662778296
100000315186373
1385147347
100002015483790
506448790
1389765444
1571757277
1409694319
100000190898445
100001135431467
100000403077881
1597237580
100000872135958
1225429425
662478466
1169839899
1145930489
100001845225613
100000225054675
1440244075
1196868733
664653499
669148390
1033622816
100000998700559
1385661736
1266341025
100001296002415
1351140917
100000640053624
1280186928
100002213791562
505911747
100003397845337
100000712084865
100001039557321
846884338
100002611522432
1634479016
803759870
1039482081
1021753796
1666735797
759539664
1396220179
100001420460367
1701502697
100002613142556
1425190174
577571990
1273715991
1775230863
100002321239061
1131581542
1180128784
100002425840313
100000765845198
100001001583290
1297961185
100004603234519
1662333190
1061349013
100000558723342
1373182675
100000914050243
1179072275
99000398
1147195517
100001125100592
709497235
1128155654
100000785649447
100001530418420
1743600102
577113960
100001796565961
1560497133
100000082408537
100003837984104
100000614314784
100000297040347
1192849392
100002321732318
100001004282224
100001813221590
100001571094212
100000290372208
100000560442427
1041558795
1761002406
100000454731470
560658520642916
100000005954826
100000639345515
1054691490
100003607043291
100000740351565
560057184
1054707060
100001709384004
100001035495048
722873526
100000654143601
769142438
1038485323
1397197245
100000970165309
100000121023358
1257497735
100000652343083
100000613224812
100002860470559
1404235758
1456042429
1381331505
1001750634
1431949937
1762098886
100001609735723
100001415948946
1051439027
1373973308
1840608659
7806713
100001836674063
100000229480604
100000249966399
745929671
1550386273
1078105074
100000684232236
538383042
100000695191766
100001270099789
100001385925202
1174445592
1216630986
100000542682732
1526893000
100000047016393
100000610622409
1008670127
1470619952
1164291919
38208669
100001386680074
100001354897001
100001723648756
100001621948262
1311531136
100000905815513
1615770729
1107623951
100002094638207
100000458385270
100001493319066
1542758488
100002365205291
1504800927
100000225278493
100000493075845
595985852
1042805599
100000993349775
754132606
100001260365766
100002126701365
100000499306233
100000538796792
1381795196
587769046
791399800
1406386051
100000265006108
100000608592443
100004191990171
1631997575
1789470864
1256032052
667902807
100001412569672
1547828803
1257491923
654484096
1249043082
697271364
1308684382
100003495147054
100000633376237
1304498359
100001258387614
1291627264
100002019704949
662473782
1146837565
689437041
100000498212429
100000627846042
1351972633
1293421787
1202575217
100000178723391
663054972
1005037484
609241123
100004107933188
1538798770
1701990363
1565585384
100000187175702
100001543341700
100000749351613
1597755208
1629350065
736090877
1006617147
100001277425884
1176926691
100000402510348
514219387
100000093228855
100000904272379
100000129386746
100000422143059
1459565646
100000310039921
176700120
100001398215490
100000198537767
100000584978330
1784202199
1157087595
1087719076
100000270529154
100000172157911
100000254641029
1349307640
1167372773
100000657938685
100002347395107
1585974942
1730856119
1010210819
1061510523
100001333499104
1247562870
100000078592002
100002012014065
100002551603104
1026831476
100003233182598
1593020045
100000445996585
715675709
1728404982
100000980996393
100000508563125
100000529125562
100000219576862
100001769567078
1781035095
1729670201
1571213033
724456719
100000644342370
100000166614731
1597999451
100002133871285
100002319963138
1325932736
1306312972
100000022428775
100001002302854
615699922
1160615916
100000963900396
100000524801329
1828214989
1634828611
100005657252538
100000055413160
1455584158
100000542578517
100000950597077
1028742172
1568784279
793419370
100000245929057
1499092170
100004254998175
100002177361877
100001057287947
100001289681862
580408412
1654877338
1043360230
1061915669
1735392190
100001595024782
1850583809
1261866411
100002091197708
1820754656
100001554179254
100000255083829
1213381480
1613551748
100001673634484
100001237247440
100000554222322
100002192201291
1410860846
100000103791915
1200573377
100000646917602
100000312471111
100004720325937
1411368534
100000496267528
812115715
1266803692
100000038758091
530072944
100002902550016
1059278843
729576220
184103656
100000665468722
100001637659468
1416784299
1798235917
1493269575
100000956586168
100001460823770
722549634
1145982466
1201294018
100000443962399
100000550362566
100005118750052
75311099
100001623882736
1333299037
100004009562010
1093707842
100001024872796
100000571162643
632615354
100000207220265
100000738698423
100000700633636
100000728567737
1365030027
100002227936870
1792001287
1102982084
1403721107
1011543483
100000763524621
1068815808
657745921
100001492523970
1176708735
100002999347910
1011545672
1797256867
1396936920
1617158883
100001497655207
100001740917482
82300330
1186788637
100000162461718
528000705
1031423135
1630491079
100002349734019
1455843317
1356121767
557253857
100000132617665
100000348754816
1075457117
100000491605356
100000422894534
520815042
1592743093
1192868396
1804952280
1182921288
14226886
100001348729392
1416772242
597531141
1203218093
1805068084
1078253932
741544231
100002256211286
100001441195689
1369695401
669510801
712764851
1053442377
100002228908730
100003202484141
100000295660605
1251065020
811487924
1062367926
641426609
100000937046027
100002053869795
1508963402
560616920
1376217394
100001325481878
100001904464915
815522205
100001547101296
1232778484
800518303
729400610
1433755470
100002573267701
648698528
100003449271558
1174995351
1564855545
100000635214849
1429044947
100002363059395
100000128273685
100000052708306
1623126101
1198546635
1245227610
1517887517
529046682
1406824538
100000383378244
1411444729
1305517730
100000179079142
560833015
1747876565
100002681299913
1317758108
100001846287688
1631906639
100000769836571
100002028653651
1140291966
100004128582510
642896636
100001103567059
1437321681
1346870478
100001741369955
100000315699129
100000630129995
100000857240860
100000157980466
100000000651579
828459773
1005410015
100001549059812
100001719503441
100001798917008
1301007796
1268292958
753685412
100004592706290
1607494874
100000529481555
1223344009
736923815
100000644198967
583737755
681055569
1547283270
1316935276
1754811030
1713372890
1547930326
100001904075908
1497964478
100000783691988
100001056039566
1448627916
1087206905
1455511027
100000260956103
100003129238401
1601737819
610232461
1212535448
1583580765
100001621988780
1604941055
652644190
100000035427111
100002447255442
100000685219604
100002620479019
621183102
100000135229263
100000163697831
624740257
144100009
100000392258087
663174544
1822657426
1457225639
100000571802300
100001369268870
1235236189
1488120637
1417872645
1258650941
1178847719
738535315
100000503354497
100000518982091
100000601909092
1547613679
1481748021
1685148013
100001102097432
1774160831
100001100416315
100002285704837
100001910968900
100002749404793
1179274215
1093372447
513456883
1067354637
100002076805671
100001544532002
100000956936597
100001453922438
1734349620
100002264705496
100000258801490
100001462446906
100000295149714
1193127885
1503565784
100002575515258
535008597
1604667331
100002136253557
1196079914
100000925048253
1823871766
1024111803
100002458681299
100000177510186
1054514979
100004069690312
534498147
100000019040779
1585987964
1382903046
100000502847960
1130160779
1206085907
1826733161
1499385601
100002527452667
1036080558
100001864810699
100001993043051
633047886
100001353331796
100002207382610
100001507005393
612444257
1256652450
1741582800
584747609
1412711056
100000243288918
1017988160
48809453
1146439114
100000536308171
1734124658
1460520556
1519737903
1540839529
100001522937732
100003904470288
100000826302670
100000168946980
100001542293776
1047452393
1238195322
100000758805426
100004282322526
100000650799543
559983836
705334600
100000500751585
100000103251584
100001961580207
100000792798882
618393871
1105656576
100005227505744
100000457776240
1025174931
138543489648186
100000888506024
100000222590444
100000696164255
100000319101395
521497892
100000439260046
100001205239562
1661366607
1565930643
1752898101
100000105556195
100000963187549
1516487369
100002006352531
100000499866114
1435417960
100000612274688
100002603263075
531393282
100001420746192
697859039
100000272949318
1201213849
100000979302638
100000517011637
100001429188562
561105494
100000144818035
100000390250740
1759532021
100001978981082
100000423170733
100000464761719
100000780712755
1222196546
100000999937170
1608616144
100004211312086
100000175770363
1413735264
100001106040944
1129923364
1427597189
1522241618
1193973370
100000747790569
100000188471941
1814507337
1253794267
1106331276
1497442577
653202987
1342316776
100002021209110
100000076882456
1656826675
1185879813
1423673520
1459610350
100000813333749
100000178074636
453597594681523
50907523
100002047026970
100001114206591
100002645423465
764438220
1747885798
1053389307
1124173220
100001254827145
100001268573277
100003343944902
100000193860287
100002569646531
100001845510265
100000186968928
1517242796
1335536638
1215276373
677399046
100000585699584
100001499023687
613954785
100001372675515
538856770
100001307643257
697709747
1518185105
275543575800478
1591042943
100001948328587
100000610258946
1251728748
568381078
1813006299
1588041091
100000078025829
504144604
1134097278
818890435
100002588242660
1437609657
100000588515619
728053881
100003305963253
1215336580
100000859065839
100000923941531
605538678
100000213030923
517814638
711867765
100000218713411
100002175992420
100001118979188
1415805758
1538465395
650194307
100001669997671
842308885
661824774
1341092824
100000197447921
1396985039
1075132834
1484453789
1596198155
100000896451494
100000299134895
25803902
100000271773415
1222922666
1410435622
1154900674
23330176
1001139125
799549392
723516068
100001339955039
1137446984
760279170
1020843477
1725334972
682005835
23203440
1791281213
100000017938876
545708166
619051774
21419085
100000214505253
100001958134926
679767632
1302515770
1686853579
100000706987332
100000680594757
1707061309
100001227473205
100001557366517
100000949307678
713333056
100000725739004
781128352
1378479917
1042403101
100000846865625
100001473259224
100000470088992
1419519579
626961765
1588230486
1190817105
100000967392818
1224147903
1779875612
1026027268
100000604950096
100002508988118
1130132726
100001084026804
200745626610325
100000545932609
100001463847590
1052194584
764304133
1850145805
100001065452792
1670136441
100001823470438
1101254001
1253082039
100002041322761
1190286522
100000294115709
1755632257
100002273912669
1446279526
100000217383525
100000032215687
100004890434545
100001395804054
100000714348070
100001549912393
1842180653
551081143
683543893
838384851
100001140991613
504022687
100003131125474
1428559132
100004930113596
100000469841856
587662803
100004001747525
100003467416078
1317560933
100000587048396
595912060
100000214000451
100003008978966
100001798064251
1626377157
100000846437171
668668179
1792733398
1333960191
1320957343
1497466656
100000016053134
100000357924714
100000554432743
100001634388930
1342377222
100000540161367
100000014984950
1753882210
1292685139
100003635036202
625677320
1151912195
100001024330352
1428799314
100002004109571
764993881
1530720316
100003310362249
678995679
1543787064
509863226
1174278385
1514520504
100000444519123
1697680744
100001613410142
100000941737825
381804965175007
100000181217863
1140740378
1401951371
1114274829
100001457625654
1186442970
1648080591
16116273
100000309170815
1731620163
100003098303215
100000799093375
624817152
100000350372706
1384362009
1152301145
1663912271
100000208635910
100002348511780
100002844883322
100001499792254
100000712392897
100002637319534
616853368
100000034579216
1848886243
549525950
100000139772498
1155875664
1813956589
606568660
100001534296732
100000723166048
1601660380
1073667209
100000502185074
1627486135
543197172
1191926938
1537502685
718053224
1193550354
1342116349
699616480
100000279646480
544414281
100001630484958
100005310523979
100000475738326
1207577030
100000621972582
1351973872
100001905468787
1178217911
1171605279
1330760154
1434403952
713120144
671638318
685286403
1327397755
1600500769
1659077704
100001422025598
1295545357
100005199187652
100000699782638
100000018308090
1177296608
100002425068730
1351475963
100004583316906
100000253601953
100001513510807
100000319567786
1538916110
100000061206690
1266312517
100000915118462
697557359
608210554
513080007
1424350645
1285047635
100000068643319
1349978422
100002162657899
1762047729
100002111193024
100000238159472
100000266344616
100001314174188
724877179
1315741997
1425663979
100001088022155
100000347831395
1404541283
100000382120589
100002153847775
1130011302
1064572461
1427416023
100001321461096
1089076227
1232766886
691654099
100001097532605
1680762633
1338786157
100000844248550
750215794
100001929554018
1376506060
100000170949405
1288962459
1183044296
1186820779
100001005026114
100002015854021
100000813523843
1464965493
100002379591002
1690850307
100002115830531
1446641248
1627562579
1248047245
100001110772527
100000564559114
100000752908619
121505954527862
1076215530
100005309621469
1484383390
1296221878
100002445246226
100000601447615
100000167057954
1444427619
100002483138547
508476249
1488953929
1610262673
1625101746
672818822
1627246594
1436894912
100000423675282
1349289154
1592615806
688401187
1021759925
100000384530484
100001483191115
100000315754294
1524697799
100000296962395
100001324038951
100002970013058
619775081
1630045625
1676375221
1183693765
100001385744903
1023066123
100003766682744
1408470635
100001397168609
528498678
506653483
100001176180532
1021549271
100001782117478
100001004902018
1677250717
724409203
100001851115597
100001048448691
100000644423134
100001259089152
1718526563
1052036798
100000898711450
665484696
1628497595
604278692
1612354944
100005783587158
1002031266
1032293711
100002198163844
1329401483
9314530
1088813192
100001080428669
100000725798511
8001253
20723515
1765076584
1190447598
621323078
100001552655699
100000401681589
100000409123045
100000188597131
1370321619
100001939693182
1433843004
1087861375
1382395449
784686389
100001388259706
100000729395039
1464763392
100000965218136
1659643454
1174478119
1093928150
100000834491422
1174608561
1525189762
100001688115104
1462989168
100001224421731
100002762019574
100000675475895
1674565279
100001189566512
100000741193570
1630077003
591903086
100004466826898
1537927523
100004322104879
100000746427638
1411064476
1127590244
1224856886
611872804
100002030460083
1428433815
1504779945
571219925
1010208373
1188643967
869115267
100001008162137
100002938676867
1299519780
1172301793
1165112594
100001851676199
1344763313
100001656693388
1850346816
100000997988770
100000319031241
726082265
100001641945976
597185813
100000140414514
100005614541353
1016367870
100001464367223
1384892319
1835600044
644971009
1205763201
736397357
58401962
730806243
722773152
1041159815
1457453175
100003181805271
1781141034
1167615984
100000040774490
1356143669
1608999501
100000192665795
1761237527
100002014313907
1364223252
661595988
520924992
100000617478921
802889592
637155639
1825588150
100001251611693
100003115327476
1394113864
1774526466
1729844776
1603174377
174503222
722559426
100000147386916
1346725112
100000590892725
100004794101312
1755057822
1674747469
100006761883277
1013842877
1515761367
1617649050
1327713666
1337409675
565740444
100000915520037
100004292521404
1676752677
1498014771
100001136930393
100000480114795
15100133
552733777
1667704192
664311963
1474258048
100001203690451
100000543063891
1210592706
1208540502
501652222
644050405
100001526965881
100000555062827
1420786485
100001256413001
1420217293
100000677408539
1525301914
581233618
1127317458
100002453375628
1300677544
1268903931
100001014279094
100000205302455
512110407
568082390
100000129746730
524755367
1012063607
100000565660188
100000096686106
100002305376130
1656948453
100000783396270
100001567002847
1486140911
1618423830
1054102451
1132495072
757720947
100000522475265
100001535413485
100004251121482
100000050501365
100000850442014
1134827206
707114316
100002177237704
185003965
1011571449
100001110838059
1450571856
756536701
1013974719
1161652302
1326447495
1208471181
1448468715
1313181337
2906618
678619668
100001058302063
1449880196
100000109117075
1727697195
1477952716
100000215551730
1385367850
1159446423
1651581981
567084260
100002426218718
100000861757010
100000561181560
1661694555
677357841
100003171041115
100001135765786
1225434269
100000161492224
100002502332296
1669341102
1444446175
100005069203797
100000005731692
1253653111
1830258630
100000535172417
1432138304
100001310707928
100001948372274
100000000461146
1278115510
1394483631
588065764
100003298110108
100002530279606
100000456677372
100000205244275
1460228511
100004386152555
100000690699578
100001569313915
671641530
100001055076473
100000070367996
1630071355
508077647
100004327870443
303400497
1158043213
100001049571169
534533950
100000459110298
100000129133818
100001782492782
1200526361
576327831
100000622297533
100000546505514
100000260295209
100000818712879
100000813588858
100004636530446
1313425478
100000351033312
100004932391935
1495840464
553556054
100001627720275
662277672
1118787568
1001029093
1116090915
100000472350436
100000034707190
100002218540515
100002877016772
100005842923284
1017918321
1822680649
554258899
1039569568
100002597359699
1342137441
1607330746
100005325302491
100001112168763
100000830439981
1512115319
1418832920
100000372339908
1352062828
1584043063
1094350431
100000823951230
100006112177602
1100559647
100005203873630
1235012073
598973746
1678845769
1592792308
100000090554945
100000583928753
100000405787509
1494977348
100004942058653
1677743492
619055478
1547283375
100000727759554
1337224904
1131100430
100001269538224
100000149782457
1116332943
100000426471842
1159230089
1248505543
100001052310401
100000530546542
100001211297724
100000735777188
100001551185595
1630383479
100000158367783
577699623
575144476
1507846758
1161903865
1027016788
1339422101
1574215039
1557192163
785486756
1588824530
1325041149
593010187
100000283900497
1833727852
812262728
100000924290080
100001224931727
751740508
100000091209761
100000438165258
100001209948007
1400419911
1574700806
100000461501061
1289393347
100003915230865
709712210
199303812
757026616
100001613856903
741578444
100003902717604
100000154029295
100001679155808
1519610042
100002931464352
100002039857262
1411037137
1048320720
1354676885
636272797
100000277248059
100000410137306
1611496682
1004479470
1186772771
1354890848
100000777330033
1067452612
100000511635796
100000074057899
1754510605
100002516215003
667900385
100005042614981
694255700
100000819377266
1219032991
100006327700744
721799225
1821983712
100002074075878
100000301735421
1320001894
100000560252593
1397237356
100006353942355
1384635633
1396338943
100000931253238
1842715467
100000262578195
1198210676
1286581915
1399187522
100000941503853
100000593145166
100000735594082
100000574022171
1197317235
100000777165676
100000287227969
674091615
100000970936184
1337528951
100001123500605
1311247374
100002549010745
100001298752362
795728257
1522179175
100001139919738
1388707275
1022648934
1553925027
1622030921
162800907
100003658599874
100002168362913
100000004074608
1392150413
557651172
100001942816055
1628804508
100003066924412
100000456145924
100004719360990
1644751920
100000632444581
100001075295881
100001709251620
100000047176486
755800095
100000050251693
1057546666
1782940304
1090821613
100000522316542
514125033
100001623468963
1725469417
100005322541233
738658910
1299818368
100002623631957
100000298069579
1522868352
1086642135
1376170377
100001347739720
618255451
100000207176179
1594270889
1508102560
1042183543
100001307367591
100000238295688
1388468946
1222540428
100001726140054
100000107394793
1830215769
100004406413219
1211646547
1134103031
100002078897659
100002500311271
1622006622
1524816117
13706472
100003957343977
1149000940
1044713766
567787888
1758892312
100001175657339
100000607571329
803002969
708171077
1443010678
100001029129530
12918839
825311459
100000929432197
749936367
1030343044
100001491903898
1199435957
1000656776
100000166913832
1231272500
100002388248165
100003557443384
100000411871918
100001357678859
1575230164
100000205972503
727086389
100001213058256
691752843
302616007132
543460429
100001913201502
1426956157
100004387123783
642557538
100000520482385
1850054781
777026873
100000464200502
100003118738296
100000128996151
100000189490426
100000613543763
855470222
100000483510050
1338376003
726990936
100000108861336
735490773
1444045773
1283599781
100001193612119
1055434102
1153485902
558819677
1257336104
100000352457211
1489422383
1647116358
1214555734
100006018999429
817949694
1314516377
1382913798
1540043496
1139257216
100002029218679
100000294337432
1218318222
517123743
1350193406
1780082445
100000019286028
1191752788
1583545920
100003609997203
100002414595279
1507443074
100000062935642
1123942479
100002724235446
100001481482691
100000444757851
100000569498961
1742821802
100000021770074
1260775668
100000666736997
100000074022859
1399985307
100001880767550
100000790278039
1624864470
1228566186
100001626986848
100001778987812
100000655461122
100005730307193
100000730966740
100000398180859
100001534866585
1720564392
100000495946499
100000084703645
100002271374312
100000099029020
1252958560
1111008469
100000346262012
100000519153984
1107939674
100000348877744
100000164951683
1662791648
100002367806681
1408605066
1296129949
100002386940471
100001561467872
1186393844
877690213
100000518301318
100001672429614
100001572111119
100000828145709
1657046372
543320535
716392336
100001471355704
628230384
1380769812
100000819094171
1196322342
1469191805
100001126980414
1665783446
100001302313332
880620054
1595213528
100002092706012
1259946049
100002124113980
525949874
667870152
100000922896125
748201112
100002228212171
222212097911439
1374031123
100000854134995
1589224608
100001197164975
100000438450437
100001180504167
1351683261
100002205813531
100001270644249
740736534
100000610681287
570471876
1066990715
522017073
100000729739914
100001943934224
1282130076
543200097
100001986501259
100000634428560
1292184834
100002434075932
1817371085
100000510070354
100000490795337
564113702
1316808051
521251426
100001035536208
1625382131
502028182
1800923889
100000555450024
1248913204
100000132156185
100004105609557
100000482111661
1177728052
100002952450440
100004535532728
1371181452
1486427542
675306116
1781988562
1578733321
1169374574
100000305628476
100000124883447
1825773282
1424850760
1478837214
1550201815
1004962178
1850615899
1139581650
1356707237
100000519492801
1706093660
1577046661
1686912444
100002177141261
1184937636
578119933
1517694988
1105682538
100001342473530
48600066
651462594
100001024567090
733416275
1170696534
897520491
100000855313042
100002312265575
1458438438
100001803903371
754540593
1135707868
527431118
1012617094
100002013129899
100000016557111
1406462603
1643268931
1534899316
100000435560535
100000558762753
100000984780213
1128466579
100001765160932
100004243783652
1314192640
1295057506
100001870645957
100001015696787
100001057306375
100000732848067
100000988812584
100000372549210
100001376251393
593926376
1432224679
1446473867
100000042946706
1077295746
518377906
100003863547569
1031767734
100000393627939
100001941344079
777584473
1606346676
1409413976
1355085780
1418200152
100000695550932
100000583632535
100000157981315
1186324104
100002362455652
1223972464
1265398462
100001058182598
100000526916075
100000972090782
100000126188363
570092613
1149549271
100000679831534
1636443913
500897016
100001791205904
1354322614
672648652
1644713016
100001723343094
100000877458512
100000123575311
1654293521
1507912560
100000490267666
100000427288271
100002485620213
777099634
100000687706175
1136552514
100000601890125
1524722205
100001541813490
513208787
100004186117808
1260071198
100000019704360
647593655
1818550851
686692876
1391806520
1069165248
37518814
1168155517
100005273260837
646077142
100004776762462
1420875654
878410346
100000056421559
1213999293
561914544
1594917427
733037194
1625943436
100000542982094
1589360697
1243180219
100000724125250
713674702
100001986258970
100000814252761
1466703065
760338726
1467609264
100000106633828
504014345
1325952286
1452693917
1190657805
100000188442559
100000925690248
100001408960216
1117458531
1317791028
20910157
1078752437
100000692972465
100002767830187
1136954416
786408328
1414767418
1608030387
1726277098
1574233797
100000713698249
1338314829
100000889512217
100000867677614
1315561067
1433513788
1784756736
1224289747
654136856
100000309856600
100000126147946
100000410832891
1497679765
100002421938570
733477313
1476262518
560734473947532
100000055822610
1496750664
100000491381794
1330383243
100001925336709
100002541500144
1795226360
100001380686541
1707986894
664843214
1069572551
100002655771282
100005027019386
100002439224501
1413784650
1258091826
1611976347
100003154352577
100000317232479
100004267963837
100005266901143
100000277804488
100001130276824
1640576737
100001819003623
100000155866473
1091598642
1340691720
1644157647
1591998461
100000557995591
100003807918789
100001477176629
1360620607
1299488262
624466951
624982443
100000449196787
100002314211189
100000656048523
1619462025
1256595358
100002349271104
100002232485883
1476834780
100004308996806
1359130445
208201084
775049859
1661280877
677807100
100000758930122
100000010535599
100000572934069
1212994572
1356792789
671868433
100003266102111
108004332
1111118065
1333187190
1736183801
1644715880
1645489956
1071321030
1212184994
100000148643049
100001294552958
1759656506
100003576954431
528401609
1173007043
100000044194008
1032090808
1515828573
1039861988
583972689
100000473051782
676808350
100000689839918
1717973385
100001564862674
1027534568
1792734618
100000353620189
100002420092645
1034197752
100001317082166
100001904670964
1408547970
100000900896592
100000029995924
608129851
1250448179
1793611544
1651134791
1818294690
1436020538
100000199878310
1634984485
533694133
1324096681
100000401004118
100000669637257
628952572
1531478062
100001921558433
100000138617970
532127664
100000808726010
1364854695
100000169416317
100000567425428
510360995
100000868031341
510445822
100001267625676
100000699909715
836396305
1522128470
1069166070
1074401624
1664840003
722260143
537330052
100000685018058
100000195405145
100001310258453
1408877397
100001474806661
624003556
760174049
1467623347
100000585491908
816810500
100001626713813
1252418070
1139411928
1519552306
100002397623934
100000038438509
100005906313660
670485487
100000242080489
840624060
1819972876
1131763621
1151508379
1387493144
1162676149
100000087996335
546688027
1646166011
1278055243
100002094764897
100001884853757
100003330373831
100002427805773
1631630644
100001080594347
560274634
100000825083922
848840320
1380006093
100002023651026
190617464302925
1488999395
1082257190
620461089
100004554371099
100001900087966
100001655897468
100004032192365
1542896279
1313921934
1272597248
24804810
884190502
100000268009363
100004032667882
543406359
142300429272905
100002773438650
1372574814
1251066127
100000067818673
622148488
1763248043
1452383285
100000828184916
1836638876
1619735072
1517710041
1073357776
100005399821870
816728290
1682880341
758390651
552661897
100000018380213
100000038879038
100000852064290
1471511127
100001921784541
100001295225959
1076007089
1205831171
1056602026
100001089121014
1082695403
1332931674
100002847833504
766973337
100001744640909
1815819216
1281418456
100000172642502
100000572474778
1209966109
100000106790141
1330452036
518676782
100000248293530
100005281934243
100002896899633
1111967809
729571525
100001151478808
1693110603
100000150361162
100003697762865
100001846856387
100000195632834
1132483999
1370632197
802725505
569360832
1727011312
100001929043104
100002771503315
1668904572
100000039073136
715215833
100001013991985
100000509501155
100002219586821
100003976546889
1212263465
100000243574590
100002461570206
689222743
654923198
100000478163923
100000759128253
754455645
100000070765889
100001960693949
69206249
100002049247159
705904224
100000439467141
1585989572
100001814498189
755640389
100000328562064
534663692
100000422643359
100000664982009
1727901862
1811992
504689028
100000216210696
100000068711299
100000578604412
773734266
100001144760353
1154973418
100000001713615
1190663957
100002580622753
1333485764
100005190781166
1506214004
1369336356
100000732517443
547489365
100000024185439
1134482174
100000459401455
574414161
100001079844562
100001541761008
1537231562
851130092
725080952
1113395142
1783773570
100002000017173
1260187843
823572224
100000014855999
100001272483730
100001639694563
100000088832730
100000530202044
100000463965409
1439873681
100001511635703
100001341027695
100000161103233
555822761
100000001523855
100001185273060
100000146883874
1395854386
1388606927
100000631454166
671778052
1713485282
1305342015
100002086075253
657836382
547246717
1564684503
100002013005981
1841990986
1066745025
737549086
1388540770
1085880053
100000423235586
708674403
100001518428821
100002184574145
1262723835
1479846531
100000328045159
100002553675960
100000588965275
667598841
729036811
1001616495
837963489
100001989816231
100000106223609
1570748411
100005492703246
1136895367
1644649177
1528924937
1284511321
100003057286736
100001430336405
686604258
100003581513564
782159524
100000512353443
430673953662282
42407616
100000380304239
100001628896331
100000268594840
100000668940223
1507156466
646185216
565255841
100000596410149
504092647
1545390854
100000176120922
516936098
100004440161823
100000473703672
100002074206581
100001290993756
1065295257
1246055913
584497502
100000086001505
699605312
635059126
100002534878001
644545985
1384116782
706870430
620206970
1694661624
660670291
667311740
713257976
1419666357
585475391
100000519038724
1038235427
100001424194830
1381756537
1412295937
1432870541
1519370215
1220670230
100001040180506
100001470081810
1409440121
1673231320
1619042798
100000246237480
100000159004419
535224376
1522610022
100003337405361
100000184108006
100001702834314
1262257538
100003488225478
100000034036781
100000705358378
616079832
100000215344943
1323618082
100000098986358
1701792840
100001479846140
1442414278
144576685646751
100002125416612
145900711
100002157692634
1506348687
100001382903979
100000763132729
867345392
100000103101186
1359130033
640367770
607288981
100000668672212
100001675243387
642058924
588228908
728343248
1183707949
100000103324265
100000424178523
100000822556998
1051917091
100000742568195
100000705095531
1087160937
1026145963
100001264427918
1847078138
1801981078
1415617724
100000025273924
1505100513
793504232
1025826993
1803547470
100000479427460
562926139
100000966497458
1033964645
157744874390253
100005442632194
1239608030
100003117590532
1602466135
1152478043
1199823879
1399193258
567763797
1137010041
646312979
597469987
1602786653
1629353295
100003029145662
100002086543279
100000819603106
617258872
1470969311
100001238602961
1636825100
1124215323
100000466254835
100001172964802
1300726952
753070446
1154477704
100001631307725
100000102542210
701756621
100001945388864
100002056785253
701860738
1553798584
1597969688
1006867587
100000482778752
1297042499
100002296535062
431477283583791
100003800846355
100000572976492
100000189158525
838930199
100003150960235
100000619780990
1570867942
100000133212414
753313572
710851803
100000594384303
100002655022988
100001815414501
100005776596748
754730960
100002071560591
100001032806223
1219684110
2243729
785904888
100001286020755
1696705213
1210954767
100000402426507
1118086243
1303054115
1644414393
576795929
1058311837
100000559577735
100002031015231
1293041395
100000548107727
100000735323721
100000007282731
100003072964790
1592435855
98200548
1094576788
100000967850466
1098823361
100001045500684
100000632700194
1599715825
1639068675
100002236775588
1347506699
1594037623
100000010563666
100000084711506
655543532
100000587768104
100001156891302
100001134602742
1390942376
1420966753
1007952674
100000143031929
1353593236
100001277198519
25404546
670418351
1651958245
100000481187821
733336699
544832775
1466802543
100000125359078
1573370242
100000685982743
1495754125
100000998189010
100005052009418
100001742003120
1020607159
8001117
1537965459
1814641142
1493242190
100001894140293
100000219952200
100003226248244
620143243
668206316
1373357560
1664811187
617060147
100000442814683
1376478661
1362585606
100001235390157
1134083129
755749640
1554603414
100000387081557
100000826659690
100000421170085
77901577
100001494024031
1422611377
100003893250877
100000594861897
100000656163962
1408575757
1123326221
100002946617750
100002066667227
505380278
100000087898176
100002483632431
573740709
100000236479505
1295874087
100002356521651
525282010
820517071
100000436325735
696461531
100003195860791
1668892046
100003326146410
1042594756
1338382588
100001286915807
1138156736
1573171539
100001537451763
1823749730
100000646041179
585502575
627842826
100002323537007
100001528180337
100000857868374
100000625474435
1174129350
668420049
100004529163658
100006589270553
100000658525421
100000628072633
100000887178776
100003054639953
734106959
773994095
100001275982885
1777470973
1793858500
100000022190581
1437958275
1074934952
100002238400253
100002485189233
1011563888
1677860351
1176793077
501006722
31207269
520178966
100002345128039
100002432115462
100003162355172
100002114221487
1419941800
1652565987
1103687147
100002233535648
100001586355273
100001934179240
1391358238
1141854275
1454990685
100001734471592
1624936776
100000164032261
100001629904638
100000067987506
539807535
100000861964780
1822669022
1044864590
1550648679
100001324598362
1589502857
100000087840493
1594014285
100000180964341
100001456101554
1374014722
100000110683777
100000117651963
1605555951
100001621142090
521295514
507507215
698641564
1091432613
1567080049
100000550606391
100002832138636
100000275221133
1133111067
100000401546746
700670645
100000686483249
564055180
100000067582803
759262043
100001361784883
728167770
100001189512428
1127281152
100000573785828
100004037679288
1841326885
100000050115850
1079473011
100002172342419
1114161748
1353932302
1669267580
100001671947299
100002242832495
1127654348
100001539251672
100006084998018
553777612
717814253
100002085339297
100000167460032
100002021411566
667475436
1232740861
1749752345
100001038559524
1229592878
593355392
100001999642930
1797997628
1450872169
1004733122
100000078523841
1164212177
1288473323
1457102106
1779445844
1663748856
100002222387287
1005668956
1369899557
1566907864
100000613822082
100001753932361
100000830916490
685125160
100000218888809
100000638400852
1815062324
1409696811
1055645302
1833056456
100000192760572
1241513591
1413410562
100003640729660
1664627372
1203213372
1443723601
1246315650
100002854242070
100003352891357
626388884
1659729859
100004016981666
100001909689090
1096582555
1644460229
100000661425162
1229569655
413962122014171
100000900694345
100001114671929
655708612
100000900863466
1250353964
100003140383604
100000849256014
823742496
100000213058324
100002640250826
100001377267717
100000098949404
728105884
100003167912320
1366074549
100001447931103
1312018011
1572185169
1580313536
1576221673
100001689210283
100003214492128
100000063958290
100001230906356
1592046812
1801468046
1193936491
100002006565535
100000097326893
720836671
1049789599
100001085562785
1633837252
1062520793
422951851121145
1523193304
100000327540298
100002747060386
100001545476774
1196282140
1036314151
528528980
100001570689402
100001129554989
100002864329229
100003469893912
1655372264
100001401008775
100005558291129
1758328221
1813993779
1381145497
100001079384093
100000585714839
1180230163
100003512149349
1396461108
100000645459795
100004057031238
1077699383
1603833851
1273003733
1448613144
666957335
537261783
100000428369124
1411459807
1508151806
100001840336669
100004447084876
1545684230
618576561
1374639015
100000752285290
100001557756752
100000620603480
220566547983697
100002737198371
528428323
100002447604499
100000185020826
100000610940925
100001027130781
1194408045
100000182200463
100001326343616
1646465255
1315069085
1544036818
1506182451
1417364846
1439563042
1029590428
100004831023613
100000360669751
1292552570
100001690346914
100001546009320
1111032682
1435771088
1475596094
100003018524024
1486657339
1635837262
1804581571
100001590074865
100002405730721
1157211730
558622213
100000339235025
100000774627255
577985413
1765184047
1135521288
100002503766561
1289151926
100000447350472
1193726175
1278295369
568403769
674476542
100002638161270
1132873070
1081327622
1576091910
1627796044
501586545
100001932110019
100000230033700
1141767529
100002379025730
1620856458
708284235
100000652271149
530695931
100003834867424
100001332971640
100000571351464
1670029526
1519453845
100000256009184
100002288201140
503386582
613368712
1324007460
1429462314
100000299587945
1459956632
100002257495845
100000646434616
570580326
1678245652
100000746328441
1736182608
673480913
1198712121
100000442836306
100000120777520
1234342303
716530865
100001731307256
1235400738
1670777332
100000084627174
100002329367370
100001346958454
100000129156426
530376104
100000091743830
100000565002421
7503041314
100000033979272
504233134
1436749115
729721880
561715469
100000990070341
100000231987238
100005321131547
307074109409970
100000999681816
1706247684
100000541915319
100001066467573
1555178925
100002540832657
1277974750
1347665118
636646625
100001690455310
100000225485841
1604797974
100000795008208
691799446
664216267
100003547596892
100001190827408
100004696956442
100001116270866
535215796
1533060810
100000135651522
100000097374939
791698840
25810712
828982759
1684383362
507276061
1312274230
100002417815493
1422992027
1760772322
100000914484017
1662187853
100000506209385
1851447533
1724305183
1435550410
1283681075
100001572553257
100000152826896
837184909
100003245408641
1301584179
1402317047
557096164
651861496
1634178013
100000921509018
1410924704
1571210643
100000487775304
1619500724
628089569
1057584615
100000142101694
1643214073
510432801
100000001347422
100001720183836
1582238738
1072325711
100001236815369
1812348074
525596451
1585127235
100000492927146
543373867
100000187017825
535472776
100001637668974
100000722785040
691008888
100003731005447
100000634187377
1183781026
100000663043560
1812880178
100001123987416
71006296
100001561350031
1021010801
500505705
100001707690130
758649588
100002436465119
618735283
1519809700
1074935550
1384466887
100000264349255
100001342510825
100000135336905
1317660736
100000560542915
100002378695099
100001791112759
507034563
100004313165459
1013934143
1440501071
1774988246
100001979013389
1591213375
1466625686
1319400803
100001190434812
1248995440
1130733758
1446632472
1731251323
100002053692183
1351567495
561086931
587218996
1406202046
1828226635
673435786
100000579287032
647149362
1790075888
1340594158
100000076520812
100002163593388
663034972
100000433188903
100000142805372
1160947066
520261825
100000894452738
1443247989
100002525842402
577244807
1564744180
100000660693586
1074939893
100001392522534
1515248435
1261965713
1184712986
1000174080
1676616238
790263570
100000641884832
100000554580015
1684277350
100000659926361
1080604726
1389583360
100000565143995
1767107337
100000824276867
100000190264273
100003314761473
100000645303734
1245003371
100000064578582
1487019003
100000198174194
1478491933
730860243
100000643443529
1176957824
546284928
726767714
100004013466408
1657122625
1301567049
100000724558793
545729597
100001640820828
1678072420
659820141
100000206935596
1539825475
769318770
1144794590
1641155297
1425510141
1131627130
558755072
1289949743
1103336218
100005129348467
578063714
100000289381026
100000173949487
1261957681
619582760
1642243416
1249663517
1093244606
1672952080
100003384650052
1073156167
1053868313
100002533363036
1106036724
100001271623921
100002875494822
100000547716534
1799808536
1026380893
100004524878076
100002495907798
100004885389611
1229470939
1210525615
100000030162431
1636304702
100000216935457
100001249930341
1233092182
8651251
1646976257
100000481698185
520059009
100000040138205
100003551052089
100000206676615
1147339988
1626540626
100000256727550
100000025462608
100000108078039
696088074
100001578235570
100002401586798
100000073308196
1038167809
1344181235
100000801570972
553043231
1226970308
748424230
501516802
100001571063298
1154756631
1278812109
794318081
1079738008
1849284026
1173341699
1374093435
100004056990803
670449539
1710471684
1403044235
100000597276128
1228242441
100001644840693
838035741
1477994555
100000660462770
100000835215546
1420101957
1095229000
1269444309
1696437823
100000519135662
640255177
1232617515
100000176874376
1622341718
1409742462
1233395512
100001223302625
1121510786
100000156012209
696571114
1044134355
1227821805
677544272
100000625560526
1167099160
629099674
1775690810
1206042900
100005235000611
1331702414
100001774756323
1640946045
100004402242896
1835598229
100002232463900
100000221854415
574387291
514524473
534256477
1187032580
100001300781941
100002482513942
1631071536
100000480527554
100000454188650
100000350245301
100000779721243
1575879399
100000180610812
1535796868
100000609567648
1112344870
100005628431779
1740835820
100000020812101
100000399637889
1587971144
1034453435
100000317839024
1593790246
1508448327
100003667390251
100000110702449
1082318927
1632307333
100000743597376
615602582
100001609522089
100000206555002
100005241822792
1266516456
1285830677
100001412960438
1370564542
100000644231270
1204814586
1020657915
100001940916871
100002669068383
1657616466
100000916687803
1179510107
1841837264
100001412343908
529895901
691146160
100001471063305
734078268
100000187902309
1295496490
100000815028530
1077047216
100001649075034
1367000036
1410788380
1732605052
100000723851616
100005076631353
1014847247
100000228768870
587674769
1343959191
100000447228388
596924726
100000655438502
100000660603791
100001195712490
1148996000
190440404344655
580340333
100000368794510
661518220
100002390010722
100004438089765
1659133553
1507801482
1673693953
1150112004
602316774
1410040747
1009660318
100000213050530
100000170040397
1532031780
100002060594680
1193587825
1215794086
100000204182889
100001017972809
747603984
583808556
100000856895163
706734005
615909255
100001538046949
100001624350113
1609537919
1065725669
522123242
100001104292387
1841594957
100001444585480
539979675
616206031
100004449423739
690275463
100001690868120
100000097850715
100000950193255
100000515357019
1497520952
100000184773791
1621914354
1100474234
100000309711988
1317296228
653529040
100000469018271
100002389072781
100000918356419
610056353
1477860264
100001258880937
1110987811
100000542171709
61915636429
100004627893381
100000216580118
100003419589563
100000285944961
1152651064
1142674256
1546165735
100000773033619
100000426083372
100000309918037
599098232
741438692
100001080579518
100000403211450
100006116234016
100000405276735
100002206931166
680168828
100001154802610
667255938
582689822
100001033157904
100001749957672
100000022900309
608670093
1236010512
100001219723361
1317879183
692901184
1207553199
1287510122
1656201355
1132882656
1109755764
1201118934
100000604017022
100000661330212
1761898672
100000275752538
100000689523439
100000784544678
826539755
100001441050483
100000121305215
100000018273653
756398827
1503518433
100000420246147
100001537012107
100000325646394
541949176
100000256576644
100000419809368
715540330
100000536163774
692146986
42504673
1589886788
1337053503
1334407055
100002865706290
1441609563
100000064646405
642919072
100000400814701
686716125
1329205547
100002733229368
100003380334974
1826773619
1261711423
531627017
100000492606444
1820771677
100002898423551
100001070836964
1162495384
100000733120747
1666988173
1529000230
100000550741489
100000338504656
1554301468
100003346407713
1554650631
594694589
1029020473
1485590016
100001137662698
636704135
100000319825727
1206141764
1327567831
749905213
700969594
100002078890940
100000089416760
100000649566213
100000727897240
100002044179633
1761957727
100001651322861
1096036549
1658467915
1078077515
1005721876
100001859336563
100000155935959
100001337166008
100000173706991
1847221553
100000859661659
1150057366
1246657389
100000161073515
1170025980
1198295254
100000210780305
565332923
100002256706441
100001185173544
100003104638038
100002207354021
100000272958929
1266901384
647395035
549875422
100002863437470
100000098601041
590621136
1405795619
540326341
1283762449
100000192734590
100000311690393
1105149852
1835283069
100002166938514
1699222408
100000530623294
100001439685278
1391133559
473141666083276
100002176738039
100000120575679
100002099312858
100000934006824
100000575104274
100001061707493
100000024736702
100000540033857
100001462756307
1184597076
100001606196517
1717252857
100001572724538
692656789
1224005757
100002043874247
1421595267
100001536769255
799115051
1067615845
623757064
100001748780728
562578053
1683171392
1311003495
1378339627
100001055134063
100004012260863
1240328452
100002476611588
589983163
1723261974
100001788517530
100000140724121
100004804568218
1062309403
1130940951
688543254
1064098070
1461904321
100000419831171
1279520560
100002631354921
1484576069
100000253263160
100000548541053
100004466912576
612086679
1134563420
1720947601
100003358070259
100002433818121
100000457231577
625704392
600703898
100001444514658
1234294185
674060744
1441695137
100003996762709
100000023935231
100000510666468
782960098
1039014089
764038437
1302188737
1409826899
100000607810956
100005099225314
1435994135
778693899
1248513023
100000021321118
1044553745
100001826521712
1038305887
100004138153009
1322201608
659265008
694053018
100002874815101
100000457643575
599250673
1070752211
100005056203507
583641153
1073886893
769948661
1009627784
1290129115
100001683718253
100000166839749
1656654810
100004450773138
1158101460
1451529797
1267951867
100002473882628
635656584
1343943778
100002249087721
100000399483923
100004887883854
100000736631324
1498553854
1129085816
1608761715
1390404813
100000032852052
1816150831
1014375673
100002304355427
100000599752652
1005540920
536297843
100000039524760
100001697114247
628819062
100000004901895
100000701029358
100002225020336
100001434205872
100001137612969
100000466040606
1036331285
100002748627567
1674447863
100002145062437
1653408775
1110427138
1486551735
1568768280
100001690304519
100002791352412
609442646
1341212642
1538054209
100000224360614
1710286919
1584965920
1066538255
1850445330
1428855955
1562078113
1842744009
100000666355393
1414316892
100002096676659
100000434572360
1592211397
732764203
1531180551
1057887362
100000224010145
100000858912983
789527569
1638920305
1846734576
100001955043197
100001568525831
100000018950525
100002414717935
689867640
523829140
100000679117262
100001029994552
1156405890
514441115
686802788
1498384669
1384939539
1516290601
720580002
1421282233
100002329832094
100001247480193
100000059944118
6719016
1590217612
100002431383384
758169121
178400263
1188882319
100000943884360
1421070661
100002730753475
547099140
100000469164496
1452637275
100004545760107
100001607343308
1228224274
1648912219
100001175490439
1175658359
100004077233687
100001524852994
1486820734
100000635072747
1643263716
100000627952559
1245662687
100001355316924
100000706928472
1154207256
728634302
100001994409800
590566523
100001609611456
100002774738202
1713357930
100001194050190
1816586750
1401599049
100001267719854
100000912136538
1214872289
1355932636
666898847
100003027836389
100000285606312
100000407768974
1433875882
606980959
100000834118338
1368671681
1118147285
100003353199754
100000709855062
100000038922453
100001169469601
100000941126258
100000173050236
1736936423
1554560445
100001658680256
100002408737969
1153997071
100001183237802
1316214383
100001478695683
524351694304295
1089279474
1790411301
1496925082
501026142
100000563982946
1316755692
1775873760
100000683433662
1061090588
100000632920340
100001941332756
100000210639221
100000544107497
100000467685604
100002296329323
100003927330446
793515392
100000422514169
100002829022570
1201771646
1641836108
1785893065
1564823260
100001167941674
734084101
1225200268
1754734544
1567507791
100000357246470
1441225632
100001154825119
100002379236752
1009562076
1677846191
100000050323935
598444491
100000790304550
1367413966
1368906120
100000173316945
100000033782318
1420776090
100000105227548
1532322608
100001387636885
100003500229187
100000247544831
1292162238
586890192
682571550
1366877512
100001853528057
100001562948974
1627689840
100000328346903
1119043609
100000369250003
1102111097
1187758072
100001089019945
509439193
100001355096862
100000403130139
1641692005
1460394981
100001865853335
100000584054203
1617921603
1308440274
100000009515841
1839774768
616766516
1774042253
100000103187914
78200541
100000079456790
100000163702796
100001692079565
100001522292339
1433089818
100000782930265
649457149
1407270609
100003246770784
1611275911
1013245406
1750293505
1399117495
1023481815
1644145342
1275024084
1121530575
1575308665
1038599734
100005371710823
1626976579
1813630401
711383161
100000566263165
100003505102173
100001832386995
545321118
1835513037
1582173777
1599977413
100000714682166
1000453034
554358055
100000233772227
1438689177
1576385762
1273863533
100003535759368
100001867585542
100001919034252
100002758023193
100003016747452
1421962951
531936413
1564647625
100000544422785
100000537851753
1306408741
100000273986486
1040510516
100000231923491
1382374588
100001022190890
667642292
696003836
100002067725831
1065539143
521278029
594822841
1577247750
55701558
100000107886799
100000473680378
100000606133796
1332142102
100002616140880
100001045692783
1819226409
100002580615696
100000462074943
1465870488
800693443
100002277166569
510557281
1436803607
1670022645
1328400712
100000136835613
100000115356995
1827284184
557002998
100000132588669
609391983
852919892
713770512
1421697467
100000751254231
100000348825006
1118568212
100001426002374
100002305054083
100001520114708
100001758117674
1167483203
1071854178
805719708
1164580054
1531744999
100003084902268
100001957268286
100000461028501
1034948616
100000290521320
1475682432
100001218979759
683788411
1509634410
100005321256380
100000609249049
1384587925
100000684126015
100005803721489
100002681906418
504840006
1426964829
100000602738341
1203283564
100000639573157
100002424144707
670101533
1431258901
100000037042756
100004111321100
100003772408805
100000127231115
1148467439
1308213243
100003526055130
100003105534964
605476760
100000998546079
1643132163
1424326816
100000767616441
1593681347
100000682691596
711336648
1012683493
100001107262325
547399393
100000093416163
624530146
100001541123367
819559136
100000049036677
100004910913164
100001113870806
100001494893200
1621802892
100000192889584
797205456
1724577150
100001141122910
100005454784533
1089324180
100000214792486
100001382337118
100000227097737
1365480712
100001410778444
734361908
33702309
1000158571
1846162560
100000393752281
100000024335674
100001429236133
100000157761714
1510784746
100000964427124
1802565499
658772768
100000082844177
1352231962
100000128377284
561620845
552620650
100002024553397
1508976185
100000772524098
100003724941236
1345154245
503339245
1407160690
1530625655
100000430838607
626126600
1742100134
724978011
710510903
100000219715418
100000394071196
1020896794
1547083591
1296620091
1629655995
698290793
1495976662
593572195
100001993203695
1013555540
100000321827900
100000003591562
100001806547657
100001263007062
630363875
100000170635834
1524435385
100002195995062
1051772254
100000041730655
100001713788935
100002191803985
1479923752
1249603087
100000441628938
100001334175789
674158721
1366100641
100000058194746
1023308750
1179826205
100000060510345
1165312329
100001930372275
100000628836008
100001743980558
623624156
100000557200444
729381020
100000071976191
514312525
1426662605
784520814
1402580843
1432134019
1834871423
100000235581810
622057403
501830282
592053412
1159449691
1190592336
1504283133
100001317575418
1572305446
658001540
100000024495828
1442282446
1143674354
1175298524
1320035576
1001747463
1023593690
1728731426
1368645494
100000949730336
1758722539
100005588050082
100000213725926
100000099142748
100000714502523
100002286763281
100002233087302
1422019890
100000276237630
1373544332
1518079892
100004014859936
100000483228962
100001543097964
1762185517
100001140596898
1228753927
100000262160680
100002728422951
725946108
785198388
100002885648555
1166760086
1376511694
100001517473101
719463669
100002290226243
1184930531
684323269
664880589
1312717100
1276297606
1011263996
100002080045440
100001478826305
100000057263131
100001233986858
1275324277
1465405976
1439070115
540289960
1491967390
1327110205
783340075
1376815441
1434124987
1606479835
100000162429828
100000286067534
1825360923
100000118468325
500568551
1616270503
100001659578395
529047327
100004380013967
1127962474
100002060604352
1605092895
100003652403772
100000828821355
1274048182
1508550073
100000699290408
1069539832
1136924672
589310502
100003291168870
100002040198301
1342524741
1798227785
1311441298
819217088
100000253505701
100000371375726
100000030933925
100001699838996
1677668079
673434144
1706859561
100000325590473
1301368215
1408780745
1683874040
1368098292
100000077967285
1685951389
100002947620896
100000359775956
100001611618247
100000216439320
551316535
100000284801934
100000666271888
100000532645508
1435099644
1215804386
1507495430
1376079546
1452421318
100001424465882
100000605572699
100002068427152
100002245052104
1324128748
1394114035
1184326466
100002116336351
1058812001
1461596751
674914746
100002306741334
100000043908505
100004164699573
1288375085
1343557365
100001384862913
1677197051
1061430043
603058245
100001237283907
100002845831310
1180205791
1418635274
1631283288
100001203791067
1015993705
1636360245
1387488909
100001423038944
1526265137
1751108742
100001721022170
1393192228
1044177283
1451840818
1552177971
1579681557
100000661427629
1007315357
1429310356
1426447764
100000568093407
1150189820
100001145945245
721784093
1367350279
100000397982666
100001561287476
1443214216
100005450314917
1297450058
100000377827594
1806800314
1520892947
100001313391646
1407069266
100001271074147
100002400162703
1247163286
1617382051
100001389850607
1712204883
731833652
1391294563
1497012600
100001584915407
100000946733922
666226555
1346105879
100001921166478
100000147643908
762635313
100002101850631
100001233065469
1016669542
100000317761279
1363632785
1818993587
609790059
100002078237850
100000212880862
692531954
1078117569
1067932008
100004091809836
100003170175710
1210358948
1533046626
100005606260320
632608427
1567641979
1364744484
1275933452
100001070749504
100000910324377
100001760840415
1222961854
1545252287
100003756966647
100000708806829
1631515274
762556887
705615230
1483657078
100001133062854
1615683120
1708101146
1140004710
100002003630574
1282484747
1117087692
1640715420
1841246440
100002066351167
1298526280
100001027155326
560410602
100000467755850
1782399108
100002083414941
1302321984
1433454762
1572763529
748316368
1361350504
100001685047486
100004251844509
1336155877
535092207
1042063426
1618363414
1373916419
1537424220
587718552
100000535233447
100000185980442
539366933
100000574035585
1823928431
731168470
100000584547254
1714790848
752657533
792109186
100000068158770
100002831692831
1471054856
714870504
1386513838
100000197617395
1107249922
100000595994309
100001328003544
1669343131
100000160167222
1659813085
100001093812798
1300223541
100002014012645
1386562846
558106864
100000931960884
1701663745
1822980631
1037830882
1577569205
100000433429066
1315113698
1327608818
100000253732506
100000008499003
100004519334081
1211424521
1657687465
1653799674
100000790863218
100002354094136
1576689416
100000033858799
238284026292734
100001982873085
1669549741
1578141526
100000645847065
557724155
1637537320
1440038485
100000640421521
100005436427273
1590594755
540977895
100000160594426
1671271738
100003916371219
100001431563205
509401082
100000472730079
598076602
790526078
1078560120
1297940311
100001837936185
100001693650035
100001033521488
100000094632402
100000220623114
698278042
593937724
100002213782779
100000386780223
100005548262347
100001067664230
1173153610
521678213
100000169509950
100001500474368
100000811214392
100000859854134
1404420695
100000039508984
1372570831
1151828640
1025675242
1241198683
1030425811
100001881627294
1344023582
1792660307
100003310135364
100001297494346
100005013793936
100000175102306
100000155323097
100000198080475
596681442
100002461718948
1614385016
1096645733
100000127223477
1564605466
100000179765732
100001404386667
1415708202
1636317650
1833122945
100003465795849
527466602
100001643798706
100000535767828
100001428392651
528370206
1286846061
512411198
100001193239100
100000096475149
22225111
100000523242831
100000782036514
100000631820703
855745121
1144016270
519881834
765807689
100001097346923
1406792525
1257221082
1631209321
83582108912
1479484987
1510481940
100000572744686
521912956
100003777819612
100001536632408
100004095284871
100000853288048
100002054415337
1718150307
100002132727862
1459891934
100001837321812
1291730116
100004234592346
1256190316
100002348334067
1008393377
100001947876534
100000787948085
100001600486937
1627763196
1464518702
100004070794817
100000734870227
100001351669327
100000802272863
1198766748
100002154682081
100000766595934
100000810846873
642769006
100000205500727
1458615655
100003666276244
100001202360574
147200002
100001050184727
1131862526
252802314742591
100002037413540
1207810398
100000865622773
100003061849907
100000184357327
1300491345
556603579
100001108445737
42600449
100003438808345
507230633
1449643316
1805425665
100001241943900
592338436
1513865304
100002244461227
582060989
1546494722
1530828885
100000112015278
724651006
1220312785
1361731486
1120763868
100001011844390
100000058363090
609713349
613833020
719329289
100003087524593
100000672469553
503433566
1580817711
100000417340259
100000222348611
516706183
558077347
100004345393681
100001734003038
598520966
515635015
1615873344
100000263940014
1498927175
1270789304
100000942035169
100000608678406
100000743537297
100000577762486
100000153673224
205209116170517
1406451196
100001465497554
590280010
100004004384683
1218118645
100004232134101
100001435447588
1264761789
1291612739
100001774480270
708855565
526851810
100002528197655
100000645468159
100001528491291
100004628291357
1287975735
1468966140
100001626061565
1281474330
100002707230349
1203735693
1320698049
1533900644
1192492064
1067592600
1667400374
100000778946419
100000325131629
1404070401
100001020346716
1057437202
1272783258
1124302271
100001808536237
1695274594
1763626121
100002547258530
1496482718
1371540702
100002922191713
642468861
583140151
100000423320739
100000491840221
368076353267402
1407484904
1694187612
100000816284577
684485968
100001268394770
1695318314
1153747711
707222412
100004444904234
1302006483
100003494723396
100000847633646
100002483304798
1631970128
100002144612334
100001076003177
100000889526636
100000149800030
1055955030
1019792674
585307657
1304850345
100001386539001
1731919192
1362222012
100000569376980
20001975
1505449916
543144862
1330575603
732480244
1171743941
1378688040
100002927744364
100000474132484
100000970390105
632852629
100000296763177
100000136476252
724354339
644364783
100000027648874
1537394687
1828375836
553999723
100000653018489
1253763436
100001847057205
100000482878461
100000706134620
100000829753115
1240120028
100001261851809
100004286714083
1580756679
100001666611206
1600156922
1482700076
100001714723719
1378868431
100000181345043
100000060745933
1703551063
100004178529298
100001665825749
100002281320163
884880067
1493186461
100002248305809
1693245446
588722595
100002631382225
1686340049
100001778423880
100000494770806
1048498186
655563437
100001145102879
100000365601592
401453464128
100001657292461
100000255615248
25311496
1069280598
100001744484669
1145529857
100000169165098
1475292092
677640912
1103004017
1001228318
100000998052731
1638190652
100000710416230
171501132
100003255514829
1186435028
1748176302
100003776110403
1541552370
1111648176
100000922366327
1675071244
100000920396224
100000136313671
100000272529923
100001267139069
100000663972081
100001192206993
1662236313
1025541049
1346472114
1444080034
1000983078
1346869921
100000251428880
100001050094983
100000122853175
1579374172
1529067426
100000410824317
1177393582
1268280980
100003548624545
42005737
1787148173
749175940
804247727
521461158
100000118521898
206135346176720
1174818260
100002342330297
501167612
100004739917211
100000205767643
1499048086
503522357
512719068
1146859841
1332470975
100001382531097
100000169524346
1368700331
1348432857
100000275366817
1468632809
100001003954222
100000470626870
100004405505053
1758597592
100000139946613
100002515341068
100002503366726
1025354559
823773816
100001568461030
1461301440
100001001027271
100000235871806
1568395359
1622061551
1528023295
1270911086
1624897631
1400088118
536407764
1166554072
100000379251056
744737112
671461312880998
100000909856412
100000584488442
100000503187401
100000267454316
100002250186974
1065762009
100000179494196
100000020410232
1334843933
1639848063
100001314895532
1385839224
1211128273
100002462591511
100001649572843
552548704
1342580920
1334704821
100002245136745
672740423
715519879
100001930436931
100000256196825
727871831
1673083846
860370452
1374786133
100002531517746
1421892306
1061112372
505587433
705825493
100001002644505
705768731
100004100692782
100002288732564
1160915366
513694529
100000240187503
1544965097
1518374996
100000198583974
742356319
100000583087935
100000065716866
1383229834
1441668566
1056459952
716954231
100000396082058
1606725072
569053904
100002879144687
1210626018
100002139762469
1575255489
100003660973540
100000397797713
624299150
1416421829
1134331644
100000032749226
100001669516121
100003133142542
517510286
1094744936
1557992899
1303236762
1335417458
100001037468540
1375368753
100000379744427
1816129517
100000086873259
1068532734
100000973147186
1454416307
1232600786
644900235
100000166565881
1036837948
100002152236989
100000147370796
100002195968139
1292581047
1034952223
1332810271
100002007691066
100001497068381
100002088107331
1825866464
1211308432
100001052371884
1492560085
530601704
100003581121100
1573114583
100001752009278
631499557
1519590305
100001381805116
100001006194382
1066837739
1394198514
778189270
100000038553230
100004626041040
100000182253777
1619981014
100000957525870
1482559120
100001564180871
657936006
100004712015842
562620233
731194491
100001027885231
100000184366344
1182112472
100000077201091
1440360639
1225966021
100001203411001
1463988324
1220577107
792388331
1668346944
794590276
100002573295131
100000604632228
100002040126234
100002351588898
100000971780256
100000595113686
683475015
1230372000
100000184045612
1026622807
1519933969
620709756
631368567
1362362352
100000834691182
1750257481
100001250798479
1840244886
100003018774992
100000156984981
100000803510827
1592062048
100000743777400
100003943990611
55800592
1433986372
534868086
729714413
1113138933
310160
1712839965
1522661267
1258710511
100000871940900
100001244534499
1371751087
100001944401015
524914324
751476759
100000977065738
100000713278106
1170283240
100000032630141
100000976526678
1685043158
100000395113137
549337749
528104220
100001954915538
100002623117492
1320589095
100002937143097
591603655
1753399043
100001337232417
100000984821612
1464671514
502082343
507702751
1052063461
100004867304466
640421469
100001712092876
100001109172206
100004892324147
100001448526370
100002546996323
100000456411844
604461912
1400169348
1204260929
100000862372350
1553257270
1056290292
1475832004
1567809164
1329278038
1125104369
100001221210425
1619244790
1690388439
100000377665295
100001547927103
100000354606609
100001656130820
100000696047988
604243142
1384267894
100000508784212
100000747303594
100001102908829
1346904766
210607492
1385974474
1671466162
100000561374963
1340613817
1064014406
1768260455
100000035161636
608116945899976
1542192679
706395650
709147334
1640800779
666248705
100000390867759
100002673400737
602463251
1703242590
770780393
100000451362404
100002396029256
432532400116251
100002113714966
100001163880595
100001443986487
100001020896950
100000701010587
1383431742
1602095145
100000505956032
100002347413625
1538472212
1164767606
1175006592
