1246149830
100005627885345
100000215508534
100006517501766
100002664186757
100000211147211
100000515152894
1381518198
1421020035
100000632102108
100001225677090
789109551
597563603
100001350713891
100005748163670
100000386547981
100000212565711
100003481228676
100000992779496
100000392317594
100000167912679
100005712129308
100000909451340
1547952802
1794499934
100001781367725
1332888150
645881399
508868379
1624560626
100000058066733
100005549044968
100002704722943
100001330615672
1194459754
1809888053
1596993327
100000638307569
100004432865574
100002106281010
646933015
100000160089094
100000644124759
100000602311655
100006326529003
100002044026967
819624147
100002486532047
100001019539125
100006682144050
100000843533006
100001340045457
100001972074235
100000997731250
100001597741933
100005279501659
100006485601462
604915907
1283801538
100000559146946
100007182212562
1475404206
100000647596893
100003848991994
1060148953
100001247935306
728191325
100000559176921
604053257
1626423082
1445102255
779671239
1405345960
100002762225891
1191694972
100002619083072
1032837670
1569960680
781381336
1589059162
1604410610
100000047867653
100000182491637
71905640
1051787838
511912208
100003874479374
100001567563289
1332712140
1643015793
100000557854130
100000842782481
1588751664
100004546602048
1576282028
1810908772
869355353
100006396544297
1322024237
1430723725
100003534604371
729921613
100000518182304
1608044695
1078287120
100005131244476
1595481234
100003337555246
1750165796
1417248084
827357935
100004071234636
785589767
1644152320
100000520531278
726260217
100003684480546
729753162
611312821
1284110845
100005887479536
100000683970467
1327399257
100002988281284
100000868346325
100000425060652
1615434940
100000477858367
868175219
1633868382
1097361257
1397831543
100006188587244
1323211231
100003225349082
100000258092061
100001265111127
100000450168164
1086979839
100000495984353
100006883174629
100004231926985
217671151752334
1585682802
562115031
552345562
100003925134178
1119811792
100002353005925
100000289777253
17812204
765290407
100002467366371
100000988982526
100000874117312
1054351545
1506429266
100000127627920
1809101947
100002027128460
1673413031
100004265380279
100002217530861
1422587320
710841108
1808470154
753482478
100000874771277
1816978191
100007585592296
1241024330
1126895984
100005125273419
100006089613306
100003877783891
100002328113956
100002090453886
100001148195774
1460767128
100002337703038
100000268545399
100001523570470
1618815857
501342704
1505805425
657604872
100005142944424
513173287
1192452163
100007555500057
508524435
100002009285921
1296758889
100000064433678
522204890
100000299569417
1385681894
1323722012
100006163001570
100002194365873
1577574951
100001567994697
1374504616
100007025884971
100000408730316
100000488941971
595222988
100001033216427
1415191622
100000665431206
100007339624332
100001577892507
1341274773
100000520611632
1683037836
100002291778220
100000611672846
1058773549
100007263188008
100003945920146
100000060263818
828035101
100000837348737
1424343760
100006436739119
1573327060
100002341372577
716285375
1417724150
100000084703337
1397784708
100004151016605
100006696722590
100001479173841
1531543677
1274244823
100000756540870
100005164867373
100001269495112
1492136829
100001002835718
100000319907184
684046775
1294075058
100006716351923
1314856770
592915117
100003327493216
100000842282472
100000271351838
572215476
100000120238251
100000572926769
100005802965579
100000329811307
654732837
100000079748434
100000185731293
100000224804026
1354939801
100002220808258
100002136601943
562808603
100006504155814
100001052244727
100004964403661
100007298174178
100000303801402
100000398973485
100000610710785
100000484407130
100001400826593
626385499
1428189278
100004518156690
1214243434
100001288403601
100001790782749
1174620501
1333691758
100001695220293
1244847914
100004785037629
100004257010150
100000995935094
1061345662
882875506
100007286644731
1423480681
1127410080
29600589
100001225548358
100003058899009
792220908
540530583
100000678739116
766147624
100001887926073
592615952
100007084567003
100002637328334
100002416903786
1073426923
1815391660
100000307845605
1399502934
100006580059951
585806863
100003848238360
100000476345454
100000145615309
100000103069086
1600579124
100000208744244
1542901288
100006681372400
18724706
100000710073882
727206440
516327240
1094388295
1466577988
100000999515522
507395048
1281477419
723933645
100001775597425
100007155158403
1125584048
100002588334406
100003924461788
100007412917374
100001053062566
100004124077987
100001918647959
697900207
100000252270565
540611890
1140912213
100000752221233
1185938482
538966137
1125468814
1638487879
100004127520230
698910380
1246542434
602148663
100000039497423
1681002215
100000688584368
100000430603182
756554531
100005257724577
100000392857589
1208708209
100002129732068
100000064662149
100001087305596
100000965102578
669577016
1202768566
100001236954738
100001138869639
566665303
100006502024724
593748340
1024969576
100006804724952
100000600056408
100004910160768
1052347518
100003968622577
1578225139
1422273599
1372516450
100005785569799
1383793557
1037492770
643201644
1829859525
34502781
1364597600
1274414782
100001743114965
1435226476
100004255901624
100000463111759
100000904053483
1521264498
100006083191997
1349935242
737306467
743098970
100000328441083
100001423086222
100000850504054
560356119
100005242800518
100001076784979
100001606458941
100000539074572
1311786228
100002406894450
1270084018
579486835
100003583209735
100001334765402
100000011965632
100000164619237
1369999415
100000009289593
1347511812
100002680784780
1791578912
100000114324582
1180642542
100002900018354
100000775286180
1564124598
100002710653606
1267636583
503644405
100000044153479
100000196948177
1805513778
1066904961
100004183600476
655203008
100001298752362
1608699156
599162951
1633556147
100003001722379
100001105640317
100001525154080
100000265395178
642200522
1476372287
100001868465053
100004607111610
1834371807
100006427977871
100004545812944
100005935771340
1514847513
100000085800366
1211091889
100004735632715
100003398925908
1202701757
100003696538266
100005029566633
100005717763774
100005558523466
1266169104
100004874200983
100000676544903
100000533817309
1062694353
1799733285
1439086775
100002148622415
818100256
100001736135381
100000949399989
1009777861
1205270452
829329748
100003392104416
100001609222812
1160548316
100001284984354
636190655
1520618767
1446484756
100003241615132
100000195484077
100003106417444
100000280367977
100001669738826
1118858424
711170455
100002708517395
1122967776
100007217730242
599748993
100000081231269
1068085372
1237344512
665420493
100001027149322
100000265393927
781619691
100000787864005
1497442808
1030929851
100002141273608
1635083255
100007013525334
1611547013
1170287309
100002672996375
100001356384815
1277435000
554993778
100003141793856
519297565
38104513
100000810644183
1592389170
1646049374
1300461145
1694248820
668592376
100001407347404
100002964633118
1120882116
627518074
100000078606352
1758328092
100003653384769
100003392202119
682003312
100001977476141
533823153
727335358
1172890048
100006744543358
100000855290944
1183549824
100002462327600
100003668645714
100004336350795
100003496373567
1549901137
1414183082
1686480322
100007177422191
100003202211119
100002329453890
1165732546
100000499525322
100006453155380
1333299115
100004782155272
1788241812
1587437902
100004694702325
1651027138
100002479533579
707556156
1031437813
651077703
100004399719737
1040153521
1422665953
1373496564
100000893762958
100001727446638
100007176550967
1551957636
1733988435
1426627404
1543912961
1325580176
100002815108362
1436376823
1469654182
1100409187
1166127564
100001287874126
500635622
100003294245684
704579807
1566441541
100002431725163
1076178832
100001206967278
100006307744521
638163746
100000480144480
100000378347615
554953354
1162646992
1295712513
100002050906048
1195599839
100001629633750
100006366700420
100002815226015
100005380633812
100006115771774
100004122180813
100000761974138
1457883606
576667822
100000862945108
100001814589853
100001521307466
100000692975928
100000282780683
500849975
100001820873842
1435501603
1457392197
693113376
100005025782055
100005242413274
857255471
179700475
100001689314820
100003884667270
1548843598
100000155346006
548161200
1301804158
100000720215130
617597515
537064139
692866923
1368563766
100002059760786
523002068
1283048356
1405809976
100001000729534
1236622540
1501640083
100004166022629
1197514990
100001659970769
100007185248959
100001342165676
1649993812
1825275060
100003267808157
624520200
647730751
100000681554027
100004643882999
1042101843
100004097509717
723822732
100000074171492
100000705021708
1124703364
585310122
696317896
1447980177
100005547155624
100005253151618
519379021
100000098745843
1322767020
100003181805271
1544960432
100004521632905
1075331676
1136621964
1613913624
100006523300465
100001809387780
100006646328424
1443639318
100003888920480
100001131339187
537671163
100002527272025
100002374556274
100000559503636
837184909
100000115327348
100003345054664
1216945883
1650306664
1126753578
517254052
100005666943602
100002960932210
1368043318
1401803748
686025927
1168635922
392223470921096
1384801162
100004053762458
503870548
1725117862
1705223546
1256601445
100006482050910
1337818884
1705549959
820559653
703666237
1512983527
100000179475612
1623167450
1513533544
100005719390862
558819677
100000779448741
506874138
16827547
100004009407985
100000285792480
516586413
1415539405
1211498820
100002737366696
100005120163227
100004828475547
100000031515663
100002758464082
1179920485
1498983764
100007092851222
1102800241
1037465905
100000284658960
1412305750
100000401841725
1683494732
100002340575083
1351614087
1146072839
100001593227343
1351477337
560707793
100000018792948
1316524474
1391966809
582727808
100002657423602
100004421471396
1010187385
692650013
100000138654356
1224251996
100007488661643
1338340782
100000634067693
1140113763
100000247453791
1031176798
1518066371
100006118002544
1727910153
100000211982447
519282456
100000459387284
518059294
100004734758760
100003918430822
100004149185965
1295111644
546521730
1790527482
1012963633
100001524777437
100000485697485
1434747271
100001444754981
1511542289
659734688
100001317813212
1816827443
1673537066
1639822372
760469632
100000760187053
560705792
100000076306416
100000877668181
100004423562162
100006933427866
696901180
677929310
1827969775
1147005662
100000218507633
100000103067627
1592372772
100003534642480
1535927720
100000587559959
1128055775
100001783940142
1619482191
100003151252674
100000026057941
100000264580175
744423507
100000052347832
666217268
1398002151
1478034187
1164230423
556950646
642118405
100002632078184
1711336606
100004875668149
100001360284834
1843215843
677174368
502738778
1635660458
1214597711
100006657724752
100001051535127
100000114992476
669384614
100001212069797
833300095
1024380564
502291030
1004526361
100003686410140
100000341407560
100002243274688
1417403916
518703332
100000485258075
1605772824
100000385631635
100001015347453
100000157483925
100001529972098
100000844416392
100002349722381
1144287302
100003889533084
656749233
1382378304
100003770288012
100002768715235
100000377081661
100001021657473
100007431612883
1221474156
100003320057554
1078964276
1094411425
100000802078213
100005036973391
710848724
100003110771637
1820848413
100000921698609
100000684255876
100002012873626
100006844117882
100001723008710
100000750801567
100002156506157
100000464526353
100000501932456
508601027
100002136667495
100001162839393
100007182010185
100001455489790
1459600852
100003015438122
100000971573673
613654540
100000192158326
1351853296
575366025
1426178803
100003736707891
100000892129030
100003750660752
1653863992
100001827143406
1335031461
100005414346952
1552933873
100005486343167
100002731300456
1390274733
100000126750331
1351982193
100001312955504
1295332999
100000825634819
875860156
563049212
553615015
1506643746
667302985
1318477336
100002514844190
100001620758780
796905897
1144522689
100000202466258
1141645434
1093326598
100000500350040
100006554346283
686593568
544130709
12130639
697175505
1540524205
848554340
100000874921884
1321941227
1631012817
1745552230
100000059736038
100005119300057
1834832439
100002622934258
100007060303480
810384011
100001574117385
100005609492934
1367946127
1118594363
100002420434242
100007435805136
551353930
548063973
1024295647
1645960022
1713481435
100003637626248
1646223909
100003744300377
100001102296885
795488885
1431051164
609718201
100002882397589
1559207066
100001296686580
771435312
100007257271518
100007450026652
826538566
1837436613
100006595781519
100006596621343
1586883644
1328107402
100004472409363
100007099890618
1681719228
100004931881839
100000987064422
1275104829
100002871475178
1228876598
100000627732854
812389357
100000797131626
100000213347791
100002484744562
100002390507832
100001073139446
1782861954
1835108102
1152826583
1226078682
100002193701998
100005498106935
1258308648
100007437931097
100002212626391
1155575554
630149592
1428339104
1108597374
100001653683190
580061693
100004885832174
100005175366265
100004322976314
100006837395630
1518550770
100005271279750
1263962717
100000339952672
100005329538329
100000695542510
100002759205193
519339193
679402946
1490522472
591158364
514685978
100000187720230
1146224700
100005372110026
1265623922
1414233545
1221922149
680479264
100006691441869
100000771121203
1164712809
1209893569
763649273
100001268713045
1443788374
1608993368
1184418192
810760479
100000954575753
1334525113
1580362125
597904172
1011226560
100000044539190
100002882688578
100000003304827
1256360888
100007285383827
100000084101735
830180044
573662970
1632993980
100001905900517
1305910380
1527255308
1848908081
100001465062113
1312408005
1249587875
1161945499
100006188107291
100000772402643
1820871770
100000438489535
1534450296
100006090068757
100000227904225
100004056370662
836954059
100000220328243
1514212842
100005780052169
1324764125
100001840962538
100000419496189
1134890622
1307952932
654186445
100002969416815
100000035758688
32309263
528027756
1477621251
100001589360189
507837820
100000578479524
100005555041192
100000805392847
100001918215391
100002351736758
100001485473526
1657962693
100000511816683
510586531
100002601118562
1493952757
100000273003029
1047766824
100000068520609
100001372138746
100003924603604
1115431887
1480119278
100001829938913
100000813778515
100001062907883
589976420
1803249438
100003543970868
663841544
100001278728776
100000936378056
1015363385
100000612273714
100001505329641
1058979492
1619808912
144701044
1202179973
1107044338
100007134451623
100000321661675
1672845559
100000351873293
100003359223417
100000182476493
100001318686422
592121283
100005396855903
100005037361774
1267086753
1661692364
100001988573703
1051503388
1487837488
100002624147434
100005957949134
1182036448
663340100
622222859
1346407667
1086981424
1224930091
100000983014180
1341790484
1715791809
100003561631584
1162553565
1616851832
100005915741776
100000499441345
781324318
100000089493035
501930957
100000484848228
1560169911
1633407782
100001604461857
100005230714812
527855485
100003999837282
100002737328917
100000584486430
100003084914794
100000901782888
519908426
100000804552526
1414992588
100000906289616
1240686728
1721835372
100000867168479
100000174967037
100002368447670
1450645135
1152928407
100004002570527
100000397701382
1067702612
100001397174974
100004754143681
1833903716
666853263
1440291414
668755131
100007443817578
1192447222
510866118
1281570641
506078499
100004044821181
100002931876730
1719036674
100007187916606
100001461987619
809635246
1447778423
100003101485841
502901545
100000546008272
100001238468368
100001247589691
100000198747407
100000890223975
744447405
600981515
100000211075970
100000211442913
1448072300
100002848582917
803825437
1500015798
100000722033341
1605514989
1305219161
100000666361339
679485480
100002184819395
1482987209
100004498991145
1208240035
1324795438
100007429712469
100000531420104
649187999
100005637603724
1628250864
100003014839415
100000622247016
100003278046099
100002664788544
501097963
1462399203
1362519965
100004187612487
100003548067886
1118408278
100000799242270
100000448562491
513857534
100000221533267
100001222620816
1069146732
100006775270201
100007268530451
100006268440262
1233934661
1548530683
100003727922148
100002088715370
100000387636415
100003503642304
100006452197147
100005294944328
100001067076873
830519286
531540465
100000694711944
100001835753252
602892473
1665397698
1827379998
100007060620334
1824397050
1325748587
1658623248
100007274379276
100006197474538
100000383589016
100001705232277
100004414236754
775185369
1328927898
100002648906632
100003284710648
1717703855
100004981812189
100000989435813
565702300
100000552965390
100001162134786
100004630183112
1028456958
1715431712
100005255262908
1739186466
506053053
100000793246239
1831986556
100001033651698
100004564422537
100002583469114
100006250149647
100001557704563
100000161983531
663094285
723012378
699380726
34316846
1044454879
100002153545043
100004332224207
1115364245
1557978936
100006247781952
100001140815157
100000066431433
100001947651518
100000586604340
100001861530453
1455527167
100000347674519
1633606408
675910396
1465534091
100000012980077
100001346125442
100000024040359
100006915574474
100005187786552
100000106582334
100004159809663
1033772444
100007494909596
100000893957361
1199433841
100001624092342
1288166759
1714048400
100000685133904
1822687416
1409089843
100002888442255
506456815
100000036319370
1079109275
100000554715139
595176731
1202174377
1340881270
100001614941670
100000587572344
100004256314403
100003620190346
1419080287
833070340
1106202300
100001026739015
100003233722262
100007401480239
629150861
1127215401
100001479327327
100006795001311
786619054
100007058438149
1271224454
100000718192642
1247122101
100002400317776
100003547308606
100000358733439
100000006310614
100005992841211
1371157405
100000394093682
709300012
100000420570922
1241497527
100000546170808
588127369
100006497944989
100001240854014
1075216622
1773563030
100002020794688
100003530401042
100002476432030
563121516
604265719
513399439
100003812725479
1022702412
552653281
100005212363360
1625885135
1312442461
508737788
600553503
100000863163913
1438269007
1347567196
100005991095914
100001566485624
1674349879
100000126632607
1000054572
1166638304
100003787273538
548637736
1643462303
1850224316
100000015481258
701035156
1821874113
100003748528883
1403208348
1200485360
100000862382469
1732541908
100003274919198
738500596
100004022218139
100003749479476
540905054
1419669561
100007140756612
100001510885886
1260966599
1715244843
100000700541920
100007472050583
1454010793
1048296592
100000675174148
100001129927508
100002029489260
100003189453303
100004013626350
1837812579
645416235
1841566010
100006458971183
100000358191042
100002456996975
100004950811362
100001612071617
545711581
100006959974548
89601599
680656172
100003047202496
100003310647835
100000199100278
100001761607527
100002282475784
1238260127
100001041254382
638997589
826627869
100000626448203
1310383608
100004061094393
633969076
626020570
1479696266
738862208
1389278695
100001487294518
1845183270
705991301
100000160581474
1135813567
100001116342036
100001610275485
1537794765
100002920012853
100000292576407
100000304479602
25507109
608706281
1522536277
768658837
100000138325647
1219354761
100002502484113
100007652040788
100000251835437
100007137933103
100003546331890
100000941200990
100000322269725
100007074667252
100004266794188
1375115355
1412351893
100001975637300
100003344691272
100001682690801
100001670037813
100006384810649
1783099089
100000606635781
100002223138897
100001070036403
100003255914036
100000403278763
1566536417
100003977568279
100004133346283
100004909932570
604894112
682445867
1640530107
100000172334406
1611384472
1512490069
36616429
100000916441832
1161939471
1296487444
529344368
100000069771113
1168707952
100000747970588
1640823475
100000727904773
100001500563071
759654359
567483344
1123874005
1476840033
100001027644270
1432586759
1265470262
1131191687
100003224405798
100000130502397
100005639592835
1477342233
100001167330848
1483233564
100001107681700
100002528047181
1182915245
100002492623492
100007449073208
100003985434385
100004569008415
1608581847
647848198
100000496959012
100003594711914
100001304451816
100006430998377
100002445693633
100000203767344
100004100226364
100000649844265
33701264
100002123484590
515177585
1176835999
722844277
100001578370633
100003260937544
1515310613
100005969354305
100007035752372
100001252682639
100004053115629
100000518934334
100003318895498
100002928228776
672761523
581019834
653708412
100006653561941
100007416484584
100001596578913
1598408565
100001034301455
100000148260347
671931358
1505653936
100000108797711
100000804316783
100001408376317
100004658250998
100002659528369
100004091693604
100005216974589
100000922669418
1069432322
100005317143543
100004570266176
1567033231
100003943751938
100006494647825
551105226
139901225
100001306745239
100006684431122
1215249942
100000704586987
1324972228
100000515306635
100000591523870
100000272841046
100002195434934
1476765818
512885179
100002132918166
100006430220514
100000371046449
615785879
1177488363
100007175610464
100006136570614
100001220681132
100002061565154
100000968192736
100002265394721
1292443532
100006380649369
100000656954156
100003591133264
556849605
551655191
100000428556516
100001064522275
100007388861348
100000460376169
1228087142
100006686227149
544870220
100004566033683
1565919736
1081447972
625511706
1486761351
675960200
1458890804
555625731
1403970063
100000873207270
733701332
100002577194896
1264993549
1389282964
100000280417394
1262899800
1701459803
100003489032182
795544193
675129095
100003625773051
100001514145906
100002401270552
770741616
1068511499
100000790059174
100004664227989
100006413255606
100000556531443
639187866
621128509
1078317058
100000726891761
1843242778
100000932490335
100000737286108
608727189
100001284586291
100000471244346
1536455215
100000071059263
100000406950952
1334836874
100002557677515
100005053530577
524370304
100000027831727
1815558253
1087879341
100000564300922
1619764586
613813502
588641695
100000180286535
100003307946632
1613135248
100002631969094
1591508478
100003279677406
100005055783311
1249435886
531201891
609035888
1034750841
100000059173877
100003933876152
637445074
100000606618417
100000613040942
100000066447429
100007345831567
100000423752187
100004167937366
100002162730946
100001314194963
100002747371222
100003185896081
730615030
100001006671073
786657648
621160386
505730620
1223183736
100001519800168
100000015518071
1284005735
100004325290328
100000479306887
742013387
100001257111651
626601189
1229634961
1530050295
100002322375460
507815780
1571427897
1267604747
100003345152516
100003205213695
697292677
100001657704705
1584584742
1300031637
1841914718
1349311476
100003396604995
100003895570322
1524761779
1046186460
100000679971822
100002997468983
100007510020568
100000497059777
100002207079227
1376814517
1115281196
100000317703184
100000345963178
530203494
643818317
1496555569
1501040259
1333680942
1444425315
100000726660759
100007430833117
1427250117
1530756510
100004970858369
1154989810
100000399436743
1547329659
100001003191839
1040349300
829120187
100004144812888
100000649803402
100006580142684
100000118303831
100002429132031
100006439359974
813569543
100002870872114
1753219932
100000315304369
1189107230
584810389
1400595116
1343962546
1347948615
1039222209
1644590952
100001399898400
100002026892897
696503037
100007205291175
100002979587447
1279193092
1022332513
1205937783
100002456450163
100000096355254
1201746302
1239970415
1028626843
100000473331936
1247626914
693967973
100000579206320
100000189762448
100000367704203
1473793999
640576869
100000377740981
100000046933948
100004782426275
100000735361501
1071738856
1257341888
610614553
1831040709
1799602732
707180205
100002129025188
1386956368
100000899534062
507998116
1428064331
100007306724287
1380161972
1567213800
100004480989757
1787548598
1665432836
100006475074189
100000620955098
100000311698788
1818988168
508404523
100000379494751
100000854554245
100001179774914
1817422234
100005062420457
1639337530
1402802706
100004695606350
100001147634084
100000703936503
1645504587
1603902556
100006045431873
100000574776969
622585294
100006528785208
100007334713112
100000959137378
392527964161920
100000515483568
1586280144
100002319826825
100006933733006
100002245209091
100000306043450
100000043392108
100000429715657
1636100235
100000617613509
100005129706010
100000914824010
100006672070963
1665369527
630165375
502047915
1236249071
679487948
100000125486357
515398650
100000671071668
100000552468452
100000621961460
1572723157
100001311285876
1591733288
100005109934305
100001273101078
100003363964383
1274163777
1086492732
1557387408
1556618589
1283148219
100000248733199
100007182245211
100004189898786
1014708448
1776150089
1000541337
100005526303491
100000222331575
607854350
727837192
1756848010
100003225374428
565915614
100001177913233
581221924
100000803301633
100005451761395
100001906060721
100004424700608
1837642711
100000597656698
100000823890059
100000101990077
723450331
1428034303
1126763461
1493717305
1229074205
1647937732
100002589643904
100001464207159
1197177578
562094551
1095171677
1344035655
653637960
100003468300370
1466395579
100007280436985
1230822195
1608620577
699188637
100000043808895
100000981722218
100003056716813
1175922150
100002318685775
100004331979627
1660003072
100000787426961
100006126306118
724816329
100004035923055
100000698205498
1026059299
1329544039
1724002762
41105426
1288189074
100006703724145
100000188101340
100004559953597
100001868493463
100004950482036
100000755957009
1611327066
100006490171609
100006275438874
100000100923692
1447640286
1367278285
100001148036123
100006723850896
100000287509919
100005080026988
100003461755617
100000532433844
100000167970443
100001693241551
100005793272763
100000035188154
1002997904
100000557526988
100006981546149
1339814209
100002578467781
1072385501
100004014842892
100007128933289
100001839485983
100001665193389
1107578838
100001510557911
100000474758232
100002152040119
1404260632
1841251750
100000243897948
100007361833778
100002375086247
1841717381
100007386517149
577607397
1157435542
100000677167420
100003000712431
100001014193264
100003056486004
100000224717684
1208014333
100000404031026
1765962037
100001239862772
100000816908011
845002280
1396006469
100000162115276
100002971451497
840230244
1548400924
100000176537831
685817342
1247840488
1840733240
1564742604
100005790781827
1810297885
100003239064573
1591248103
100000122194024
100006967543082
1048835764
100003240267862
100004670982066
1626774129
100000441272390
100000635230295
100004692183547
1416784299
100005854982974
1285688525
1815469911
1311861250
100001150153092
607983096
100003657742616
508607078
1730979415
100002465842277
100007501810634
100007457922378
1350696318
1407954795
100002900920212
1250770154
1308808116
100000777018693
1423441216
1213242008
588095275
1563845656
1728666987
1491514425
1457724724
1462873407
100001157627705
1132794429
100002786332084
506076702
1471590744
25709128
100007102444705
1598060792
1800044739
100003997164004
1407520205
100000037815217
1441147172
100000562999651
100000999309431
100000890126020
1621995256
877815503
1594557716
100001695184968
1348844756
100003889687853
100002315416768
100001207563791
100001541736461
1341085700
100007331798198
700284518
100000667313079
1074400705
100000890110377
100001611346483
1797313490
692447742
100006437845612
100000609602207
1424235908
1024622578
544885183
850055006
100002542470898
100000615211371
100004496465895
1218390867
100004523071093
100006058628996
100003541487503
100004080698226
520587081
100002378178463
750411867
100000103420841
652516570
1442043052
100000887168112
100000639194857
100001309114162
100003570661980
552735831
1311484069
100006818885144
100000435588903
100002427109698
1584517168
100002667252669
100000001450279
1355125447
1661775920
100000104917022
100001934961854
100000241246472
100000288987598
1700002399
100007302249197
100000566351212
100001788722076
100000373771005
100000208384758
100002105671354
1179715237
1312782248
1497861384
1443980607
100002868095948
100004671817858
100001078425596
1173916059
100006866534511
100000351622148
100002680821136
100004111170271
100003385512391
1410904898
1640075731
623023408
1391393998
100007305489428
1045566424
1009524926
100000465961697
100002571965497
100006581140530
100003366768510
100001222048475
1053815436
1251874830
686646931
100002944342977
100001145786303
1821871144
100003501460664
1008298180
1282792106
100005490518363
556219811
1699314383
100000121748627
1495964702
1071240133
100002566396468
100002174125213
1316913777
1479355628
515968196
100001072653353
1071212614
500269935
100000775054420
100006598567213
100000682730481
1828587369
1312067775
100001282675309
1084358023
100005436125738
100001748688360
1288184218
100000554275376
100001786067650
1769568544
100005659680293
100000681312144
100003202188388
680185663
100003498077779
100002059891571
649743796
1391420489
1497680639
100000663135970
1476728975
100006426192839
100002064012648
773734266
100002015740790
1059821683
587783083
100003295510497
100006341164049
100006746916680
1161197952
100000798761308
100000099258350
630714480
1377284799
100000402328777
1443032499
100004275811364
100000790363691
100007541164543
100000498630852
100000831955323
1192920062
513046756
100000436887393
100005509712597
1600656964
1732080211
100001874658834
1491918433
100003728921989
100000169292765
100002164952198
706579225
689253968
1091015448
1675058651
100000605722694
100000427901570
100001831586545
100002105972638
1495857190
1410046047
661535784
1370316813
1036448198
1567636820
1121664125
515029406
100007464191674
1246291489
1115414089
1584261096
100000400547556
1101804640
1373739943
1068162262
1338456223
100007232410919
1043439700
100001125278255
1615300532
100006503046980
100000471470763
100003342249296
100000143507478
100000210812968
100006501694769
1392307183
100000900736738
1322310246
100002891629770
100002936359310
1343651241
100001229055306
510280045
100002146866905
100000174791703
100002162936152
1086402667
100000826389014
100002432464643
100000751055941
100007156690285
1527070037
560260018
1226632060
100000648687952
1670545419
1213750671
618278403
100000734222470
100001055306004
100001565757043
1052095651
1443764236
100000709931918
1448504074
100003211429231
100002723704495
100000438678202
1026132609
100002325851483
704436102
746195732
100002785030396
100001439979363
1460627658
1664244614
1678970629
560089151
1144047987
1431941751
1369422044
100003015291689
100003766327319
1250887116
100000155703059
100001031526380
14203860
670142475
100001729386323
100006477332788
100005890447893
100003514770719
100004041613851
1610295299
100000522477552
1661449650
720205837
1492470681
1642989901
100000212919858
100000767021612
100000495274071
100004098553849
100002547833478
1283168876
100006972968094
1090114352
1014696758
1411962575
100002647482001
568691287
100003930990188
1379139241
584729363
100000924765239
100000210664591
100000501605934
100000665263800
1357508310
550150274
100005862071449
1764994450
100000477739993
100006399485048
662546612
100001063087775
100000483139517
100002304401500
1150706731
100001053460086
501651275
100000222523614
100002010328512
729290005
100001192119117
1528231028
1573711394
1094035421
100002235561861
1325532306
781820503
1538225593
1755866329
100000490170544
100007018416762
100004056374093
100006270249278
1510562006
750520300
100003576244455
29700428
1025619370
100001134124446
796052207
100000093011404
68121477
100000729128304
100006811330814
134673523229552
1678686270
100005586307099
100005831892915
1552917647
1648568222
100004572156867
861030407
524375115
100000166119655
100006796692356
100007141712113
100000252143594
1134159529
100000056701518
100006546616335
100000169479132
100002083082455
100002219724705
100000618143773
100004153237514
1311466991
100001199220776
587249926
514100355
100000540664930
100000570745247
1618994027
556322259
430673953662282
1339977064
100005232516777
100005942891451
100000551526023
1566342618
1439672530
100001347762322
1350044382
1327164753
100000921238394
100005320622756
100000725087734
100001649938979
1247760757
51900308
100002057426931
1390764768
1400217681
1594527269
100002067025278
1443213902
1798856532
1432156901
100005828741023
100000743240029
100002632245978
824563138
100000649087635
612930774
100001850717174
769780202
100001246680882
100000668090545
100001945040881
1386772491
1232222195
1003951662
100000000524440
1439828352
1587855199
822993679
571871097
100003474813944
100006704292301
1414748978
100002427191691
100000343700828
1822981103
1435637587
100003099195635
1352891914
100000195668869
100000321663524
1680464671
100002534450236
1504565081
193305240
100002120882897
100007151254297
100000435399672
707720385
1031775159
1657227933
100003383031391
1029547878
1302344940
1698113598
100001737911054
1588320971
100000854963391
100001009406535
1549557573
100006739592856
1576162211
100006427369774
100005145425723
100003644026097
1244364991
100000179477677
1199137677
100003548519123
100006807762959
100000450941171
565439742
525007166
100004226071764
505634158
100003498627107
1535587637
100001025965047
1618098368
1292986865
100002188301426
100000545411398
100007443571715
1466850055
100002217598540
590277593
1295391713
1379915449
1365909038
100000743008942
1732790424
516163041
100001404762737
100002127280968
1431060019
640838324
1494830908
100003125374951
100001033910945
100001246773786
100000510834482
100000564284519
100006467459117
100000210792339
100000485400472
731363161
1479168624
100001233954246
1311986878
100006746111872
100006135759086
100005485508653
100000044207771
100004270620402
100000346266656
100000680606207
1416998751
100004696921213
1538443820
100000423518064
100001439906805
100000179305072
100003685565332
100000191303862
1431709374
100000688918067
100003058622828
1395468327
100005142462000
506474499
100001352940411
100003322059395
1586986186
1252213983
1353502440
100001353533181
1560799218
100000113955318
802570156
100000157992758
1368559910
502579467
1764053774
100000427054174
100007531321041
1717588620
715066503
100002207807182
1460385277
1661586354
100000121802378
1296068043
1222682663
100003805569474
100002735770999
1183732615
100002142648355
1265156499
1303961079
1006199190
100001054354664
100000316015157
100006931331178
725585733
100001574337695
100002458291205
100007323193181
100000982912226
100006817562613
519289092
100000333094604
100003075032102
100006486073529
532670328
721784093
100001601850100
1352364447
1092372055
671442682
100006651546631
100000961095761
100000479520361
605045524
1435014161
1259893383
1252650225
641275761
100000275236794
100005235343195
1411098731
100002994177442
100000482775702
100000933008066
100001768220591
100005209571878
15715601
100006623620008
568501396
1052360129
100005116652825
1664705208
681809612
100002267251795
1559692089
100001102913852
1354004683
100001995492688
100006564310501
1598016225
100000214951606
100006813341009
524961584
100005092291030
100001096492529
100000570141457
100006802863972
50706301
100000010400395
100002815047927
100001197702844
100001337438701
1383536477
1271799502
1127603502
744236689
100000699030508
100005425389129
100002162588809
1572202142
100004074422887
1570449378
100004957654896
1394531783
100003401922534
100006073771407
100000109624935
692819368
100001434777966
744106006
100001696284312
1821372091
1141655794
100000195357031
536759680
100003110831094
1140886832
100000333826533
100000424394438
100001919131730
100004150153032
1239009885
1117074395
742008243
100000908531055
514920377
508989961
1635011059
1717384238
100000243520986
100002638106488
1226094469
553805944
1172294409
100002222971935
100000749844085
100004030621994
854165064
100000702325642
100000703413129
100002902046748
100000547989924
100000317633074
1678663777
100005173923630
836074451
1613097182
501899966
100002611432275
100000886931861
100000372089061
511567643
100000833206334
100003677478599
1584215974
100001034650657
100000607893910
100003201690938
1427496859
688150426
100001612215680
100002078310817
1849347314
100005394132244
1560726193
1022895215
1275426876
100007306385955
100002075137150
1025914566
1657158100
100003729196704
100006302738743
100000452070184
1499929250
544704804
100001014120896
641438154
617828452
100006997239569
100002452507686
100007309964014
100000110652830
100000523998165
100001412991411
729388185
100003065326379
100001240894470
100003488632239
100006825394148
100000912575279
100000060231647
1825505705
100006836494818
100003214934052
100004351783713
1801780606
100002104969417
1838116369
100006534317161
1484025628
100000119875448
654809163
100001236804328
100001437675065
100003234358238
100001687999193
100004609412668
100000457776240
1271315213
100005820605208
999935640
100000629861414
1107128995
1642736144
1414683541
705425345
100000363656866
849785174
100005093617360
1411022846
1183932206
1437273323
1208756501
100000949027748
729743608
1795175634
100007124108176
100005075593952
1049224364
1185399271
1802847322
100002212524729
619911681
1197943969
1602007715
1249076306
100000226164396
100003308512262
582783732
1247286795
100004264484050
520169623
1535171102
681051503
1673907350
36504123
100006172839425
759907289
1490473382
605260423
635056817
100003535198806
100004090295313
100000558822859
1505267637
100001213003127
1632198867
100002227866888
100001760056319
100000117662760
100000008493720
100004869330454
100000396107923
100003994996290
720633242
100007229291294
1399070672
1163706481
100001848008849
100000424580486
646228066
100006718563131
569536539795196
586350312
1315331714
607283152
1333887603
100002163968797
889355367
1192075387
100003214762871
100000985637353
100000604275644
771843628
100004396023429
100002960122111
100001609449458
1542862602
674237816
100000549396901
100001671023445
751623360
100000124222642
100000807148527
100000800477269
1247584673
100001772331209
1101840943
1194550144
511252932
100004519753238
1185739332
100000138571508
100000668785976
1454042645
1822253748
1253201040
1038157508
100004334948864
531110144
100003841956460
783858760
648575245
100004761156470
100004947090500
100005174972258
717586573
100000742331679
100006759127619
100000473464715
1436972668
549121238
100000029932287
100000933174116
1118111614
1544890609
1164372952
596061089
100000491256425
100001963335804
723469605
100007376561349
100000513712739
1744341822
1611935990
100000409880724
100007040317116
1393224524
100001641922403
1111869682
100005022901840
718466245
1100240658
1822010282
1518707175
100003085275425
100003002364717
100000513872822
812184512
100007523649151
100006292182431
100001433281265
100001113589808
1246965815
741985303
100006548491968
1416144433
100000323047529
100005906701116
1549669853
100001357567162
100000738263917
100000120789231
100007444595503
100004416463507
1314760023
1153419080
1256658257
100005336462176
1088392820
518255263
729017425
100000167247916
1151832023
683225343
100002147955571
100001984163571
100002146162818
2350128
1298942604
100001413510375
843693679
1711171911
100001477432447
100000018597079
519265763
585569937
519271349
520307424
100001920172801
100003682838973
1497934622
100000862143251
1728987663
1832953868
100003398364651
100000013960691
744013135
1360099394
1673520140
501027077
100003476491065
100000571391350
100001322281532
1119053377
100007107575356
100001103539103
100000542835442
1550359240
100006032016450
100002118821126
100000727928788
1699699471
100001170023161
670075263
100000015834014
100003235343241
100001005080072
1464318011
100002100717342
100006602310420
1835247733
1353566588
100004450295103
100003979328564
1631120252
625531108
1649720800
100003479663487
1552370037
100001366995261
100001744185694
1422946624
100007602097204
1740275334
100005486290181
100000592824608
100000296123280
100001029029193
100003488989474
1084636867
1759832145
100000459516099
100000818036857
1434635080
100007400583647
100007230100116
1540471613
1108057280
1726224851
1594310330
1354246649
1154251038
100001479618137
100007086941514
100001548094630
100003113657293
504925560
1591730926
100004725607454
100000745871814
1238812205
100000189805470
100007568913874
100007386309231
100002250750341
100000173940466
1451607772
100006462173050
1744472813
1260176830
1212414681
100000259741082
1390153935
1034182250
100000115339575
100003257574865
656897577
1076617201
100002323140854
702947519
100000678638022
1035780352
100002162773351
100005926296271
100001269708922
1334822681
100000915492199
100006519910769
100001198454439
100000654316200
100001044849890
899070366
100000047336378
1831212523
100007403827355
100007281224452
100001242692983
1802414559
100003528493539
1389593282
100000182087557
1053169796
1085346234
100002659854476
100001223980513
100000220298498
100000644255794
1269035138
1401916877
100000748759075
100000266498819
100000502227884
100003377121230
100004709253510
100006042094954
100000344641781
100000579440365
100000262560351
541297626
100005196163469
635511184
100000266354377
100002290427907
1093593282
100003581593496
100002288192913
100006384673569
1174983290
100001177698529
100002466773020
100002821585841
1467305016
100007475643205
100000089112903
688114249
725795956
1794164585
100000266541987
100003099646697
1580254836
1075057738
1063595793
1580310018
100001695400959
1775031575
672965793
663595067
502892189
100000019864743
100002304263531
100002821673636
1638442629
1368556299
1540774689
1147004060
566663351
100006962970771
100000011750284
808193676
688484407
100007277793184
100007186086293
1450428123
1040905663
100000337755700
100001878242568
1811869376
1279714180
100004996111608
100001980640668
1467205385
1823553983
1274785178
1629887148
653682327
100003834212229
100001908155554
100000926110550
1460532081
100001293295323
1452042505
100006778297956
670905664
19604336
1558821293
702676535
100002257035751
1029563385
1445265571
1389769945
1061581047
100002461926560
100007390114630
100002126608636
100000772262189
100000353111795
100002645407484
100001651031676
100000633792276
100006876572073
1767390030
100000189157406
1799200762
100000197117958
100007452194124
515181473
100005982813634
751616326
1247648180
100003317717994
100002169864804
643247829
12302831
100001621578201
607156820
1427393186
100003170169611
1540140460
100000918891760
100000587660361
100000472451657
1426308872
640277199
100004519476594
100000936053643
1379355063
1222954786
100004548133505
1828095414
100002148725203
100007152973541
523538231
1018114206
1662511330
1263722336
1623043357
1171735660
100006400420095
100000174960284
1435012808
1303527774
100000585669011
1592496187
1203627822
100000731979421
751710178
100001366081952
1288770994
1136846059
1572234011
1442808280
100003598187495
1580517778
100004850503263
100000248618042
1845702887
584269302
1143030956
549541131
100001246025508
100000585968193
100000877441462
1443978487
1178655005
100006281830250
1185237076
100000353181070
100004158488850
100004797275690
1176686563
100000510888923
1581646427
1335395032
100005034133460
1112125098
100000715055967
100002754535276
1401503244
503672265
100000274942519
633906094
100001428609793
670698249
100007167189378
48502143
9415916
509185255
100003778773596
1147485957
1580593355
1648875857
1304830978
100006768311989
69209270
1587174255
100002926546593
1396713669
1606740354
100003457194508
100003119492893
100000168886684
1411051541
621249484
100000239233757
500980010
100006775090515
100000711099344
1088772910
100002988087119
623416344
1460316554
100004857192722
1113350959
1724880735
100001279557270
100001314362059
657829746
1601824404
100003873227396
100003303924221
1200975962
100005395572337
100000691177205
100000042088507
100001316427876
650790107
1745970692
1335259137
692896487
1215382717
1336744091
552521372
100003135033642
1338925317
100003167046977
100001602460862
651566934
1765058252
100000304157279
1324091619
100001853330730
100000386667199
100000116015418
100002808268738
611900439
1423214829
747264343
1111478238
100002631802979
1609134938
100000207190214
1053848325
584704415
1672279073
1516711418
100000989435481
857635306
1631033918
100004141093011
1671799993
100000503642388
866395111
1638440743
1774672268
100002000073638
100004046374844
1518430430
765169908
100005739275263
100002037016890
100000556942448
761555603
100000937932732
1528763457
657531059
592924299
1522389853
100000008245296
1469720556
100000431575421
550472107
100001391167184
1223580399
1401948283
565634337
100005014274566
100002862199312
823454110
1421277933
100001042469221
1102112227
100000196205369
1783056492
100002967826332
642747053
100007743632301
100001816334091
1166282908
100005493222862
100001860177244
100000331345220
100003943801991
100000850661992
1532865677
762318153
100006437357762
100006710231205
100000246213054
100002946531905
1097168529
100000103367603
100005272295096
1446671249
100006419160817
505701468
1394200216
100000092111098
1492373713
100007587514686
100000105345222
1477041421
100003556362291
1507253961
100000754662743
100000008325119
100000430172461
1491787914
100002477072911
1248104743
627661271
100002266024590
891010017
1674645946
524120919
100001389338304
758290386
100002339150489
100000799509625
100003714128569
660812942
100001629872859
100007465179861
100000845450222
760519675
100003026471775
1282495161
100001449071942
100003772892002
1708978318
100007061077566
100001988693515
100001112081743
100000454251574
100001401622649
775402047
100001412664460
100000128172469
1353463576
100002657223519
100007242120850
100007266342434
626274425
708425737
100003145626547
100007567837430
1231657362
100003955080734
100003998755751
100000169265560
1796619679
100002128819275
1386993767
1360691064
847414790
100000672991033
100006980315876
1733935026
543036290
100001800977351
100005428453706
100001874435500
100000072570311
1279530020
100002694369715
1079295984
100007440421023
100002276636887
100000727852737
100001710263391
100002142972760
100005474949867
100003739929482
100001474873456
100005857004117
1009770155
100004056737043
594747035
100001713862193
100006230648619
1073983168
100006251264422
657523024
1132393512
100001743404006
100000051765740
100003065737036
1516291524
100000960705570
100004913348847
100005003772642
100001204046055
100000552504736
1276518362
100000624251219
1203172319
100003075818043
679343980
100002909621737
203878353113137
100005676643001
100000714434906
100000209925996
100000211133054
100006452313415
100001069263673
100001292970007
100002171876565
1459832889
100001269471439
568543728
100001794032730
100000540726960
100004485641509
1712235402
519471003
100004348384472
100001832754445
100001249758127
100000602271605
1233464027
1770825960
100000915986147
1424685189
1035827674
1570245346
626260372
100000932985026
547184540
100003688509946
100002467117169
100003266800376
1371188347
100006870423656
100000409107477
1396588455
100002965948549
1037266099
100001322417052
100001398930547
1341254757
100000306211016
100007045864398
1470401587
1399787565
100001623743214
100003824175891
716173392
100001086041658
100001394186600
100000186062729
100005747438611
1586892338
100000639953697
563244108
1627584347
100000413882228
100000552046163
100000514147453
100002365975606
100002238340506
100000018791269
100000022113919
100001910262432
100000970513939
100003251978298
1659788566
100006399159958
100003023165945
1535130099
100000590295723
100001415710977
100000588026882
100000135331491
100007357663404
1615591380
1479638025
1292426366
1295681129
1098756542
100001888410382
1462631751
100000740400549
100000629826158
1627790314
100000514157196
100000258180798
100000966130517
100003978618043
100001039193424
512481695
1537062956
100002105359285
614774387
609495023
100004467913585
100000756943177
571282380
100006643569538
100005220817501
100000423624100
100000952758182
1037417085
100002169249790
100002622006916
100004139712249
100002368124009
100001481516156
100000144977807
1182941516
1265715541
100006358476016
1207202785
100000406024562
739063082
100000689901061
1517700646
100000441816594
100006962860941
100000593839657
100000849934806
1169311440
1190686339
560844487
1662341999
100000378558903
100001243382406
1089071676
634466489
100005491113354
1506351285
100001624661402
100000090049893
1624403277
100004318811480
100000364240148
100002694582253
1528257328
100003565462627
1416784077
100003650226283
100001835637494
1048498186
100004999772108
1353343974
1549520029
1137502302
100007393931134
693767401
100007230543201
100000240942421
100003900813176
1073886239
100001295240663
100005268783769
100000847168077
1430753763
100000373727293
627196850
100005074860831
100000053839374
100000691923407
100001063819372
100003654098769
100003012337805
100006304600031
100001063693791
100005359721969
100000457600661
100005645076566
100003373962954
100006144482410
100000931328958
1443373189
790695643
100000027864912
100004895136587
100006539670823
1291780776
100002024156601
100002948567424
100006928747873
100000158401980
100000965248599
1022907645
100006405283942
664393802
100000292026503
1533226644
100001871210982
636560452
100003849679889
1652184791
1278935192
1740707429
100001102427151
833672821
100007446695485
100000725376432
1208032197
100000730743786
1027083551
100001887998793
100001869086550
589341714
1165797945
100000566353232
1041199311
100001853022776
100003508203235
100000759275235
100004065993546
1405190052
100003444416523
1162779318
100003555656023
1657958399
100000994725559
100000969365269
100005152988248
1458210430
1534741041
100000583606470
100000456100767
1657375273
1342057840
100000101282397
100000027885356
100000595895060
100000497597707
100000112771444
100003992301726
530859077
100000009920914
100003987479065
1337370885
1677226085
517495682
100000543306449
100004935843801
100001384691215
1559382065
1368378108
1163193760
1395589057
100000481984253
100000031405956
100001250949058
1677790926
100003018294269
1145673507
1201477456
1839625710
1276571953
100002671263887
100005128656782
1323591447
100000540691243
100000431195173
549404710
608048311
1345789150
1182011169
100003213620667
1133582940
1098132580
100006199660915
1492885446
100000479004642
1357501827
100001354283275
1147343844
558004025
100002283034486
27319001
100003975573152
1342958217
1530204337
1245140299
1307737082
617552904
100000907617136
100002492297619
1841120964
689153246
100002168131316
1312310880
1041614480
100004454916860
1312045620
100000225291695
100000704932033
100001093842329
1756571220
100006857287042
100000564789847
100002769220815
737260115
100002155571259
1054241225
717627031
100004485757419
100003122428500
100000312511796
100005271454300
1312653407
1638272253
100000843869237
100002400755513
1091017853
100001520679398
1540411949
1644518729
100000923811671
1137152355
100000046375009
620434683
1459673077
1653603774
100003812666238
1504174413
673731161
1256750845
1755518734
100000933092476
100007391345855
100002191450218
100001503313450
100000427479605
515177305
100000056508388
100002178969928
1292435084
1466079554
100001532715875
100004056010748
719601284
100005505632678
1041380146
100002724577384
1805869160
100000327636198
100000598547338
1429535122
775550244
1021759925
1315712837
1669407748
100000681057394
100006261634715
1750716153
1481733242
100001813317621
100001755924781
747609102
1816547376
100001368016248
100001022505023
1448085297
1307564059
1518063641
1031991318
1446986688
100001517095961
1078754908
100007341336817
100000139189600
100000506852910
100003361159527
100002528189026
100000859075299
100003219457917
100004838670902
1302225889
100000854379043
1439301614
1582717439
100002587537142
693804224
100000286944548
100000201698892
545389650
100000312573072
651361966
100000885505548
1153595183
100000021496132
100000779671055
100003196075571
100000987830064
100001614304628
100001362057966
1116177440
100005362508938
100000181634421
1663413185
100006109233106
100003263178430
100000020593337
589326006
100000717620451
1036569877
100005899743592
796394482
100006648154640
1023503311
100000597441512
1089821820
100004665812171
100002174565903
1144131003
100005049273253
1206983295
1698050794
1815454755
1493870797
100006869400678
1563675864
542670972
100004652222893
100000844379078
68100289
1666690219
100005225143899
527036891
100001550103198
100001679854967
1128851506
100004888713212
100006990545411
1833620457
694584100
1723165532
100000190987677
100000359734635
516225891
100004936441770
100002589255450
100002543895092
1003984155
100006154143050
793161251
100002155302145
542162854
100003309839060
100000044488410
1411884631
1088449670
100001127715404
100000000482359
100000833068712
580416280
1225143096
100005921534098
1452685555
1074930384
1762477391
100006276814930
100000793699322
100000354473673
1057081426
100000464419422
100001227558211
1565434631
100007278422016
100000259050592
1512714773
100000259091121
100001300702896
100003396365121
1584067159
584145445
1209826926
100002828997050
100004626061415
100007073555795
620571966
100000001838632
1057005334
1812837659
1221088717
580165226
1373606248
1365801263
100003275499812
1050243059
100006453065661
100001575513850
1302564677
100000653051493
100003263404297
100000333413788
549515561
100002018481169
100000927117796
100001844692596
1457665003
100000656465965
100002961761199
100003002638930
100000286476244
1370706458
783709791
1807634567
100001217661355
100000084000220
100002939171683
1173943861
100000390052202
100001754930006
1281298033
1175433395
100000105800013
100000066812292
100000455508251
1168001716
100005153613267
100002983921143
1411946606
1590443403
100000580938181
100001067301277
532545570
598251371
100000427288271
1692020459
1538297635
726108743
1359105477
100004911274369
100002403364542
100001796194248
1834246314
1245843736
100007388112838
1782807147
100003941416239
100007400289124
100000344411387
594102451
100002244944320
100000847291403
100000588366857
100003807080751
100003093901230
100000308494558
100000117840130
1586540276
100000038697807
1232982262
100004719062106
1522543818
100000563658450
1575914090
1848969600
1444339950
100000466473091
100001410712380
1106894542
1805160164
100001549126236
684709134
100000522722664
100000717622967
100005290928265
100001466754825
1788548125
100004315155053
100002740762076
1395968373
100007488035494
716605995
1068558391
1362302439
100001438445020
1033264224
100000998193487
100006706261843
1201056643
832188359
886790592
100000912172835
1342497882
100005720404815
100007265320345
100000481278065
1358102643
501020175
100004158878901
1036294069
58213454
1424918147
578063714
1777068652
100006874273484
619769236
100000060961718
1642989510
100001379536095
100001839348192
1323619269
100001601449083
100001125465740
1390077520
100003828061645
1071380050
100003651951835
100000566907905
549198756
100001207695308
100007218012463
1797747472
1346472270
100001179035078
1424231046
100000628328369
1027455590
529090919
1269773634
100001265296876
100003176492170
1662920568
1747232994
100006892124079
1287244814
100000593512349
1045609227
698197583
1538051919
712429218
1566587965
1472509968
100005115848895
100000360173164
1695211902
1599938067
1400479632
100003020498157
1800138665
100001199346421
100000960308533
100003253770203
543225593
695296884
1178403280
100003783065258
1367498837
1305071453
100002079768932
100004101197033
100002609379554
100006235230855
1227171486
100001418640317
1821695821
642096224
100006211000094
1745229174
1032177228
1253978222
100000219890505
1719751181
100000121150596
1629990770
100000613111299
100001428019486
100000484651756
100002530480067
100000190706395
100004871531868
1103274266
789339055
535836415
1700062386
1199425234
100000727989091
513228725
1504324622
100000135435840
100001621677208
1235526960
518032447
1325136931
1291092171
100000123810295
1837628223
100004801032836
100000553202908
999981322
100002382160562
1040104635
100006430933921
100000786720113
808935550
1438182471
603431797
100001424646339
100001457836327
1752151285
100000918874488
100001562642232
1109902980
100005440722802
649708331
1621407088
1192118070
100001170524524
1188892259
100000145815297
100000191052686
100001377098661
100007284459415
100000407385027
100001999315711
662983082
100001873974452
100005138672515
1508041236
572560403
100000193821374
100001180518656
1269453270
1322991230
100005017779782
100000193852465
100002391462967
541623491
100001721867467
100001310572033
100000161250475
1024924020
1293206947
100001477461725
100002133871205
1221021113
100000537065257
100001540307801
100000177332970
559659537
100000252456247
1335387040
100000858546898
648326341875384
100000510645424
100001843075909
100000243293108
100002606739158
1505920637
734102951
100006562507875
665845533
100000155212762
100000927223057
1554693373
100004288927517
1318720176
674291036
100001373509946
100001544426313
100001883584581
1576638608
1039572921
737279148
100005781672228
100003453140631
100000166562964
100004150537769
100002068255422
673109688
509742407
14816334
842265050
100004588415939
810430483
1475919233
100004443794552
100000264721930
1350374923
100005564440877
518772207
100002367551676
100001268346675
100002679863029
542093676
648716599
100000009771572
100001107165138
1764778591
100000727055872
1309569762
100001928289822
1630662422
1603066842
524871111
100004777320746
1115616325
1557004602
570798019
1016453816
778173199
1651256160
1273917810
100007204415277
100000368977859
100005249528565
1680025495
1778362710
603815087
100003986658968
100003092672127
523284788
100001018534825
100000985970062
544001964
760549823
799355485
1100387858
642646690
100006206731864
728326077
1358055594
100000706636146
100003737901699
1279136754
719037657
100002910068738
100000675928042
100000110305042
587861163
100000027845109
100003615894929
1504191761
100002120374847
100001221158038
612123811
100002493372942
647062462
100007333142418
1174306632
100007425368983
100000108844732
100000394497848
557420904
100001818409061
1683588441
100001422608518
1635330064
1637456828
1500330490
100000382989933
100004232623912
1317923237
100000550521742
100002315383879
100000531692455
1474951977
1215128764
100005851482327
100000459941232
560063443
100002929698004
707390357
100001970455138
1305289222
100000252824352
100001733752956
100000170873303
1330895196
1750240607
1777729689
100007429450094
100006216215213
1434794143
100000739583055
100002689678716
100001207068851
100001513044582
674200664
659411954
100006632707963
100001037730125
1124850002
1511345359
1363820836
100002988101019
100000361384582
100000625683724
1062279274
100000427406557
100000744058118
512492924
100000896803169
1196529532
1130064742
748255125
100003299871491
100001295107523
1258415127
100003060955310
100003636902705
1164582043
1789632791
1700722539
100000196052737
100006698564083
1175207371
100003654862714
100002172662394
1074408765
1145137837
100000978910310
1361889916
100003488715952
100007667770263
767644514
100002243745168
1171068964
560983671
512261816
100005446184564
674287267
1246367879
100002284520597
815270558
100002405127998
1330147403
1080557786
100002203253689
100002493671469
635768356
100006481223677
1330417720
100000965645635
554931848
510615720
100000338278941
1416248366
1591693134
100001222886069
100001249897971
100000551231270
100006709124583
100005770205548
1077902280
100002228419932
100003712609086
1228873241
100001692067330
689817183
663960774
100006965444184
100001024734818
100005498106611
100000212600166
100000627966034
100000491094377
1044102820
880915227
100000509307846
100002943343410
100000213671417
100002312762079
100000152880031
1681586787
646486761
1141952774
100000950334176
1384402511
1616332419
100002671875069
572053398
100004398783222
1371951204
100000300419125
100000698006990
100000383115308
100004603389555
100001477148634
100000994269626
100000879470729
722825088
100004215520924
662237118
100000259578260
1318616315
100000793778437
100005862392563
1479137923
655638522
100000177107723
100006153005212
100002336417638
578648609
100001938138859
100002351535482
100007642895691
1357958859
657323525
1168301273
100001525415749
100004737181877
100000454645037
647595352
1710013233
1506997195
1114592251
100000681788504
100001063900965
1476251450
1753160355
100005848572788
100000403308377
1671005129
1776537616
1068422232
790129703
1358365416
100001201842788
707833793
100004171982212
100000570257989
100000360246494
100002824655180
100000228968915
1412482977
100006532476896
1719111081
1079491082
1819582597
1745681679
1167448412
100002740339444
100000421147655
100002507513337
100000100405522
100000055930833
1039327921
100000497889256
100000363622838
1352657449
100001399377064
100000660161342
1301376290
1336103501
1491267604
563889941
100002605755638
1604367492
1625762817
454694644653347
1241472028
507017401
1601801635
1075451903
100000281393594
100004040874291
1320112134
100000586968302
100004885180062
100000114377762
100001623782130
100000494937604
