1034225545
100000354860834
771135295
741859428
1645595507
689181350
856249434
100006453857070
1476048204
559005928
18300962
682685880
1119846536
629953689
514020975
1440201627
149701043
714081155
1044515943
1270103026
100005092477755
125300331
169351769341
726751660
1567702764
1829490286
31111674
1459041577
1418713542
558265034
100000544790699
1240453229
1798582366
100004266128122
584541208
1379106092
506636605
1336214428
100001076686535
100000642543606
1222537719
1474887156
722256837
1432403023
765113384
1372509262
1022679928
568381300
1468342732
1403498998
24102865
1656153198
1588924798
667723998
1129806853
100000206605457
1010801512
100000279653992
1428012875
1555252796
584516452
507685646
100000481753374
100001496110549
100004572156867
1362600103
100000173785026
151101383
1339845769
559774210
1435272570
1039945259
602427268
789938333
1392999171
26601497
100000414960312
506444881
1233803116
614033102
767401061
1400028815
535485511
100001061383707
100003320478187
680881217
1636753569
1564907542
100003318956703
630571715
100000106005141
1463619481
663947951
668810298
100001598114851
541577791
100000280637440
100001090939811
684042462
100000744634884
1340198131
100000557921585
56301262
1477840390
1571078390
521877095
1602006295
1488961940
1274894887
504571451
100000413473030
1281927304
660589785
100000896239742
1395667432
1247153186
513309439
1464635749
1427902500
100001575027243
674025625
767840454
680686337
560146497
788650653
1425585893
1069507152
100000252315240
1771483442
1248309946
100003541560608
1538161170
1019350133
623674698
19205373
1621487109
100000552607010
100000628023970
1565543430
1009852231
1233738806
1607831824
100001238693000
1145971281
1247061470
1348397400
100000512725883
531270733
1277581123
784053354
1013769968
100001864476225
584079687
1336416202
624462803
593810482
1708381039
100003958560919
1622577375
100006029104222
1508358146
787101203
532189001
1652575316
510257934
683743958
1133875534
1502863208
1453380570
1064141165
100000128080714
613569814
1300623725
1181254429
709501474
1231588007
1704879646
1738621192
1295271345
100000799723639
1377664197
1745121606
1343123010
557028892
615257897
1457882604
1126382933
1232769680
1291306298
1234990602
100001871876483
162800905
1509975475
1159344226
1059386036
1497464172
100000163882311
1150279267
1408700443
1779830144
505798344
100000441873428
1519762631
1104771309
806721163
511533586
1082508881
779703617
1344699150
1475140066
828368737
552873440
692420489
537685980
100004282423064
635971570
100000285957316
1617806380
1045430311
1634784862
177804851
1602194846
1270068289
810213978
1239388083
1115830359
7015805
1280750396
1347753901
1212413667
100001554735798
1228034982
1068372147
100000213004031
100000423920027
1542140731
729423082
1651548168
1071943094
30700144
100000956557192
1424842213
100000756512091
1403694321
1472223505
207101431
849845153
603838344
1407153392
205301982
503567166
500019636
1292689678
1515452072
1388828933
74100116
721155243
100000218372793
567262562
1442997050
12634225
1653589643
837542310
1066432426
1294789045
1182561300
1091834699
1306292574
63912757
1553997623
1266460766
654232758
1196361643
568825007
1138920046
1463837121
1197513819
1035441232
1333526313
1016704838
1212336760
1030426431
1480193379
1003908464
1190119355
598183753
718616764
1447599294
100000130432084
1321676614
1519828849
19906925
46900577
1630778000
1046710952
1592793230
1138466704
100001654674398
506481224
1365374741
1828635865
1157528662
1378882874
605042856
1359176279
100000227541500
507841349
1486498349
1046913311
1428654599
1003933059
678429633
100000565974023
1652561430
775008798
506559960
1314142805
1250434737
1154167410
100006735190035
100000167970443
1440904056
100000429309529
100000032501767
1200957081
593100715
100000007847239
100000463031686
100000139066398
1042962039
100000520423391
1003663453
42000058
787095493
1561708168
1410360195
1605302422
703395632
725791314
1151090633
100001263356165
535787685
100000003490202
681446184
1409875010
1450634072
1409707564
1172982523
547816670
1348127918
821930541
1830246756
546502032
100001273773016
100000173233838
1207640259
1081666847
548661142
1229140449
100000664668315
1509261985
100001756256777
550655490
100000018385562
540448338
508849053
1500643513
1569556611
1769461326
100001170831211
46709787
604345779
100000881811051
595970031
500333498
1849268067
612589519
1040717670
1482970645
1709518262
1636866216
1616225229
615988538
100000014919715
100000668949723
1499694995
100000670370043
1203928127
1539293796
1052086071
306346842720721
1009239733
591570287
100002519004624
624995612
1302124007
1747021867
1075415849
1338390079
537265373
1850518874
1121562778
586390481
1035540596
1461541810
1146996014
560691163
576136990
1210970297
543036716
817891682
1185625532
1590842646
100002855326312
1303061187
520780573
100000525348131
666771705
1470957293
1257883884
1101108270
548917572
1467064282
827455036
34304696
652090608
1354303367
1338964298
1604868229
100000789815331
816740175
1127081287
591298748
684486971
565298435
744487358
1246902470
1407936343
1453899247
1082765145
100001940091561
612430605
100002918733107
100000076067618
1323414363
599476816
842118706
164000349
100000177605358
1297965426
1394647694
1575622977
1263078034
1844534797
1362921303
1577601547
1596213665
100003794275531
1259936815
100000174162201
100004861050487
1563361625
1388571194
1579077033
677865156
1397051037
831655042
1269397385
545560560
100000535500802
591179189
29701485
502084179
513691880
1518398359
633082779
14834054
1232087138
100006806341125
51200869
672273792
100000030828057
1229161529
1438983595
1081621151
1356055040
1495170374
32802569
1381748059
777583737
1617370829
769897576
14805475
100001617040779
1314158895
1653976787
1025751283
100000721770971
