100000551457759
100002662073360
1126500354
688011404
100000620178057
1420913683
1008330559
100000874881229
1706420213
100002431899452
1429929642
1648151365
1039084460
754738539
503692934
1448422305
100000048770931
1633225356
1147585736
1407810807
1211986830
1652920249
695970684
1446860601
100000190176030
562423971
1471251078
1120945397
615950192
1822246252
575946575
736711689
100000819313885
1147070687
100002252207867
100001693582716
18401885
1058187206
1686595116
1009824514
1658937763
1428463117
100000252366063
1610595130
1452606877
507682030
657789688
1774825239
333217056716548
1700012002
100001029267278
100002226257450
100000683643564
840454850
521218745
641609119
636406758
1039904802
1016416240
1514150384
1236782177
1286481113
1074774744
100001209779173
1501524989
1386210055
1820186030
620484537
100000751301492
1611647164
1240374416
1837767318
100000183018521
627140516
1164698598
1279193092
501841328
1726819744
1545347042
100001628583694
100000606225827
1167039612
100000489406706
746884869
1351253853
842964343
1030407539
100000299210548
1690898840
557587554
100000223581609
100001810197356
1432074539
1142314558
1300763350
1569610122
831903496
100000009483836
1663477909
1145394251
1178463433
1424343760
100001516108966
199801404
572757673
100001965315968
100000021316762
100001109333335
100000536928354
100002490041877
1478847178
1690977994
1117792399
536711270
697352800
100002053085360
1404510530
1107536060
1451688243
100001333068201
1525674564
100000703632766
1345003688
1139705424
703379242
731735489
506820654
100000220176522
45806299
1070531446
100000383314505
1002202698
100000742318340
100002188422759
1075714774
100000114595317
1396874442
1188594577
100001049682229
1405668604
505402047
100002613607560
100001495460738
687074714
1354750004
1228210912
1362885965
100000588728642
568706155
1483989222
100003155217999
100002921473239
1375412551
509956709
100000162908754
585172028
690224355
100001375904252
100000179294658
633532461
1153634003
1511172284
100000433104812
100000370392031
100000227680143
100000301557587
1405776378
100000275859435
100000126346097
1255407910
100002055414004
1342916820
1359507298
1008781609
1316400049
1351876371
1483523450
1558055463
34502781
1386208180
1648418750
1413641692
100000734744710
1580337773
606519615
100000567542651
46709254
1373647340
523197336
183230281717108
100002724092020
1759339311
797690111
763932149
100000820236524
100000311690393
1167394656
571748608
100001696578388
1647774576
834750173
62900083
100000363796105
544500056
100003666730590
509093882
642046454
1407213483
100000290777679
504648326
100000736755375
1200596543
542144951
1529150604
1104510810
100000940608237
1607754726
1023441922
100000096091614
1472857493
1198147352
531400106
591283085
624596537
31209045
100000467262772
1193687903
545745152
100001817480318
1349001885
1303435964
1505560901
100001810708011
1101704950
100000797677641
1001843566
100003781750677
1425320388
604321901
1401858422
100000361780953
652533798
1055975081
1514636815
1560045648
510922967
100000618393168
1002953388
548471320
100000876108668
1118601020
1359756225
100003326945852
509953658
100000488736142
1113832165
612466716
100001457628890
677194174
515985463
1746414295
259826934040759
1216149480
690490056
1695087616
627274425
1675819740
1282704893
100001074206196
1568487486
100000473989754
634699494
1143283146
100000330706790
1251046919
738079001
264896186869857
1255814906
1070915145
1767354100
100000091411477
100000015046477
1204899750
1648425501
1512217225
100000457617628
1522125965
706804508
100000709632959
100001874431786
1192006986
100000630933764
1409871456
688176351
511627545
1366701475
1532190231
559816949
100001715564451
1308751430
586798590
100002351796658
634557057
215150945212186
100004836870928
1637536423
1331407529
1238746869
100001089302949
1359134577
1780434355
1204610176
100002112050997
1509066759
42401187
100001257571480
715410782
1574215039
555939326
1256601445
732563667
1303724809
100000209702836
1185388319
500604295
1596873731
1497904426
100000945216890
570550647
1010848021
690911960
1252925512
894420246
1155187017
1098560979
1675572006
773784655
1424232213
708507057
1326502973
22619688
1391966809
532491762
1300943675
618892537
1459470714
1277040456
1759321107
500774478
1176281905
680429972
100002419204131
100000141798439
540142795
1358244203
100003230406032
1073827523
1555316604
1498972656
1808643926
1434747271
195200456
100000612417494
100000539082022
1031912936
1110228093
1145312200
100002202200361
151200731619426
1099702232
691768240
100001663593583
631326415
1130026046
554520129
723710440
1353697926
683962004
100000831258380
1248891089
730014442
1653386377
811709428
100000052215269
1531320372
58207663
167100369
1221282894
139535606057915
594910576
1047046129
677270433
100001137049159
100002369101877
1132243520
710848724
1217543599
100000147822604
695801932
100002317422557
1339423709
63500985
1648087922
100000149141943
1347341896
1534452266
791683178
1388976980
507573313
100000700727282
1273352148
1175192438
10100158
100000012984611
100000176220442
100000257843310
100003016889217
100001724276697
651634413
1374060063
100001462927875
100001388550327
900405192
733515449
100000712516187
655195784
501938880
551353930
724420824
505014730
100002953357883
741284386
1261292228
769354663
100000114230516
680300453
767486868
575124364
584573821
1136643226
761163701
100000287325950
100000310656108
100001261174378
746372188
1649670300
1744122560
100002543779783
100003631246634
534564556
100000137693498
100000525811616
100000563523714
696110573
100001148336191
746981157
1230273299
100001690963137
100000839878218
1402408182
1084339335
1081163382
1325229293
25831662
1154466425
1744198576
100000005118068
100000128991687
1001513059
505153469
1451821018
508515548
646792803
1579761531
1320164032
606164339
1643923808
1850706990
679276056
731915812
1033156825
1551373270
738013048
100000050616800
51807779
708326871
584540504
520669549
100003205039051
100002474015869
100000171722672
1137090870
100000219003991
100002710541294
1394532710
503321041
100000802544342
100000542370872
1280019029
751686761
100000169701712
1152598064
100000271822472
1818408623
1483105454
718523908
760858675
100002898520251
1247221739
100000018395348
1835630033
1450770989
100001678808991
1248664014
1359527885
100000351873293
1407660003
100000345856380
1255748846
100000177079688
798304735
1648762243
836475071
100000709004945
609553946
1471427894
793335413
1137361155
503012792
16706433
100002729203672
100000746022963
100000088202521
728026953
100001751621079
654045946
651415566
1516877658
100001776937286
100001981656968
1011760452
556862922
1266217237
545627253
1668271512
1386548717
100001195461944
504393923
1040359009
1781735498
1253307882
100002570897295
100000194560376
1214112381
1423200316
1421928046
100000715782968
100000173845059
1431724606
1682673864
1403590385
100003163052342
1068216157
583689815
1202744269
100001384447318
100000004445043
642920106
773999856
35900688
502757347
660089277
588591481
542584682
100000826321716
100000721861917
506375835
660121884
1408856512
100000688216435
100000527528767
100001441121104
594290596
1018167127
100000444534265
1350098335
100000343474361
525976056
100000760313906
1615007432
1684314318
100000284655098
522671713
1267386618
100000026663882
1226365581
1053242576
1790430678
100000172054308
100001828239250
1445205374
16922258
58406730
1143177614
1844496728
1447195446
100000556802519
100003008273568
111836428941081
1233803116
642089927
761954901
1261514840
100000036319370
654858840
100001239556377
100000772489856
1470562446
1137812050
100001321444208
100000109042265
100001444540913
100001179546866
1074219820
510518965
100000658076507
1017496745
710771953
100000753190903
100000546459590
100002064577573
100001642792880
1017875427
1474492463
100002143267163
1122698519
100000027255158
1834518014
620429192
1155873168
1340738655
563240984
100000830751489
1204277558
1566224611
1658374655
100000100819416
1202681503
100000182141676
100002840212383
100001202710135
100000612728876
1189692455
670478032
100000586518198
590940349
100000846851510
843195042
1486596260
656400294
514283815
502724473
1529048179
547124208
100003181805271
1077200657
1216637748
1206586819
100003234841884
1162563490
1308616748
1542255283
100000760760155
100000722417841
502471380
1650007145
1525965173
1159035913
1392781996
590311700
642235612
100000777893969
1618451085
1058141989
1663400614
100001570451235
100003307723516
100001264453152
100000156497901
754929655
100000278893947
100000144202092
669091293
100003208431581
1628233360
1350054654
1784913078
803599221
100000470558977
100000693892322
533328243
1290285626
104295609661417
500109988
1298379159
1692414330
100001814994227
722150588
1203081751
100000532673801
100000018538970
1524942915
802769462
50203122
100000572087956
1569111601
100001210953448
1311291709
1083984659
1294138222
100000182835774
543552326
1645900171
731375496
1295557153
1523228210
1175025950
1458057190
100000599764054
100000599358026
100000495634241
100001989242513
1034037721
624856362
100000434395935
700889964
836565955
1639520624
100002002155982
601855178
100000264102703
1848969600
100000517844872
1354632679
100001133992997
1035684680
578355626
599919864
1451320937
100000073395369
1415302247
100000083822997
100000560521040
1438391551
100000032884119
100000021670230
100001867471296
100002166204595
1178952969
100000578517444
100000270563840
558770567
1421844534
100000147351549
100000234519536
1428879558
604921359
713837130
100000268567322
776342901
100000134769740
100002051047836
100001297896371
553720159
100000095918774
215702042
502293066
100001884991690
1593421325
817417355
1111211538
1293358248
1424112164
100000009160217
100002613055130
100001018483278
1455526647
1600470877
10500285
1073544621
1794692523
763015141
577697090
1444934724
1384032014
100000558757800
1022390911
559010963
1500930032
565139000
1443436011
100001380127100
100000058152812
100000296974676
1437068568
1549335735
604081655
716497115
1206433590
212802363
100000025942119
1257341888
100000341845339
1328260007
1669550380
1475860816
1217401350
1137917305
1622484486
1478500512
719668811
1712304443
705634139
842669221
1518273989
1439296642
1253820056
100000413377990
1935993
100001287686367
1210541735
672882906
100001081643302
1725210721
668929918
188769754485523
1029712251
1246392183
543002752
836217221
100000474979018
544288086
1389036589
860700373
1454220099
730475061
100003742616562
1410680638
16402395
1436949910
1334929959
1504716908
100001546020319
100001235470829
837554276
529890656
503666960
795497117
1367136289
1426964829
1441188869
100001905553743
100002214632315
100001064120348
100001051403103
100000132143846
1443560178
1255647740
730114528
100000836466482
667880796
100002479380674
1014652790
1358186517
1409890381
100001263859659
1121153893
213500720
1216950378
531521194
1006924581
164001802
1190405307
1044177283
793311725
1470326645
591279119
678391078
762945443
1321500162
525632222
1270384958
1270668884
1087098902
1510124284
1729515200
100001292823433
1506980975
1619012565
100000798521855
100000119455239
100001058404141
100001506053609
100002478598606
581827836
100003980952596
510642122
1218133041
100002456853564
4202151
1018672094
1794160947
100002421526634
748686447
1389315787
1835746379
100000721277217
100000860134879
622051469
1455857354
1306890821
1259232391
100000451894187
1601387444
896345441
100000059729287
100001931674752
15906599
100000232014981
1437662400
794755743
100000775788442
100000382525135
100000383094260
784935334
100002927682217
640814152
1329566256
592321970
1837879637
100000150361162
596605304
603071400
100000294862486
330800212
546501553
1090189428
100000030437920
655251829
1319142533
1152573681
750411867
34405662
628616001
100000849258110
100000792075434
562420644
100002910174103
100000131655470
1132209126
1454660149
1455609080
1323305482
1491548447
677890798
100002632164327
738569046
100000530870975
100003068574451
1728230452
644640144
100001875197800
1072477516
100000464335957
1427336188
1164275567
787150283
640661732
100002166383991
1564078427
100000849258588
1013989036
100000100284161
1521455940
1151875839
1280982135
550293028
1151241147
1796934027
1449030035
1551999234
1163075879
100000426084966
680185663
57603244
548099682
545163434
100000725641656
551265436
51800438
100001172370952
1268704403
1410575751
1425843207
769389185
1051053342
1406122306
1549794487
100000175554284
1289752425
671999812
756865044
1102333362
523223804
1416647811
234002853284133
578526882
520315584
100000082269406
100001522543723
545928648
1132909333
1142460775
595881787
1472132898
1063204149
1176739020
100000038110749
1200789243
740515086
748450686
1026886971
50803459
100001587588617
520999270
762210423
100001447394210
1167972430
100002998361558
663860610
695170374
100000622658734
1233044843
212500128
100003405358868
1178971329
168842446529621
100000523690393
100000403669002
100000246240520
1431516535
670258859
1849250542
725904116
1237090542
1444077142
100002945142181
100002217162560
1121781161
1429467800
1273822195
100000651066173
787879378
100000024406617
1580976494
1532053203
789291459
1372261492
771460592
100000861856205
1428393251
100000684672732
100000210811480
719825338
100000699373966
1223502148
100000196205369
839165592
534071350
716605965
100000925074522
1431513128
1479019496
100000197366629
100002772547294
1343553709
753038555
225343424221246
100000121321529
100002199733537
654462900
109896922421162
1232496599
591000934
636608675
1570163855
527800881
513751512
1757299241
1582608765
100000056621372
100000194902358
100000207556172
769103000
1622589200
100002307285947
100000416177244
100000049223445
1621105446
1771732658
507853014
1682174319
734617208
1227699494
100000054697045
1443354354
506236932
1674279258
1584946290
1634768750
1253062278
100000102966794
100002468509364
1054297939
1461321400
1648744698
101703024
100000513604033
1316173738
791210028
1326276580
1314589160
529178009
100000799461885
13920944
100001332787026
100002959233286
1201965950
1072286656
501615499
1796898089
612451924
669616810
1285434355
100000777026846
1544755289
1678358304
100000306624720
100000694288121
1082604421
576443125
1447579839
100000691461326
738264550
1399257066
100000272903947
519266563
100000176001053
1156965035
727242810
663955553
858475108
1541421126
1540084220
100001298752362
1421913220
817576309
100000079117406
514034094
1337022400
100000289657137
1819066626
614866809
1621376201
1294452846
100000614287425
815537280
100000664813135
100001380275982
100001089602541
1579544161
1552305458
739295047
1840673190
1449739134
1816667105
511730815
100001359841250
1272191837
737715650
1235490100
594660242
1053827928
1150405267
659038792
1541688257
100001125621872
1399507154
100000219860028
100001657476341
727003170
100001281789064
100000115362266
100000020986820
100002480967965
1094607845
100000222396287
100000782265664
100001574337695
1203774562
1490896315
1204756304
100002916427680
1705549959
670728032
100000921998865
550377375
1167769877
1219906812
1545650624
100000096236034
1559692089
569012337
100000658138508
1238589140
100001652293358
1452075104
100001369098752
1387133223
1801024600
100002221622137
560233078
100000010400395
100000215587407
100000397404179
1127603502
546068378
100000145692340
1573189014
1846546833
1345216700
100000327527379
814157660
1345171459
1460520556
1091212101
100000217180313
1766457002
100002223808176
520488295
100000206293982
100001034740850
1344310283
1198873599
100002638775172
689764025
1139264352
1027272854
100000094428150
100000584539591
1292666302
1602774778
100000135648210
790780277
100000457978877
100000526931076
1169688603
1028995452
100000730966124
639592419
100000308293842
507470456
1626753390
1024556599
100000116888559
1479077306
1532941509
521200279
1494901248
100003274239168
100000141999777
100000428887080
1244674559
686848606
679851987
794633404
1059694621
100000566317017
660146628
1248250902
1504204491
1488764137
100003205646934
100000027225340
1578855435
1827630497
100000784341327
1175861370
1368026370
1357538671
100000120328401
100000475622451
720957387
1306590328
100001905153505
1611130743
1538013117
762318153
100003323624479
100000808355236
100000079081420
1363631545
100001796057170
776119255
100002012873626
100000279072670
1157980170
602504198
100001993848002
1685724024
1137349801
1395459280
100000007767536
1040793515
1137270309
1432652605
1078765568
100000333346234
1361623320
500815439
100000274227407
100000089617032
1361605648
1439246605
575227162
1772836470
1014218268
1097798693
105100038
100001871763641
728310630
1117188496
1840506672
100000792813232
100000197043526
735080297
831443017
1380420445
745910340
100000710720798
100003282185582
100000159865091
629474928
598181099
1111158043
100000218192733
1456787959
306800131
100003740011984
626242664
100001882715282
108746472504175
1677503046
1446931541
1015344013
699332835
100000343414652
588937080
613030886
100000467582804
100000092985018
1796971102
1794825687
1500610277
100000316562689
1394370253
100000127129467
1808649369
1397535680
100000152265919
523263224
100000668824783
1650624402
1521990285
100000818036857
569390895
574592233
517186955
100000184847748
687611191
100000323550364
1152430843
100000126186412
100002369523533
100001215871453
1203896685
100000477128498
100002963368826
1535194392
581223869
832034740
655810830
529455636
1608446986
509260738
100002546479877
100000302374618
595724641
1281310988
1684893021
1344051553
100000933156466
100000329881189
170201963037835
636430170
1434219691
538285627
1597179201
744570863
100000429061354
100000467187074
1583565241
1539702181
1577252416
1280825261
636711230
100000507963010
100000019510373
100003345236695
1082983648
1756047891
1213626393
1218834901
100000528051311
1342392253
539155924
100002524808848
1646748762
100001167090719
1417183056
1593347682
100001467630488
1214008246
1461533311
1526296510
508755008
1244441958
1110723815
725668655
1045651284
100000816198813
1786977617
1811869376
525617437
1767811259
100000307984586
1004346938
605990680
1223156240
100000021410352
1209860045
100001208244756
675156128
1761054803
1194079640
825242369
100002297986375
1303294753
1150514238
100000801078302
100000197117958
1300110020
1221625199
100000185480973
1100042472
100000503221338
1625708426
1047266263
100001717304360
1018114206
1309779010
100000670541786
1187430368
665066024
100001017681660
100000492267896
1809554814
1223707927
1258375967
1251037843
1439410614
1577507474
1834012589
733282220
1439221804
1227511548
100003493111607
100004022218139
1845460967
567902964
1335395032
1444127741
1230843290
670698249
100001575101366
1520732727
100002013528475
100000867482583
100000710546567
925680
1080128966
1222951120
1626976439
25822694
1355471704
37615099
1031806886
100000687950864
1152679770
100000228548883
667139668
1454661866
100002808268738
824798399
1136773378
100001875730209
1559306606
1534018410
1197977344
83801232
503298426
1357760951
1254109142
748495441
100003090418207
1704208225
615800370
1596103755
1824277433
1592441002
544911889
642747053
1203507331
1800337283
1644664203
100002200509712
1147087847
1470141195
1067041878
1039862901
100001885938633
100000116045732
100001528491291
683817090
100000276030798
672787972
1318023206
100000011427959
100000207780217
1652193961
1168515247
1816519805
1112404358
1014781117
100002350635805
1229712838
535515887
1285640912
637094279
1154848440
1566217554
1762932990
1677606458
1733935026
100003391753818
33102640
1569661284
1096118034
100001134611369
559220466
100002097709540
100002179906067
1143056835
1369969326
100000751433542
100000201403632
100001357020361
1079181757
1771977725
100000440714165
100001785445954
1416210167
1430288165
630087392
177688782274731
698007287
1849198007
1545515256
1442500673
1316202240
1627433634
1117926203
100002651502183
100001905352211
1441253896
1810267572
100000863531578
100001703241091
1597806045
513274746
1758145815
638375485
540302292
164006427
1613926965
100000952546948
100001590057765
1698801711
677144939
563244108
100000815326473
644878437
100001250885431
100001028336180
100000398208764
519720668
1053384304
610892977
1765951412
1219192578
1561376863
1145710820
1422480064
711437096
1443317476
1424541077
100000849153602
100002054859017
100000437540822
100000074613545
100002196854837
100000597348172
616701424
1770411540
100000465529004
1207355951
802739781
100000780171219
621697463
100003376789347
100000303856011
595343227
100001128193189
100000505875541
1489518859
100000959887305
1082677781
1113655810
100000616047206
675098832
100000634451232
100000514061712
100000958245758
1485533209
1169164697
100002934944179
1458216338
1510917778
1447296053
100000226680178
1441370374
100000599049453
539358981
827285298
1513396494
100000243037517
1222814634
1318764941
1084548653
1096784555
728702719
100002564285235
588268499
1202791893
1381763422
571704008
1593252393
100002387454498
100001377681312
1605113308
100003032395969
1464911413
1755721917
100002710537434
1442486783
1769072069
100000216844492
1683096435
100000614914953
1079558738
593317466
835569464
1626965750
100000050633821
100000294113674
100002506552841
100002494224310
1386068115
100001604836480
1585127153
100000134408153
518476717
1094445083
100001315473395
1112061273
684465602
1057134960
1312093422
1128991187
100002718139475
560044612
1355527782
1474550044
100000312511796
100001343662444
1152439880
100000211039531
571366007
1448126607
658544920
558056236
648679065
504231763
1038747008
1636959749
1077167935
100000678167616
816689200
100000024786351
1591726774
100000672435212
1629381243
1630285498
100000301343607
1647171996
1321906594
106465763587
1572504113
1448613209
100000632407615
1731990814
1403524656
100001088377888
100000438028664
1341358198
1175795236
100000353302596
1057337840
700608673
100001244461524
1088606725
1336983159
1373097867
100000221717532
100000439293601
1383504398
528567119
765285579
1370327295
510916585
1314221492
100003151777683
1046510780
1106752583
1085509032
1035326237
1077454103
100000180931236
1615370066
100000029842034
1386781049
542162854
1166387769
1088449670
100003098747438
1525474497
548936290
100000534931245
1555005811
1098754460
1263601837
1390463959
799058489
132501957
1449559858
716954231
100003394642169
100000034783988
1522570711
100000308590663
1146314044
1231893693
1732903186
647149571
100000203713384
100000136710425
100000738632016
1590354465
1150354114
100000565042460
1241891706
1318576733
100001162059680
173601522
100003456561609
10023911
1356451521
572119778
1182335272
70307108
1143261683
100002591512191
1834627505
100000470676153
100002288844786
100000847291403
100000481724313
505420256
100002763551280
100000161940590
1613994639
1285511731
1076374858
100000091478826
578148280
559704427
1351857417
631218123
100001349153940
1065730300
1337945209
194081190623038
100000985634723
1493924503
791441101
1323290163
1422320753
100000946440692
100001619430430
100001464517293
1493431097
1716679106
545703224
1831065902
100001269943366
1534625069
100000660663839
1167451045
1395812407
100000485841888
1548733777
523116321
100000643418328
100000632355411
135678636519612
1460225383
100002146637670
100000212552707
1003703844
100002712908946
544442263
1234250667
179900463
100000599874371
100000116705837
1661234502
100000247543438
100001333792290
742295416
1257500288
1458336606
33003124
1009200152
100001812439991
1562091061
100000265980752
24305020
100000550873276
100000258435019
1361187983
100000371633909
1543334200
100000751697836
146501027
1040104635
100000672696338
1822874535
100001288749381
1262678726
100002867673834
896030433
100000065813744
1382896350
1147823121
1355030208
100001917744692
1135143559
100000432546117
1402350021
515752902
100003321757115
1380635596
1459522151
844569300
1173943861
680503518
573831158
675072775
1470184194
1360922997
100000687145657
652639807
1683788658
100000691448112
100000176190240
1800504898
100000643328794
100000879231519
711337419
1223002405
1263990019
616401538
1657746145
100000825023226
1390466068
1023827998
1482406363
100000964121681
510269512
1437333300
822367520
1392771022
1483929268
1639284257
572352423
509120186
1811137462
100002402576698
100000754670097
726932188
100000846382636
1213661075
48003109
100000020350459
572833762
100000459792688
784134347
569508680
100000907575202
510136283
100000203195891
100000300952035
100000619800297
1427866658
736209192
1313720494
100002836597371
100000162231355
677943506
100000049974934
1581888772
879085461
1191694436
623670235
100001033826367
712618102
1610775172
669913119
724189656
1475712096
669468746
100000145245599
698464574
100000167528596
1412610028
1034236311
787355336
100002757543580
1642615632
510624653
678392293
100000248351071
684376455
1470462087
1005854407
100000579108426
100000648369240
100000517177222
653205393
1326570480
1045656210
100001266634762
100000237909903
1246341203
100001241290569
502362375
1674904764
1740360483
1205993815
1506164993
591338732
1785150323
1077902280
100000746847044
1171910485
100000031507439
571051898
1615238496
100000890929720
100000062318184
1720300112
100001982195808
100000051727671
1009567936
100000109352366
100000152880031
1112409329
543190366
100002411124221
1020481401
100000081305751
1791907312
100002104767052
689549017
100000209272224
100000933559526
1462694953
1171601015
1586393044
100000391674724
1790427681
1740391632
100000688572811
100000390867759
1304850331
100001034375195
100001649058014
1069536939
100001280826555
1621844044
1272934344
1292676488
1437685219
1817727053
100002919082882
100002629742543
1438576357
1614551900
100000114745167
100002505846132
1072430315
1228954757
1234246958
1705592295
1149587511
1610706078
1832495493
1232003199
