836954059
100006517501766
100000211147211
100000781415062
1381518198
100001072394983
100001225677090
789109551
597563603
100001350713891
100000386547981
100000285043749
575155239
1553787590
100000532352480
100000992779496
1626566049
100001076965581
1547952802
1794499934
100001781367725
100000268545399
645881399
508868379
1624560626
100002220808258
100000515152894
100000837348737
100000638307569
100004432865574
100002106281010
646933015
100000644124759
100000602311655
100002044026967
562808603
100002486532047
100000843533006
728422937
100001597741933
1143894689
1547534284
100000559146946
100002860858753
1475404206
100000647596893
1060148953
1583237583
728191325
1538400489
604053257
1445102255
779671239
1563503124
100002619083072
1032837670
1456722349
1604410610
100000047867653
1197166672
1051787838
511912208
666422078
100000730230976
1332712140
100000328441083
596567656
1588751664
1554353446
1810908772
100003534604371
100001583963866
100003359885686
100001205890682
1078287120
100005131244476
1595481234
1477342233
1195599839
827357935
1046551612
100004071234636
100000619783740
100003684480546
611312821
100000495199752
100000683970467
100000868346325
100000425060652
100000477858367
588095275
1421877797
1308303521
646228066
100000450168164
1234396867
217671151752334
562115031
100003925134178
1119811792
536759680
1129719273
100000289777253
100002467366371
759890645
100000850183574
100000988982526
100000874117312
1054351545
626165009
1398842831
1673413031
100004265380279
1279193092
1422587320
710841108
1808470154
753482478
100000874771277
1547695035
100007585592296
1462234011
1458890804
100006596621343
100006022447521
100004075522729
100001148195774
759936014
100003122428500
100001330615672
100001523570470
100005142944424
1209591519
1192452163
508524435
100002009285921
1296758889
100000916566492
100002988281284
100001755227210
714642813
100001945285911
1031255022
100001236691810
100006163001570
100001567994697
1639822372
100000408730316
595222988
1369698761
765128399
100000920546363
100000665431206
1683037836
100002291778220
722113604
100006452197147
1058773549
100001194523908
1480724036
100006285789618
1159841899
716285375
100002058885436
1578078766
100004151016605
100000233329400
736860292
1274244823
100005164867373
100001269495112
1492136829
504249783
512591586
100006716351923
1314856770
100000358191042
100002474149681
100000842282472
1178316353
1501974110
100000120238251
100000572926769
100000329811307
654732837
1029497272
1787902484
100007162963993
100000185731293
1354939801
838900899
100002136601943
819624147
100001052244727
100007298174178
100000398973485
1143394965
100000484407130
100001400826593
1191256686
1428189278
1551172629
1501653153
100002892548706
1174620501
733645597
100000471244346
1061345662
584784699
1613135248
100000442047516
1565434631
574097473
1054576832
100007084567003
100002637328334
1815391660
100003848238360
1591733288
1287420052
550152908
100006681372400
18724706
1764994450
1466577988
507395048
1281477419
100000421147655
562126785
100007155158403
1125584048
100002578467781
100003924461788
100001053062566
100001918647959
1038383137
1140912213
100000752221233
579768616
1347948615
1638487879
100004127520230
11014020
1086979839
1243809207
100000064662149
1285581015
1475683554
1411946606
566665303
100000514132878
1466600871
100000600056408
100004910160768
1362049219
100000148260347
715066503
100000281677585
100005785569799
1121664125
547335578
1142734123
34502781
1274414782
1406685484
100000491746268
1132191736
100000463111759
1521264498
1013675361
1719700889
727986862
100000224292709
100000196205369
100001423086222
1160535973
560356119
719154685
1311786228
1270084018
1253420942
100000011965632
1369999415
100000009289593
1372305994
1232222195
1180642542
100002900018354
1246055913
100000475570160
100000775286180
1441796845
503644405
1283101948
100000196948177
100004183600476
100001902930214
100001298752362
100004165393311
599162951
100001813317621
100000114324582
100001054354664
100004607111610
1834371807
641275761
15715601
11816679
100006347681124
1556964328
100004735632715
1276571953
100005717763774
100005558523466
1266169104
100000676544903
100000533817309
100000372451899
100000849934806
1799733285
1042704738
100002148622415
818100256
1631495723
1132794429
716173392
1432464502
100001831586545
100000130645482
1025914566
1322387001
889355367
100000450551510
100004324861687
1446484756
100001728688377
100003106417444
100000280367977
100001669738826
711170455
518703332
1721835372
1068085372
100000269783411
665420493
744013135
781619691
100000787864005
100001878242568
1030929851
1334098396
100001040860528
100002672996375
100001356384815
1832280052
100002168364762
100000708026021
38104513
1569854112
100000842782481
1051503388
100001407347404
100004110854301
1120882116
602245774
100003653384769
100001977476141
533823153
1504836076
1349847750
1609452272
100000855290944
1489345009
1183549824
100000284295314
100002848582917
100004336350795
1365657947
100003496373567
1414183082
510386753
100000167015744
1686480322
100007177422191
100003202211119
519240859
100000594752125
637150617
1333299115
1033432107
100000483139517
100007466970143
1651027138
514824499
1461902106
707556156
1006210791
100004399719737
758916933
1040153521
1705677020
100000073359785
779820342
100000261166406
1422665953
100000893762958
100001727446638
100000792706642
1551957636
100000194494441
1426627404
100005952398044
100002647511721
1436376823
24415163
644790236
1100409187
1166127564
1643506702
1566441541
100005676643001
1003984155
100000378347615
1066928949
1189126435
1162646992
100002661042583
100002050906048
1417248084
100002431327031
100001629633750
100002815226015
100000137117610
100000256631077
1457883606
576667822
1470401587
1423894761
1262017718
100000282780683
100001405800146
1435501603
100000965248599
1837936389
1283319957
1548843598
100000155346006
696681507
617597515
100000311262687
1098132580
100004681860520
692866923
1368563766
1405809976
1376792616
100001000729534
1236622540
535678223
100004166022629
1455041795
100001863247311
100001342165676
1649993812
1825275060
1296081946
100001887926073
100004643882999
1042101843
100003047498803
82500098
100000705021708
100000359734635
585310122
100007109160137
1324206222
100000702430230
100000251835437
59103166
1322767020
1544960432
100004521632905
513286417
100000657087967
1249122727
1613913624
100005362508938
100003888920480
100001754480380
100002374556274
100000943868063
832188359
100000374255799
100003345054664
1216945883
1126753578
517254052
100002960932210
1368043318
100000123499671
549379457
679841577
1384801162
100000557854130
1705223546
635945143
1705549959
820559653
1073426923
555066891
100002648302835
1512983527
1623167450
100001273991121
100005719390862
1166466595
1203529869
100000285792480
1046991684
1100387858
1394989562
100000920961952
100007333142418
100000914736727
1498983764
1037465905
500635622
1448954794
100000401841725
1351614087
1146072839
100001593227343
560707793
1316524474
1391966809
582727808
655638522
100003996296644
100000597441512
1129100280
1224251996
1338340782
1140113763
1031176798
1518066371
100005748163670
1191257315
519282456
100000208173535
518059294
1295111644
100002323140854
546521730
1790527482
1534457397
100000308301790
1434747271
659734688
100001317813212
581019834
1661010359
1374504616
560705792
100000076306416
100000877668181
542390450
100000584599823
1251708330
631026585
1827969775
100000103067627
1592372772
1428339104
1535927720
100000587559959
723933645
1492241163
666217268
1398002151
1478034187
1032245440
100004053788333
100002632078184
1422273599
696420748
100001001940340
713726549
1635660458
613572722
100000514080159
663946339
1031437813
833300095
1024380564
502291030
1073045422
100002243274688
1101895299
1417403916
510866118
100000241246472
1465030418
100000385631635
825400524
100002390433156
100001347123893
610599117
583701846
100004694702325
1382378304
100002768715235
100000377081661
100001021657473
100001468603754
1221474156
1554850660
1576445279
1416504440
710848724
100003110771637
836045450
100000921698609
100001003191839
100006844117882
1319436454
100005831892915
100000750801567
100000057189552
100002156506157
1660188483
100002136667495
100007182010185
1272549995
100000674480996
100004572156867
100000108803496
758760376
1283801538
502853179
100000831841312
100000892129030
100003750660752
1552933873
1390274733
100002309297959
100000126750331
100000825634819
875860156
553615015
1351982193
1510854029
1318477336
1425510029
1144522689
100000202466258
1093326598
100000500350040
1837436613
848554340
1321941227
1369967163
1600520630
100005119300057
1834832439
100000755068325
100000012980077
100002420434242
100007435805136
548063973
667302985
1646223909
515968196
100003744300377
1453813641
795488885
609718201
1560169911
1559207066
100001296686580
771435312
100007257271518
826538566
1192447222
1581596114
1328107402
514470869
662550580
100000629355282
1681719228
635695388
1275104829
1665397698
1228876598
100000165758782
47202721
100002484744562
100301218
1835108102
1152826583
100002989421383
100002193701998
100001596434260
100001614941670
1262239317
100000971689870
705004895
100000574301879
1324434096
100002476432030
100000451391312
1134585383
1053292321
1095651244
100003748528883
1044265737
100001083240043
100000662032660
100006837395630
1518550770
1099922268
1263962717
1608223536
1438312403
519339193
1239099386
1490522472
1183637418
1406381703
100000059736038
1414233545
1221922149
100002250593723
100000454251574
100001073825302
100000771121203
1528605226
100002659528369
763649273
100007009361010
1435219059
100004566033683
100007124949344
100003489032182
1185965591
1580362125
100000044539190
1267086753
734985715
100007060303480
712541677
100000084101735
505730620
100001042028791
507815780
100001438003347
100000132156185
1312408005
1747428541
1249587875
672990524
100000181789077
513173287
100006706927266
518753551
726741000
100000438489535
1092144260
540777856
100006090068757
100006059383511
1620125349
1807634567
1817422234
1547407964
1577683225
1514212842
1378073223
100005780052169
100001690105215
1324764125
100001840962538
100000419496189
694584100
1307952932
194803204
1404725962
1033885157
32309263
100004411177697
692569753
1208431527
1215843485
734985399
100001918215391
100002351736758
100001485473526
100000511816683
1057067292
100001199346421
100002594961971
100000287509919
100002465842277
100001372138746
100000121114431
1480119278
100000072373347
100000493890673
1273477892
589976420
100002029729478
574249295
1015363385
100001505329641
1619808912
1312782248
1202179973
100000007031702
1107044338
1475919233
100001335980706
100000182476493
1217823966
1246824016
100000624280574
1058834451
1661692364
100001988573703
630714480
1803153306
663340100
622222859
7718764
1086981424
1224930091
100000983014180
1341790484
100003561631584
100005598311618
1616851832
100005915741776
100000499441345
100000767021612
100000089493035
100000484848228
100002760740539
1723824558
100003999837282
100000584486430
1295228614
547165831
100000901782888
1022865570
100000412426453
1593342503
100000524801413
1613107925
100000174967037
100003589068414
542373020
1067702612
100001397174974
684538875
100001194432925
510539728
1247286795
666853263
100003263404297
100000191303862
100002134164406
100001058468427
100000649087635
100001723973563
809635246
100005216195115
502901545
1079295984
831444024
100000198747407
100007074699220
744447405
100000100923692
100006598567213
100000474104383
803825437
100000174960284
1605514989
100004257010150
679485480
100002184819395
1350542249
1482987209
100000226370470
1324795438
100000957940221
100005803239981
100003278046099
1505267637
501097963
100004101528513
1620011984
100003548067886
1118408278
100000799242270
800105384
1661245524
100000065089056
100000221533267
100000464403614
1233934661
1013622508
714483182
1344283937
1673520140
1136483785
1786957409
691220662
100000212606312
1168908488
100007060620334
100000726393988
100000636494582
1325748587
1658623248
100001205041483
100000383589016
1432542043
1461967208
1413143203
100000989435813
565702300
522671713
100004630183112
1028456958
100000019236970
737370029
100005255262908
100000793246239
543555737
100002583469114
100006250149647
1253381767
663094285
723012378
100000127606458
100000599866115
1044454879
1195801178
511314327
1557978936
100001140815157
100006775090515
100000708079613
100000347674519
100006581800571
1542862602
1782861954
1465534091
100001262041309
100000024040359
1330890999
100004159809663
1105002482
100001624092342
1714048400
682550169
1409089843
1412351893
100002563842173
595176731
1202174377
1340881270
100000361251103
100000587572344
100000691387899
100001311285876
1680464671
100001026739015
771826154
1470562446
1347134286
100001479327327
1017549631
100000186062729
100007058438149
100000718192642
36000554
1247122101
100000731366331
1556469005
621249484
100000546170808
588127369
1026424417
1075216622
100000252456247
1205270452
1130040230
100002689753167
513399439
100003812725479
619255180
100005212363360
1625885135
1043954625
100003018294269
1114592251
1438269007
1347567196
1312045620
100000126632607
1000054572
1166638304
100003787273538
100003647482250
653191443
1748374400
1280714840
100000862382469
540905054
100002426015160
1448467330
100002964633118
1168635922
1500033833
100001208488809
100000642002685
1048296592
100000675174148
100001129927508
100003189453303
100004013626350
1837812579
1816549315
100000481202726
100001612071617
602110226
89601599
100003310647835
100001761607527
750215794
53500448
100000626448203
633969076
100007496375873
100000081889150
1644223486
1389278695
100000040363215
100001075035386
741732893
100001987209954
100001116342036
100001721867467
1537794765
100000292576407
1522536277
1109911987
100000138325647
100002502484113
100001600324440
100000941200990
100000322269725
715566839
1464319648
1507092331
633906094
100001070036403
100003255914036
1566536417
100003977568279
524957711
20703348
1681586787
100004909932570
1079491082
1640530107
100000208532588
100002067025278
1359167130
639136650
100000916441832
1296487444
1484274422
100000069771113
1302564677
1640823475
1203497433
100001500563071
1068511499
100000559176921
1432586759
100000713351311
100000679113194
759046163
1233094252
100000130502397
100005639592835
100001834939443
1277719971
100002870872114
100000496959012
100003594711914
1074753982
1105642037
33701264
1644152320
100000974348417
100003260937544
1515310613
100001252682639
792220908
205700455
100000145615309
1447980177
1094388295
1820206092
100001596578913
1153419080
100001034301455
100007013525334
671931358
1505653936
100000529663468
100000804316783
100004658250998
699387649
100004091693604
100005317143543
26519762
1514847513
1744947853
551105226
1194763022
100000096982807
663581984
1324972228
512885179
100002132918166
626385499
1710211871
1168959723
1177488363
100006136570614
100001220681132
1351853296
100000968192736
100006380649369
100007475643205
542008039
100000460376169
100006482050910
544870220
1081447972
625511706
1486761351
100000205242053
100006486073529
1083580815
1701459803
675129095
745345832
1241490507
100004096784875
1761163071
770741616
1376408236
100004664227989
100006413255606
100000556531443
100000726891761
644873401
1102112227
100000737286108
516075539
1536455215
100000071059263
68123769
100005053530577
820360281
100000027831727
1815558253
1087879341
1075920269
597765186
100007286644731
100005055783311
1486563650
1758120711
100003933876152
100000305087266
1047766824
553036607
100002084214830
100004167937366
100006785073269
100001227361713
786657648
1389282964
1247626914
1223183736
100006105188272
668755131
100000479306887
742013387
100001257111651
1229634961
572215476
1632993980
100003345152516
1300031637
100000939132424
1841914718
100000872004190
1398876920
100004739921689
1524761779
1424664171
734799392
100000080872445
100000497059777
1389008822
1376814517
100001466149390
1203906200
530203494
1197513819
100000726660759
647500744
100000399436743
100006981546149
1106965410
100006580142684
1334822681
100002429132031
699058272
100003942651338
100000259159490
100000315304369
100007416484584
100001040923149
500813839
1644590952
100007205291175
100001041099359
100007148465513
1110678848
638823150
829120187
721593718
1201746302
1028626843
100000473331936
1841566010
100000579206320
100002249161183
640576869
100000105472857
100000377740981
100004782426275
1071738856
1257341888
610614553
1181654698
707180205
100002129025188
100000029502229
603816177
539836992
1386956368
1364557310
507998116
1428064331
1567213800
100004480989757
1787548598
1665432836
1765058252
100000620955098
515876976
532670328
1337818884
1608620577
100000442717817
1847259619
100004950482036
100005062420457
1443764236
1104894591
569526436
1333002419
100006528785208
100007334713112
100000959137378
1424918147
1586280144
100002319826825
1240470534
100000043392108
100000429715657
1636100235
1131153753
513512412
100005586851672
100003726118747
502047915
100001231895204
100000125486357
100002971451497
100002968145880
100002361502752
100001273101078
1086492732
1098771524
1231657362
100000248733199
100004189898786
501085676
100005526303491
100000378533608
565915614
581221924
100000803301633
100001906060721
100000823890059
100000101990077
100001445513837
1428034303
1056332870
1493717305
1647937732
787269923
618146026
1587544589
1344035655
100003468300370
1036448198
712574256
100001672173885
100002254761066
100000091269805
100003056716813
1175922150
1140031922
100000787426961
100000578124570
100002217598540
1026059299
745832165
1724002762
1208864501
662373365
1288189074
100006703724145
1554535158
100000188101340
1583605340
100004559953597
100001868493463
100000755957009
1003598296
504203232
100006490171609
100000470007293
1192075387
1447640286
1292398067
100000300419125
1648491445
607156820
100000035188154
100000128116197
1339814209
518680658
1372970735
1072385501
100007128933289
811402565
100001839485983
1107578838
100001130994356
1404260632
100003164645973
1841717381
1157435542
551360269
1765962037
100000299581533
1396006469
100000406789911
1548400924
100000048528544
100000869350981
1088772910
100000122194024
100006967543082
1048835764
1657185123
1111506976
1837416513
100004670982066
1569416851
600981515
100000635230295
1076617201
1416784299
392527964161920
100000009078649
100001150153092
100000440532275
607983096
1333288802
100004405779632
678334105
1202701757
100000011750284
1350696318
1250770154
100002245209091
778610110
1213242008
1457724724
1662511330
1831663938
100002626189679
506076702
1152601128
1407520205
206402226
100000562999651
100000999309431
1621995256
100002459130809
1594557716
100000914824010
1348844756
100003889687853
569677726
512492924
100000234859513
1269453270
100006265896721
1205461845
1141615850
66901339
506456815
1022663746
100002542470898
100000615211371
563507218
100000163899919
1500330490
100004523071093
842100101
100003554931225
1792005906
100006133598618
1442043052
100000413882228
100003570661980
100004563547388
1367924381
100006818885144
100000435588903
100002427109698
1416289977
100000001450279
1355125447
1661775920
100000104917022
100000975048297
100000288987598
100000105800013
722985441
100000373771005
1443373189
100002105671354
1179715237
144701044
1497861384
1443980607
100002868095948
1162779318
1041614480
100002109891469
623023408
1391393998
637715627
1720882592
100000646758878
1045566424
1009524926
100000812589976
757058139
100000432241467
1394313814
1083630969
686646931
100002944342977
100001145786303
1821871144
100003501460664
1282792106
556219811
100000121748627
1071240133
100000777018693
1316913777
1370706458
100000455508251
1071212614
1053097021
100000775054420
100000597910846
100000682730481
100000275236794
1448515335367180
100001282675309
100003651951835
1411098731
100000554275376
100001012754513
100001786067650
100004742374409
100000681312144
654842650
680185663
100007281224452
100002589837275
100003696538266
1410907967
100000163822708
1476728975
1071904932
100000422171091
773734266
100002015740790
537866627
100000669072282
1294137279
100002462327600
1161197952
1484177265
18415128
1676420831
100007541164543
632465405
100000436887393
1132562642
1600656964
1732080211
100005961425421
100001874658834
1491918433
728529350
1175932125
706579225
1578225139
1241782932
100000605722694
100002571965497
708480437
1410046047
48502143
698236913
1444696460
639309697
756789536
100000696376168
665471075
1169362230
1322176341
1567636820
1632687823
728388723
100000582860151
1383793557
515029406
100007464191674
1246291489
1584261096
100000330186099
1412605685
1043439700
100001125278255
1615300532
545610440
100003792535918
1725538390
100000143507478
100000900736738
1412006544
1715967660
1322310246
100001057322759
1639337530
100001229055306
100004111170271
100000174791703
100002162936152
1836670281
1086402667
100000826389014
100002432464643
100000751055941
560260018
1226632060
1213750671
618278403
100001055306004
100001292352171
100000257091865
100001324385378
100000369816270
1448504074
100002723704495
1026132609
704436102
100000377702730
100001439979363
1460627658
1394200216
560089151
1286393494
1369422044
100003015291689
1250887116
100000155703059
14203860
100001729386323
100005921529078
1442502438
100000062841829
510586531
1454833772
100003514770719
766147624
720205837
1492470681
1642989901
100001520679398
100000495274071
1292772849
100000318197337
100002547833478
100000483459557
676353136
1237344512
1014696758
1411962575
100000392857589
100002561450784
1002402086
1126763461
100000665263800
100003018804440
100006366700420
1394673689
662546612
519617428
1150706731
1002886811
100001192119117
1094035421
1128055775
781820503
1235526960
100000015518071
100002569124337
1300597533
750520300
100003576244455
29700428
100001535313945
100000399949196
100000359760492
536418085
100000729128304
100006811330814
134673523229552
100005586307099
1167729281
100001162839393
613654540
861030407
69204050
100003465431287
100002233837892
100006546616335
100000169479132
1250755484
100000258197535
100001199220776
587249926
514100355
100000540664930
1416911671
1141147709
1255508916
100000551526023
1494163247
1590507153
571282380
1627573717
1327164753
1248169723
100005320622756
100001984163571
651384313
527160500
100000478401309
1400217681
627195145
100000156228367
100000141670760
1443213902
1798856532
1543912961
638497910
100005828741023
1037266099
100000743240029
824563138
100002931876730
1438182471
1245282813
100001850717174
100003620190346
1386772491
100001544426313
100000000524440
1414748978
100002427191691
100000343700828
100001910262432
100000253857105
100000706748250
100002534450236
100001696284312
1320806561
733540399
1018035486
100003383031391
638163746
1302344940
100000916625828
1588320971
1765389020
100001009406535
1164920806
1576162211
1306131762
1816827443
1244364991
1125468814
1199137677
100001659970769
525007166
1373929599
505634158
515177585
100001025965047
100000545411398
1295391713
1848635415
555010294
1188892259
516163041
100001928414804
100001221798608
100002127280968
100000115639722
1521037848
1676400044
1817750996
100000631638814
100000564284519
1234929045
731363161
100003602400142
1605772824
100000549274962
100002573447287
1416998751
100000041758281
100000961493726
100000966260783
100003551257359
1431709374
100000684172607
100003058622828
1523505138
1549501874
727837192
1408201511
1321370795
100003322059395
1586986186
1252213983
705019706
100001353533181
1560799218
833672821
1368559910
502579467
1024622578
1717588620
100002207807182
1820871770
1039952340
1183732615
100002142648355
25709128
590405018
100000037815217
1647406004
100006931331178
100001574337695
100002458291205
1256826758
100000982912226
519289092
100000333094604
100003075032102
100000060990779
721784093
100001601850100
1091637663
100000479520361
631271110
605045524
783709791
1176739456
1252650225
100001371530629
100005235343195
100001748688360
1558690312
100002994177442
100000482775702
100000933008066
100001768220591
100005209571878
100000160730722
1281298033
1664705208
681809612
100003082736096
206301449
100000493114518
1354004683
664334852
1465741576
1384002274
1202206260
1321068867
100006802863972
858740065
100000813637079
1298943671
100000010400395
1294535451
100004056374093
650830315
100002162588809
100004074422887
576932881
100004957654896
100003401922534
100006073771407
100000109624935
692819368
100001434777966
100001173968945
100006901363466
707720385
1029547878
1738621192
100003110831094
100000333826533
100000424394438
100001919131730
1239009885
1620472774
757682506
100001352940411
514920377
1635011059
100002638106488
1784431855
1226094469
100001415389176
100002195434934
100000749844085
1324331893
100002902046748
1227171486
1643462303
1515604876
100000858546898
100005173923630
100000886931861
1821186869
1341254757
100005500893992
100001034650657
100002237196294
100000297873791
100000377891766
624772693
1446986688
100005394132244
1022895215
520169623
552611622
56200362
1371831657
585653626
1263404237
100000452070184
641438154
100006997239569
100006680171064
100000254804846
549121238
615716197
100001412991411
729388185
100003065326379
100001240894470
505799740
100000060231647
1825505705
100006534317161
1484025628
100000119875448
1370521191
1108638956
100003234358238
732406221
100001687999193
100001285313462
100000457776240
1271315213
832315383
534220968
999935640
702947519
100001776255427
1107128995
1414683541
705425345
100000363656866
849785174
100000592444153
504508177
1411022846
1628250864
1775031575
1795175634
100001245382075
1197943969
1602007715
712935257
1045122224
582783732
1009777861
681051503
100002403364542
36504123
615936868
1440313842
100000373877063
1490473382
100000364284723
100000269146379
100000399777418
100003667068895
1835106658
1305071453
772633952
100003994996290
100004454916860
100000424580486
100006718563131
1500924002
586350312
1315331714
1333887603
100001061174718
100004071651445
1388904093
627661271
1318462743
100000604275644
1054657213
1517446902
100002960122111
1633407782
1727849129
100000549396901
1344782012
100000124222642
1244797868
1247584673
100000946844961
511252932
100001126427167
1424235908
100000668785976
1822253748
100004334948864
531110144
100003841956460
783858760
100005491113354
100000742331679
100000448562491
100000473464715
1281202911
100000110652830
100000933174116
1118111614
1232543005
100000523998165
100000978131929
100000711098412
515796880
1393224524
1365049302
642200522
718466245
100000826233046
733695398
1518707175
1477011135
100001368016248
100006292182431
100001433281265
741985303
792210440
100000323047529
100001212069797
100001357567162
100000738263917
1669343131
100007125339003
100000521174833
588268499
1037883414
1088392820
895180219
100000304040614
729017425
747481054
100001067301277
683225343
1699198262
100001422464075
1511886913
100002146162818
100005644896181
1788548125
843693679
100001477432447
519265763
579481510
1323991804
1704720841
698197583
1497934622
1728987663
1424231046
501027077
1320824261
100001322281532
100000940161147
100007107575356
100000542835442
1550359240
100006562507875
572223940
100002118821126
754987534
100000361983952
1699699471
670075263
100000331345220
1471852400
100001388083265
512273230
100002100717342
100005396855903
1353566588
1031886987
100003979328564
100003774524411
1422946624
100007602097204
100005486290181
1361889916
100003488989474
100000049961398
763144454
100000338278941
100004840964029
100000192668849
1025950890
100007400583647
1175742817
1108057280
1726224851
1594310330
1154251038
100000209770222
100001575513850
100000542124188
1629874571
100004725607454
100000745871814
1238812205
100007568913874
100006198788385
100000155061246
1405345960
100006462173050
1744472813
100000274089201
1260176830
100006761173224
511984545
1390153935
1034182250
100000115339575
100003257574865
1339866118
656897577
100000915986147
100002353005925
100000673711204
1035780352
1273917810
100001269708922
100000048848347
100000654316200
100003522052753
100000047336378
100000368977859
100001242692983
1750607392
100003528493539
1654490023
1085346234
787034975
100001223980513
1422604162
626260372
100000266498819
100000515483568
100006042094954
100000344641781
541297626
1121845124
100002288192913
100000698869158
1122995920
100002821585841
100000016915911
725795956
1208756501
513173560
1580254836
100000695542510
1580310018
100002995117342
100000216572489
100001073763308
100001031526380
1274771726
1540774689
808193676
100002569993932
100001677452312
642646690
1040905663
100005021102638
100001980640668
1823553983
1629887148
509647668
100000218507633
1487242577
654675242
100000411474194
1460532081
1558821293
702676535
1249076306
1460141817
1276047777
100000772262189
619636414
100000353111795
1690921671
1277070366
1799200762
100000197117958
100007452194124
515181473
1354964366
1127871140
12302831
100004473781487
1188783073
100003170169611
1540140460
1426308872
640277199
100000936053643
643273625
1222954786
100002148725203
1462873407
1263722336
1623043357
100001019539125
100000722033341
1435012808
1303527774
100000585669011
1592496187
100000449660541
766220037
100002219321142
1275875987
1387797643
1136846059
1572234011
1442808280
1398234785
100000248618042
789047829
601261083
100004332224207
1845702887
584269302
1745512801
100005109934305
549541131
100001246025508
100000585968193
1832953868
1178655005
100000353181070
1395463932
1176686563
100000510888923
100003047202496
1238260127
62903290
100000128511759
100000394497848
100006346449866
1252777789
805451068
606849579
670698249
100007167189378
100000301815874
9415916
509185255
1648875857
100002926546593
1606740354
100000480144480
100000168886684
622600830
1827765190
100000239233757
500980010
100002988087119
623416344
631137371
100000286944548
100002452507686
100004325290328
100005261493598
100005395572337
650790107
100000118287710
1335259137
692896487
100000637994984
595646200
1215382717
1336744091
552521372
1338925317
651566934
100000922669418
100000304157279
100000379494751
1323771064
100000116015418
100002808268738
611900439
100004987236790
1098480209
1609134938
100000207190214
1177197292
1672279073
1516711418
535303051
1816398991
100000724340572
100000590295723
857635306
1817206367
1671799993
1638440743
1810297885
765169908
100003090418207
761555603
100000576504025
877815503
1471032661
657531059
1387399456
1522389853
1469720556
550472107
1223580399
100000497889256
100001097105766
700284518
1783056492
1068121854
1523406660
100001816334091
697417618
1190022725
710290428
610054230
100000850661992
1488515223
100007176550967
71307228
100000087923327
1301086456
100002946531905
1097168529
100000103367603
1702363477
100005272295096
100006419160817
100001409961763
1492373713
100000783624560
1627790314
826480321
1507253961
100000008325119
1061065884
100001651031676
19604336
100000611672846
1674645946
524120919
1747218868
621394096
532040587
100000836594152
100002339150489
660812942
100001629872859
100007465179861
611818607
100002188301426
1708978318
1667400374
100001988693515
100001112081743
555268058
100004081003535
100000128172469
1353463576
1303961079
708425737
100003145626547
1469654182
100001347762322
100000169265560
1796619679
1501473728
1360691064
847414790
100000672991033
1733935026
543036290
100001800977351
1678663777
1279530020
1034318719
100002113401065
100007440421023
100000727852737
100001710263391
618158693
100005474949867
100000550981485
100000085800366
1009770155
594747035
100001713862193
569536539795196
1073983168
657523024
100001609449458
100001743404006
100000051765740
1516291524
1485841831
1653796786
100004913348847
100005003772642
100000624251219
1227710252
679343980
100002349611623
100003398364651
100005304613268
100000341407560
1459832889
100001269471439
568543728
100000802305240
1084593577
100007230100116
100000914773872
1408158086
100001249758127
100000602271605
1009804701
1051385567
100002378178463
547184540
100003688509946
100002467117169
100000361384582
1371188347
100006870423656
100000409107477
100000337755700
100004712256010
100002257035751
100000306211016
1205198295
100007182245211
1653507302
1586892338
1580517778
563244108
813599527
586356765
100000055843920
100002365975606
827635222
100002238340506
100003900813176
592121283
100003641943530
100006399159958
100000283004870
1168765546
747609102
100000135331491
100007357663404
1295681129
100000605553178
100000629826158
100003556362291
100000514157196
100000258180798
1021861477
100001039193424
508140508
614774387
100004467913585
840800262
1682245859
1638722392
100000172447729
535161793
100000144977807
57205173
100006358476016
1837149815
1207202785
100000406024562
678378812
100000689901061
651341790
609495023
1700722539
1632923409
1253132220
1190686339
1443032499
1662341999
1124453526
100000403243623
100000768534179
1830256440
1209893569
1089071676
634466489
1115364245
1175860072
514120414
809974617
1090945542
100000456123889
1048498186
1292997777
712914219
1353343974
1549520029
776017947
509714688
693767401
100003591133264
601004805
100000240942421
1073886239
100003772892002
1462631751
1694375817
1430753763
100001027593924
100001910210094
627196850
625235968
1552896749
100000691923407
100001623851183
100003654098769
100003012337805
883165606
100005359721969
100005645076566
100003373962954
790695643
100006539670823
1375159545
1022907645
100006405283942
664393802
100000624482570
100002740762076
1652184791
1278935192
1041595907
100001115599394
1329951389
1208032197
1404172629
100001887998793
100005093617360
1350263305
100000207700327
1826516909
1165797945
100000566353232
830848146
711721804
703736556
100001078425596
1169793330
100000969365269
100000291109434
100005152988248
1534741041
100000465961697
596061089
47509639
1657375273
1342057840
100000101282397
100000497597707
1411359428
1591342311
100000543306449
100003654862714
100000573825442
1163193760
1395589057
1333565376
1550612659
1080557786
1677790926
100000731998166
530931268
1213385250
1843215843
1214243434
549404710
1014876162
1133582940
100001862186523
1053202314
1357501827
100001354283275
1147343844
558004025
1342958217
1530204337
1245140299
1307737082
728026953
1841120964
689153246
1469117752
100000225291695
100000604315554
100006857287042
571186069
737260115
100002155571259
1054241225
717627031
732066116
100000312511796
501171084
1314099036
1540411949
503208696
504925560
100000923811671
1137152355
100000046375009
620434683
100001087305596
1653603774
100006503046980
673731161
1256750845
1755518734
100000933092476
100002191450218
1517681654
100000414831707
100001503313450
100000131153622
100000427479605
515177305
540611890
1147248990
1286436791
1041380146
100000496374113
1429535122
775550244
1021759925
733840041
100000472451657
1750716153
710142498
762240283
100006972968094
1840163863
788294166
100006283688909
100001048480135
100001873974452
100001517095961
1736518413
100000139189600
690000099
100000859075299
100000207713979
603815087
1302225889
100003764744181
100002587537142
693804224
100000201698892
1053815436
1684549866
100001162134786
100003196075571
1185938482
1116177440
1752151285
100000092273692
100000181634421
100004240689958
1228774744
100000427966070
589326006
100000717620451
1131780896
1036569877
591878198
1369185557
100006648154640
1027006060
100004665812171
100002174565903
1191696300
714878435
723939752
551688583
576050563
68100289
1666690219
712222952
100001679854967
1128851506
1333691758
1652405155
1833620457
100000758225055
100000053839374
100000190987677
516225891
213000792
100000649844265
507248274
100003963099846
100000499478032
696317896
100006154143050
100003309839060
100001390670644
1166387769
100000833068712
573662970
1452685555
1074930384
1439672530
100000354473673
100007278422016
100001662212994
100000259091121
1584067159
100004564422537
100007317459111
100002828997050
100000960308533
610835447
100003466149183
100001389192711
1812837659
100003014839415
1182919718
1043502667
100003275499812
1050243059
518255263
634288931
1018167127
100000700513632
1553290722
100000286476244
1141952774
100001217661355
100000084000220
100002939171683
100000653513382
100005153613267
100002983921143
100000936637663
1590443403
100002282475784
532545570
598251371
1692020459
726108743
1621145836
100004911274369
100001796194248
1834246314
623642947
1424060355
1265470262
100002514324694
100000344411387
594102451
100000380331040
100000588366857
100003807080751
693268146
100000308494558
100002009890698
100000038697807
1232982262
1522543818
1575914090
100001206883700
1848969600
1444339950
1106894542
100002557677515
100001549126236
594464897
100000522722664
100002512102457
100004786415447
100002747371222
100004315155053
500839623
1068558391
1444425315
621996960
1033264224
1480261840
693967973
886790592
100000912172835
1592986683
100007265320345
100005414346952
501020175
100000210812968
1557387408
100000060961718
1642989510
100001379536095
215903695
100001839348192
1253507189
1390077520
531699336
1511345359
1548907783
549198756
513909502
100007218012463
1797747472
100003600757977
100000628328369
1027455590
100005453082929
100001265296876
1662920568
1747232994
50504435
100000564206437
100000243293108
1800138665
100003253770203
100000055615021
1678970629
100000531591877
1178403280
100003783065258
100006235230855
100001418640317
100002677321732
642096224
662563167
1032177228
1370316813
100000744566913
700269792
1629990770
1323211231
649743796
100000190706395
100004871531868
1103274266
789339055
1492284461
1286102387
1199425234
100000477739993
1504324622
100000135435840
100003943801991
518032447
727335358
100000123810295
1837628223
1325666298
1666857650
654679328
100000360246494
100006430933921
563121516
808935550
1586427479
603431797
100001424646339
705991301
1109902980
1078147875
1146633126
649708331
1621407088
1402091828
1406207080
1477640506
662983082
1197177578
1790528086
100001180518656
1296068043
1322991230
100000193852465
541623491
100001477461725
745647164
100003785739001
559659537
1648369998
1369807614
1483699678
100002606739158
1661654047
100003555656023
1341770385
665845533
100000155212762
1422400462
100007280436985
100001395922691
1476251450
1356246993
686869515
100000731979421
673109688
509742407
14816334
1528239549
100004588415939
100001582051110
1022350110
688611685
1503491937
100002679863029
1589808179
648716599
100000609602207
1390306088
1309569762
100001928289822
1630662422
1603066842
1575918319
1557004602
778173199
100000094284340
1312067775
774248614
100001523266272
1680025495
1363707309
523284788
100000985970062
799355485
657357033
728326077
1021023227
566975660
513656041
100000234990773
1279136754
1538550634
587861163
100000918891760
100003615894929
1504191761
100001221158038
612123811
100000210144526
647062462
1174306632
539107607
100007425368983
100000108844732
1517533678
557420904
1683588441
1637456828
1720762159
100000448740479
1587116540
100000060619155
100004232623912
100000550521742
100002315383879
100001577205286
100001616078346
653610548
1474951977
100000556942448
698592206
668584516
666636212
671442682
1305289222
100001733752956
1330895196
1750240607
100000203520209
833070340
100006216215213
1195771405
100007461031292
100003728921989
100001037730125
1424685189
1293206393
100000625683724
100000744058118
501035749
100000896803169
1196529532
100000022113919
756554531
100001352372893
1258415127
1166076486
100003060955310
635416950
100007122729062
1540208491
100002796083349
100000166594118
1175207371
1479802096
100000603093116
100000978910310
100000592824608
767644514
1171068964
560983671
674287267
758308496
738309902
100006614166647
100004143991457
1330147403
100001250949058
100002493671469
635768356
704430383
1414992588
510615720
530859077
100000712307093
1158124712
1343701314
1334473343
100001249897971
100000551231270
100006709124583
1644963760
100005770205548
1077902280
100000818036857
663960774
1484815653
100000212600166
100002340575083
100002365263850
880915227
100000213671417
100004626061415
789971163
100000152880031
100004133346283
100000575670975
100000390052202
1141294225
1174967755
100000259373674
572053398
100004398783222
1256360888
1815454755
1839625710
529470514
1250786981
100003219457917
788062763
1071380050
100004215520924
100000259578260
1318616315
100005862392563
100000177107723
100001938138859
100002351535482
1363628490
657323525
1168301273
520871115
100001170524524
100001854694339
647595352
1506997195
100001526346202
100001691149820
100000329211680
769337779
100005848572788
1671005129
1776537616
790129703
1358365416
100000855505846
100000706636146
524375115
100004171982212
100000570257989
100006532476896
578331328
100000072162299
100000238862239
1745681679
1167448412
1467003041
598010365
100002604159090
100000363622838
1352657449
100001399377064
1301376290
1491267604
563889941
1149166383
1241472028
1601801635
1441147172
100000281393594
100000223261773
100000586968302
100001042691187
100007448886840
