100004085735161
716917089
1069736038
100000172873503
100002519303506
339287982815933
1710395231
100000593412210
100003994793518
100002940321207
1151706790
100000620178057
561545871
100002951345778
100000346862632
100002231544381
100000770463150
100001740925244
1157671751
224138547620272
100002460101710
100000818444442
100001055697720
100000254707569
100003350231933
590806222
100001075891374
100001361241893
100003252774576
1792194378
100000812302253
100000576035883
100000587675179
100000592843563
100000078758235
384796798265740
1639898210
100003016948891
100000632094131
1071910947
100001567401482
777863362
100001440758532
1802241532
100001768426103
100001667707252
100003375283176
100001107925398
1700040273
100003856010435
100003317022750
100002435748175
100002368243047
1350038607
1753225078
613803855
100000982329894
100001260245419
100001473887182
1145886882
528962887
679062004
1516825866
1216853929
640968329
100003784934048
100000745974903
100004176335495
100000158312938
100005186408100
1088365633
100001233366673
502163512
100001272013832
100001658952375
100003611131143
98400699
1510741950
100003070288955
570387097
1441356607
521803697
100003285368798
100001067991526
100000757362863
100000366846298
1260761907
100000000962584
100001476686641
100003223093304
100000576109589
100001909115366
795979921
548787037
100002736656873
768965817
100000199058182
684573860
710571706
1416938884
100000053001534
100002259610211
100001066706713
100003273525746
100000395037167
100000253629318
100003467059610
100000926839785
100003399283596
100003017351764
100003510789086
1138677752
1277302472
100000102481611
100000234936233
100002300674230
100004166353484
1596438627
100002936732856
100000044925066
1416250878
100003118596274
100001418708393
100002386012703
1387483856
540489649
570553534
1309121361
100003503221980
100000152807092
100002128904534
100002097232644
1822881100
100000815780530
100003218908442
1369950544
100003597100959
100000866200332
1489572762
100001957987470
1032662177
100001294894153
100001403653863
705371103
100000563304323
100000999000214
100003587804376
100004044217968
510323346
100001484177642
100001471218426
100004433404616
100003096771387
100000545591165
100000425699077
100002945631650
1524071682
1095336321
100001213184053
100001492064574
1216187670
100001842340348
1449594558
100003309248430
100000852536162
100001798533355
1302430045
526385979
100003187910780
512750549
100002785317277
1113903757
1466574332
100003541651548
100003262129742
1522600911
100004296930799
100000438095853
1822374087
100002900671604
100000161709061
133983489990827
100000440897270
100001424769517
1609112272
100000654187577
100002374222405
100003306795598
100001554323708
100001495075763
100000774670334
100001626005626
100001804951588
609186147
100001673756250
100003484179652
100000749612789
1234598013
100000073618098
100003856871136
134842703296537
100000599038024
1170764309
100000355957411
100003265848409
100002134146357
100001255848912
100000208965293
1218404927
100002226610692
689239243
100001465717439
100000037754287
100003327333813
100000727922112
732195259
100000540426669
1413540212
100004058232163
100000588039776
100003469092097
580753988
100002556292325
100003046089199
100000723684915
100003129242158
100001519499156
1265930863
100003730581351
1469953995
100001481887583
1214205676
100001676059358
100002259756524
100004019774810
100000191437553
100001916492737
100003689657994
100001966357954
597420139
1200515481
1020449825
1270838895
1743384948
1025438126
100002171822114
1377012817
1678435618
100001923162666
1052689842
1704861042
100000365952486
100000961472432
100000136572059
1145490373
1612140858
1290183815
100003235265663
100000546754206
100003860735475
100001209213364
100004034633816
1756894618
100003140682534
1099070544
100002486338888
100000333442957
100002413688528
100002128219584
100002312931508
1183127276
1416402002
100000142767166
100002234165549
588108378
100001190979784
100001703603680
626705921
1062791057
100002504040916
100002081953135
100003874528278
1699081325
100001635567614
617145534
100000957630301
610805019
100002948545882
100000527341396
100002222834685
100002694458744
645174832
1449364573
100000208283819
100003594681066
100000302467489
100003388865435
1271651431
100002960153743
100001129807559
100001674897665
1614776507
100000482177971
100002467339952
100004032796636
100002359446172
100002283332092
100000944835657
100002293421659
100001052889895
100003257801839
100000571704601
100002526404964
100004050022495
100000696464987
100002684114352
100001007123720
1454866627
100003837518971
100002468936068
1517989517
100003333895372
100001307905852
100000920511753
1530535977
1598214264
100001047483104
100000599762443
100003359365201
100002988223855
100000571922603
100002271695796
1651707616
100003604497570
100003191356825
1412858150
100003501872860
1226735002
100000151678513
1093446462
100001830253014
100003499900672
625792761
100001452883204
100002732401836
1375734157
100001865132717
100000487475077
100002061047582
100000508465789
100000962053682
621308826
100003820894708
100003685455750
100003397133861
100000573455915
100000615641363
100000989850534
1220932533
1321036102
100003790773622
100002638085134
100003073598351
100002304064377
100000801339895
100000724459399
100002227767817
100000233211474
100000899431452
1103173681
100001017192862
1449222752
100002877049615
1635984408
100001792643476
100003851425906
100000487357950
100002094751256
1360382586
656370123
100000153744630
1511076250
100002479504305
100001226116637
100001812543518
100003320490654
100004019030009
100002400927729
100003021525681
513409820
100003307064532
1484812214
1209191442
100002268802637
100000616837736
100002215936313
100000328528402
100003731924256
191078737681649
100000395143514
100002818641598
100000569727639
100002867149160
100000315633952
100000294357595
1419157775
100004284848283
100001615690495
773408034
100001041536157
100000763974996
100004167991657
100003130072606
100002151488446
100000603545108
100000245644336
100003312184043
100003173570863
100003338629130
100002721845520
100003078220721
1321047173
100002072487148
100001818279868
100002253428056
100000669277318
100004027459884
722861210
100001276891331
100002311973604
100003187156296
100000508601405
100001532556590
100003473391351
100001428889869
100000922781382
1727965088
100001733898176
100001294313074
100003533731057
505962563
1412127295
100001226524133
100001201654457
100000917171697
1597879395
100003591483596
728844041
100000988165780
100000116671664
1424341332
1070404674
1786130116
100000274614581
100000601168897
100002472573714
100002133227654
100000067407609
100000160499063
100003189778943
100001860140866
726076150
100001254079730
100002660324192
1406111244
100000553923811
100001926484892
602288454
100000226299094
100000541914898
1493653302
100003300705518
1013237313
518337781
100001936206384
1391701503
100001930430944
100000923830794
805925594
100000157636221
100000632250584
1585614962
1428184765
100000833024380
100003631670289
100000778661768
100000152395315
627102464
1068820878
1359626347
100003209889637
615249848
1593075070
100000673659678
659101550
100003641997394
100003332076201
100002290748076
100002247040294
100000514271692
1019351410
100004333604602
100000458350346
1160726787
100000895046573
1647782924
826356697
100001178870350
1580001133
100000617070013
100000642667474
1100444613
100002088384246
100002185142574
100001688493050
100002066657956
100003586314277
100003747695492
100004209603154
1387951184
100005645800824
1280071049
1312951270
1712962756
100004253430466
1101914324
100000203721567
1306293742
100000429814342
100003945170374
33017703
100003293924163
100002913234609
100001248441127
100001573305085
100000180796260
1116091672
100000262417667
100000597331392
100000981190290
100001313569566
1828004214
1367443866
658834271
543441917
100000781864822
579826080
100004159050290
646635282
100001352075634
100001522364330
100000477184485
100001158500707
1639123125
1780916948
1592145022
100002450023255
100000068412963
100003103642750
100001261958225
100000697335054
100002072550684
100001095421460
100001482806320
100001204519509
100001345844204
100000894076090
100000277424995
1603791972
100000980281965
100001403686322
100000573789622
100000465535902
1337701790
100000709825797
100000410306443
1471189805
1189930840
100001278028850
100002825068134
100000605118718
100000719120511
100002448045564
1020317983
100001880767550
100001762119761
100002412513677
100003180617810
525098367
100001832812072
100002192757385
100004226190202
1752991795
100000138434638
100000896742537
100002363191409
570575187
1321390113
100000656852630
100003711046869
100000281664194
100003380381461
100001294222065
1562891649
100000240938910
100001146696065
100001346184031
1121023664
526869451
100000341100846
1474024361
643766170
100003700789532
1497201777
100003667666325
1035524677
100000695800255
884865384
100000330534197
100000838172042
1155799853
100002906506826
1797118068
100001312265357
1366763598
100001112462194
1757585103
100003129328682
1157019688
1460593626
100003086901525
100001295010835
100000683541409
100003390016451
100001203741667
100000083047205
1021153866
706000154
100000396029051
100002868564588
598224794
100002490123112
1536340289
100003158288373
1499799570
1074776558
100002668702696
100001421666388
100002611965842
100000024995565
1074947556
100002351983079
540992675917699
100000332939218
650604602
100002675576175
548036793
100002057875105
100000994825353
603191835
100001389675860
100004000609678
100003196362686
1146874767
100001485822583
520771807
100004106314977
100000670181055
100001060122537
1561804463
100003535870601
100001737361285
100000641049790
1135412765
1403712633
100000493734246
678635393
180973802010892
100003333617801
100001637319910
100002270039226
100003509965605
100001625449628
723479719
100001315218889
100002983128184
1162625456
100001778600936
1096877194
589066552
100000261240536
100001353589599
35501484
100000993024129
100001770993035
100001091248766
1361501865
100003464059675
100003132040068
1691577067
100003198352741
100001997818188
1072510073
100003001628306
1437424051
100000111926933
100000583644734
100000684102487
100000155224059
1171038678
100001068977440
100004649850374
1022224855
100002599239691
100002380007677
1217517757
1178193865
100004560343618
100001453187449
100000085816679
100001968378142
100000646985192
100002086566038
100003380955713
100000139151913
100002137805615
531294015
100001041280940
100003317749554
100000466824944
100002101342359
100002542907698
553427262
100001034840946
100000223929831
1642818953
694296753
685435785
100001244033157
100001761704356
1201894489
517932489
100002827011690
100002036869967
1659155102
100002628276591
1528223859
100000230083580
100000006611750
100001344984089
100001052071658
100000329257551
100000471327448
100003226468133
100003607481579
100000491937057
1442513172
668713584
100000999157291
100000055462364
681705617
1438204249
1052274290
1799985708
100000184966767
100000492961078
1469212555
100000207729059
100002843793815
100003634983722
1021358279
100003212912760
100000836163666
1008067421
100002937405464
100003027608030
1372449496
1492703770
100001281805722
100001347512427
100003478273831
100000879783829
1644055720
100002731203155
1386431855
100002838286509
1059206703
100001505901170
100000299032196
100003286256792
100002588347776
100000136088122
100001885145048
100002120654873
100000989702460
100002370632159
100001174067844
100000388391636
100001728318422
100000162680839
100003282197616
100002422886307
100000239455232
1404045700
100002531665873
1430477972
100002737575365
100004057209088
100002381888120
100003248030254
713848011
100003627615331
100004479336651
506604301
100003100104919
100001736226778
1322442618
100000499764808
100003132961671
100001203490405
100002087844770
100001273774691
524191209
100003804722264
1538463212
100003202661054
100003855505222
1230862843
100000564740438
100000324757806
100003370641257
100003077781249
100003695574315
1065215906
100002995989241
100004069279789
100001151734125
100003549773215
591313380
640832346
100001240958519
100000655074932
100000671813842
100000055273722
100000198605975
100000245457995
100000924100004
1365035746
100000085185889
100000160653528
100001384805404
100002733204233
100000891675201
1275369599
100000299923366
540293619
1810282746
100003525268039
100000686200969
100002497163516
100002289700968
100000872914076
100003635781804
100004098981309
678376374
100002552804148
100003480910797
100000868801573
100000896215368
784202374
100000866450658
100000465991035
100002253016849
100000727334282
1208193857
100001650895466
100000385100102
100003014208573
100000603079939
581648426
100002080763017
100002329832094
779100544
100002122487597
1551398378
100000111436210
100001188905230
732687636
643289006
100001053442756
100001585016749
1322804014
100003653311453
1482196618
100006226770568
100000288334675
100001442990633
100000396955338
100000147266130
100002570335815
100000846592643
100000563555220
1496371791
100000597320430
100001178300570
100003318407618
100000733590545
716285375
100000997245323
527429759
100002790333862
100002488282656
100001262726187
100000955567313
628249645
1657095092
100004552481090
736725183
1380736468
100000059307067
1182526114
100002743566731
630114947
100001431297810
1060843113
100002508514665
1791460737
1849630654
100000676353206
1041801589
1443510580
100000507515257
100000513354539
100001705224324
100003055245112
1576580140
100003136465715
100002163761376
100003353888872
100000485412004
100003167848885
1251788907
100003754358400
100000193854235
100000572215791
100000514067938
100003499508653
100000047605471
100003261284637
100003205554128
100002294540702
100001517418696
100002437691724
100003049885109
100000215842009
1591701599
100000817884169
1038889179
100000200007978
100003070328085
100002663593972
100003317858805
1482027249
100001356905110
100000532835130
100000539955134
100004023429364
100000928604863
100001465135698
1007124806
1078791346
100003207232729
525732708
58401725
1616690941
100002434548629
100002315654182
100002904330635
100003275712229
100000634600479
100003959624453
100003220482578
1480481193
100002944797481
1391626699
100000257564918
100003730073969
1698829678
100001247261978
100000022768193
100003166156704
100003200537346
100001168474811
100001892648836
100001203806418
100001970911019
796660130
100001887967554
689351832
100000097681293
1093646855
1253377292
1543095864
1603470840
1301441992
100002299068946
1678881530
100001783321150
100002647288935
1395805453
100000732618492
100002094936964
100003065689427
1559182980
100001959858334
100000897171121
100001632146088
100002730942768
1394215023
100002028358586
100003782229495
100000170105659
1847062890
100001794172214
1379937765
100000142764482
1806902964
100003462844101
100001627603696
100000945251091
609971871
100003248320670
100001249779360
100000019512145
1460581103
1424066595
100001748103029
1142580416
100000456649122
100000439676642
675013738
1339802187
100002515824637
1442350101
528107441
100002457460596
100003613069808
776027355
1416980793
100004200793103
1664923657
100002512789019
100001507645937
100000164195791
100001284446747
646038133
100004178111012
100000484021516
1626122095
521190399
765290407
100003447833428
100003264376026
100000516105632
100000834151046
100000911275665
100000852799861
1519290943
285045711600131
624093968
176934202424227
100000854143491
100000976194355
100000162834318
100001090565359
746694953
1536140464
100001709924200
100002115592458
100000147820971
100000328103711
100001615574228
1261738273
100001085747186
100000820191549
100003242940512
1479648147
1524824675
100000617718488
100001848963075
100000591500042
661488759
1524355769
613718386
100000339636087
1174009646
525524838
100004385649504
100003078306623
100001085894471
100001548351800
714441756
100001741655187
100001549950004
100000287264960
505005414
100000652120014
1290882090
100000098393587
1569376898
100002369114879
100002725970975
100003661626211
100000602476101
1046359956
753430045
542129092
100000623346513
100000250395283
112094138945661
100001187691362
100004047229738
1664850595
100001842819470
100000090230834
625461587
100001935840158
1625693813
100002616204641
100001849168168
100000281087677
100001228756892
101439160585
100003446802367
100002429752193
100000709868472
1318951253
100000085595597
100002462255502
100002594923471
100001869643656
100003203465155
1616659756
100001908698849
100000246300516
100000045583226
609831833
100003125064054
100004193496368
100002886681178
1277181122
100003721093667
509359076
100000356359113
100003322574463
100001035735557
100000708998690
1374438353
100000552391575
100001300344944
605427132
1389817064
1483586303
1022363803
100001432748739
100003474234438
1562330027
1529979860
100002448381165
100003571890640
856069083
100001967156150
1155056580
100000109817832
100002037383684
100000232063883
100002681300087
1588759799
1637745806
100000188626007
625390595
100001275297470
100002694916338
100000584904666
100003069120442
100000159171250
1027850885
1233940725
100000398903711
652024866
850539440
206800072
100002008997085
100000993108755
100001222891567
100002665327614
1025231905
1093010219
1528609497
100003332300589
546918008
1662000261
100000810062062
595556551
100003206613825
1213698358
611386739
100001474316438
828264465
1227716729
1327795135
10707470
672394478
100003562845003
100003309704261
100003262108907
100001937097160
118300391584722
100002319292217
1435356274
100003251963369
100000744861620
100000368478006
1388779123
1239544681
100002815806236
100003449003742
100002068789673
100000572985791
100000335311641
534729798
1361622714
1133094216
100001596112205
1063935509
100000023287067
1295700047
100003052465716
100000215791071
100000040782962
100000960054380
1474981634
100000428145346
1686245143
100002190552461
100002261087775
100001980364780
676442585
1561719029
1159016985
1563363580
1293821210
100003623801493
100000582190569
100000860686159
100003639584051
1294347163
1611812237
727111045
100001553281291
100002231417482
100000479481803
537180918
100003240862001
1719401621
100000652416406
100001773983546
100000891892924
100001241397629
1155277786
100000994228500
100000011461964
100002063204817
100000099092564
1157421565
100000231558788
100001577361478
100002517767789
1350245585
512344956
682449562
100003680021985
100001247351650
100003012821862
767602240
100001915001436
1344080824
100000133089666
100000247384655
100002281536874
713666061
548605175
100001242471713
100002455150639
100003330324370
542282670
100003488257936
1489425699
100000747600883
100002978800527
100003061392419
644512913
100002672899721
100000915230934
749455870
1233405977
100001235466596
100000995190749
850590598
1707728176
100000987370371
1238276601
1243026520
583736133
100000492543748
100000691873910
100000121809059
1131504244
1294104512
100000715208378
100000654373831
100003961396138
100003931330387
100003144278420
235568743177065
1614221324
7307968293
100001468794527
100000714204213
100000278184512
100001074941176
1784351395
505134003
100000688399848
100000215501574
1827218556
1190207516
100003024457304
100002903202394
100000635303430
100000121507219
100000766218372
1003698811
833821664
100001261199165
1593321560
100003642896140
100001061087707
100002281031615
1525358095
1531103932
1248832014
100003309428844
1758913076
100000942771996
100000364781678
1071287138
100001777487347
100002698142076
100001937343102
100001737544423
1653992565
1347974591
100002300762393
100002507963943
100002645339211
100000687727597
1356437498
100003481361504
100000611078981
100004272402853
100000379827582
100000686606952
100003910068255
100001626171638
1429309192
100001097341502
100003207507486
1268734692
100001606355809
100001399591526
100002751129341
1473589135
100000125897357
100003462675543
100001920985622
100003485915506
617217090
100001842835119
100000441855217
100002314148518
100002830283246
1615304152
100002523579793
1263968180
100000614178551
100000320487007
100000191584215
514158282
100000691898588
1502804113
100003217354025
501223727
100003421717543
100000172200694
1782780452
100003749548318
100000930814853
100004683726683
1293405789
100000479341644
100002178450513
1321883665
100001927627385
100002704813080
100000895582474
1505846143
1655011193
100002664102066
100001615910611
100000590922115
553383759
100003228601904
100001535554899
100000866911993
100001413196367
100002630842577
100000642394755
1825884985
1532117618
100001506909396
100000582776619
100003188480258
100002578618826
100000117246338
100001970937087
100000363666172
1505842623
100001595000413
428840103832983
100001510650579
100001421573951
1263221349
100000032460712
100000486550683
1661493857
1114748350
100001013940201
100001679912086
100000712788260
100002573691799
1442880491
100002655545766
100002441531689
100002357074846
100000499271830
100000865377406
100000640687426
1240369853
100002292092513
680275433
1349708908
100001215799224
100000782547233
100000499860470
100003284950371
100000742516319
179447281083
100001304555665
585129897
100002295836441
662375646
100001356552377
100000471160360
1212263641
100001868396054
100002520548652
657644201
100000148252339
1489937712
512849265
100000156873866
100000238705180
100000489141604
1242776572
100003827370488
100000889232701
100002928286617
100002292450966
686562893
100002266286846
1331202352
1785863395
100002205998795
100002439271871
1647600728
115902606
100001453839763
100001559430423
100001481350394
100000566853994
100002508928832
100001625920255
1802776707
1718078532
629708052
100002181212470
100003549098941
100001736226380
100000185985360
100000570996048
1190889417
100003479997476
100003021085614
1510712877
590986152
1587798413
100000092568594
1094422906
100000221056455
100000032093045
100002977516367
100001454187802
100001086370222
100002054216678
1344766506
100003804923357
1553450854
100002141207695
100003558555614
100002650437229
1848753784
1203106221
100001927730025
100001221703172
100002240200178
1307035000
100002915017679
100000771827930
1075688972
543207928
742321233
100002834627658
100000321146850
100000273047564
632570702
100003549587337
100003016232928
100002131218249
528925448
100002120161372
100000741363775
100000306633114
100001468182664
100003162446567
100001110489036
100001203542463
1142017562
589899804
743096177
100001981043541
508780376
1664907335
735464295
214601784
100003678673643
789297052
100001009890334
505458046
100002270649131
1308582358
563369430
1707858489
1422754690
1782353850
1482845552
100000423262252
587780171
1027252439
100003762162416
646001757
100003767331619
1559590674
100001827968733
1301380364
100000523761913
100002128844053
100001298650468
100002936950030
1143678934
100002623744179
789009637
100002839967808
100000301492774
100000544398296
100002510283204
100000729966254
100002420518517
100000858288851
1014626813
100000352691200
100000477243746
100001186479511
1840009334
713217542
1790430285
1337047220
550749648
505297090
100000929953522
100003170827186
100002065582519
100000416067543
100001200865289
100003279891515
100003398782276
100002592283211
1617464279
100003092607742
100001174848380
100001513642832
100002042946001
100003653248035
100003525633552
100002031054287
100002830863088
587067524
100003716617297
100003232227993
1842195956
100000397459934
1548042837
100001615421463
100002729238398
100001414856671
1324957045
752502959
1411359809
100001005921243
100001427695570
518586804
1215534534
100000979564578
673655134
100001570621552
100001914245380
100002635001609
1516055803
503870548
1536308904
100001972635005
100000361982878
1796748095
1239707294
100002041713171
100001616811258
100001941858564
100000885961049
100000635135796
1434540602
100000386651292
1344904674
100002703701650
100003070704010
1299025838
100001201683982
1698223043
100002827230868
100003078842614
100001353326693
1697858534
100003594026188
1582443436
100000169479132
100001745826898
100001107640253
100001325991891
100002443690156
100001547486056
100003803933466
1582646580
665197160
100001487552146
100000599048272
100003588097922
100003362575051
100000867683205
37507562
100000999502057
100002044247863
100001067971597
100002820503578
100000292959636
100003647890790
100002546169992
100000868631184
100001735188407
1724670946
587664400
33703738
1645673883
100000575632664
1675373117
100001421737645
1691209362
1548065289
1195692533
100002530203504
590551752
100000579015869
100002558396268
759599714
100002676927888
100001230713134
100003391988929
789262428
100003229993133
1211093530
100001519196627
674358379
100004610617872
1338170035
649776295
1441395165
100000378467737
330696417036754
1721542024
100002165004533
1183140069
100001476024675
100001466644369
1768528336
1766530128
100003300552156
100002454053603
77002195
100003129790422
1173220046
1749744396
1116608267
100003084632733
100000017433768
100002925531481
100004235924094
119186157517
593101193
100001598223718
1108042426
100001514731960
100000935776841
100002446639646
100000837092970
1280775495
100000778445101
100003123149177
100000334084586
100001365207898
100000611925079
1141281971
764360363
100002992373134
100002123725185
1785852859
100002745297102
100003375613130
1160349572
100002600745021
1212005882
100001704587292
100002371796832
100003064030359
672879908
100002659011376
100001370793516
100003110992969
100000146160653
1624183692
100001955513945
723508710
502713939
1430976254
100004976562385
1326720370
100004099069991
1712460047
1177702077
100001247886824
100002639479190
100000212359899
100003657112971
100000547744854
1465043318
1371368808
100000102430777
562728504
1557812491
100001537815508
1308435805
100000778954859
100001106417959
100002148383558
100003124771403
100001905417853
100000745063090
100002643161086
100004380612714
100000283857728
100001377954121
711857694
1360711907
100002407223228
1772040504
100002238235624
100002121697972
1767380326
100000467745542
100002055854289
100001229311419
100002461198594
1034296398
1452833314
100000098082764
100001665355516
100003378881099
1300309164
583531337
100001046046780
100003068356094
1432053469
100002403588472
1716900144
100003304358270
100001595980698
1672586780
100001330936434
100003498196179
100002174674593
100001009969029
1356640521
100003497179342
100003131126637
100003452271276
100000510220037
100000657467857
505564073
100002844478638
100001415311154
100002673355431
1395530339
100002478251480
1287856841
100003728469375
100000866184182
571836302
766070202
100002939981867
100001402985184
100003284647041
100001018603962
1186562682
100003701685370
100003607197106
100000459162846
600978540
809979730
1590797398
1366316546
801825033
532348014
100003010868086
1304514159
100000981977602
547427561
187752278022002
1460431496
1496361660
100003309212685
803739024
1096222565
100003644397458
1237080858
100000477789388
583885048
100001484130981
1457508071
100000637211107
100000725805069
100000566834902
100002892501590
100002670366934
100003231251800
550316803
100000133162684
100001064743250
1777762130
100001058661488
560292650
100001092264044
100000556781532
1256912205
1505381497
100003195481452
100001450407325
1045694846
1190857632
1521605148
100001034965469
100001830148181
1337876169
100003855198752
1123351963
100001076274751
100000601667895
94600031
100003554058176
100000886537554
1285020879
100000457854483
100000931922165
100001332715845
100003178677601
742231263
631789012
100002795970466
100001912371177
100000890408350
100002079475054
100000641231191
100003493622000
100002097856268
100001358393898
100001698988201
1299881806
14204130
1350987907
100003483073694
100000641797125
100001609745605
563133647
100003261723331
100000789832499
100001250804654
1245429023
100003283373334
100002764824169
100002662026567
100003165065084
1076484241
110737952320053
1366316446
100001444798085
100000543402420
100004309152647
100004288471330
1170451444
100001001153551
100002082025865
100001592714822
100001555044403
1531312230
100002173806017
100003730165731
100000470915142
1696749389
100003622475068
100000341153271
1392251785
100001683295617
100001024728770
685504941
100003053661853
100003262811042
100001739299351
100004391378056
100001953557895
100000282080161
100001899710905
100002688492665
1337535320
100003749218126
100003138121661
510698825
605216066
100003010114673
100001294764113
1402163302
100002310302402
100001379703957
1171907688
725552807
1594236768
100003172832651
1130643037
1141111701
510974170
100000442599729
100000841905066
100000285227807
100002263384694
1111527779
100003295914694
100003404720317
100002194541967
506662809
775179928
1387396426
100003450831736
100000167284190
100002219362667
1693378138
526198838
508116357
610834324
100002138587009
100000708643109
100000991208549
100000648312403
100000549311968
100003393432593
100000468926211
100000415485256
100000968685763
100002444711436
100000683570640
100002100472472
1142359549
100000770590544
100000172753407
1309454913
100000712005160
557500673
1270842147
100001074737848
1230276157
1341319089
1068661165
100003679112148
1477069587
1017475968
100000432798565
100000321521826
1619910206
100002218235726
100001936922714
1362499506
576937086
1533696038
100001933785065
100000783456240
100005585100739
551901358
100002471107216
100001396236960
100003083846222
100000581111518
100001011651254
100000168295529
1768855895
100004016018987
1484680112
100002329905104
1209036698
704843132
100003244061304
892040061
100002141097622
100002284015182
100003291497344
100000184102226
100000382342052
100002366168264
100001613470287
1831751420
1461304072
100002610475016
100003975606963
100002703457304
100000611295372
100000164920933
1696039459
100003293686523
100001059184518
100001362970607
100000908112080
1260211513
1575556078
100001862275839
100000593344264
1051288536
1233327087
1106360301
100002248938563
100000548447965
100000887258682
100000372021440
100001975515878
100000834617411
511115968
100002379121357
100001497535383
1271846613
100001406180486
729490583
100002541806119
100003468718040
100003589100333
100000769804287
100001467730172
100000990383891
1297924329
100004597568760
100000655422224
100003503422410
100002392055933
100000562145305
100003523101685
100001209473784
100002015807270
100002530972843
100002743434889
598516729
100002379913171
682428805
100000137787378
100000444385570
100000732318050
1662856004
100003054639953
190070357788732
100000497220426
100003513492111
100000339665994
100001442554013
100000060417266
100002202958588
100002763744490
100002538424137
100000599978222
100001568180967
100001633558588
1008182251
677805233
100001923435419
100002526717282
100001114127610
841204991
1315941383
100000501818652
744591170
100000747675066
100004665217927
100002981978672
538021271
629177571
1485339218
352453728133385
100000686645016
100002157167626
100003255578400
100001800654522
1388201554
529587418
1031666884
100003198952709
100001546274640
100002403092205
100002866460230
100001584162822
1211825900
100003293531142
100003470034182
100000962149339
1451490725
100000131600759
100003387232013
1439396636
100003492692081
100000623852542
100001560456810
624263759
1012413128
100000480754721
1564763048
904980200
1671660612
1016229864
100003078524801
1264825775
1541944808
100001243737448
1411802148
100000047967129
100002720256628
1711736013
1418683902
100001734471592
100002246498039
1356859649
100000168234939
620927965
100003053529201
100001301014177
100002180710212
100000737634919
100001132892391
834142093
100002299687516
100003147036198
570781956
100000873712992
100000698527309
1158734565
100001379518505
100002153872892
100002275700188
100003146441358
100004568832306
100000155166726
1419275274
100001866035876
100003469981631
1538192871
100002705703364
100004663953745
100002409868244
556039459
100002794924489
695526010
100000353462924
1265514316
100002988181136
1366855307
100001009684328
1500333005
100000527907998
100001583541167
1306104155
546058382
100003555751996
100003502186040
100000035299413
100000241768463
100000648583300
100000055643527
100002264651619
100000271233052
100001504573823
100000139442888
100001946001568
100001398853855
100001704092126
100000494198948
100003550648534
100000210560141
100001431386776
100000078684600
100003465864847
100002170811465
100004065458085
100000342624716
100001963614707
100002228086359
1546881171
100000232259341
100000104600594
100000139067724
100001234043254
100003659064133
100001492492552
657998063
100000559995433
100000284206548
100002354470254
100000181081335
100001171586666
100001477337382
100001465560049
1033772444
1030778665
1026890923
100002304421062
100002924134457
100003067768071
100000151724656
1056501940
100000479115554
100002403546994
100003716240220
100001972408535
1143857256
523697036
1439198169
100002276562954
100003700673447
100000292642972
1488514604
100003292157374
100000503314259
100001331833941
1427861198
100002985278784
100000013321915
100000125984959
100001634392247
662989567
100000866104449
100000049268477
100003233026516
100001808900046
100003731916760
100000649230248
100004281245479
100003086684647
537198490
1334717549
100002328214135
1633927225
732469070
100000778714223
100002070363793
100000225703316
539651820
100002910324963
100002259799726
1586966279
100000671793821
1055089014
100001947258163
1708553478
100000362242010
100000228208098
100002263437087
100000599653929
1175345889
744255072
100000123577818
1600764491
1091679884
100001677463594
100001528937843
1255048169
100001664408191
100001266371283
701112582
100002148217950
100002361742442
100000533273936
100000388198744
100004066951605
1166847611
100000070076229
100000609620898
100001841442120
100001217303344
100003825023419
1010061697
688326386
100000720763691
751524474
100002600929465
100000993544210
100000788101008
100003510385910
100002303843868
100002488292074
1746801279
100002930707424
100000709296280
100001008632519
100000816855968
100003031745392
1770473117
100002195460260
100000755464152
100004149450273
100000207903535
100003819388108
100002163722345
100001892826876
1407056441
1236906996
100002840788097
654654273
100000397237312
100003285589570
1489466904
1414773446
640230717
100001351521961
704324882
1160741620
100001072192259
100003073254373
100000694484051
100002093754050
100001146403018
100004303453872
1529172580
1479447417
100000158373863
100001182936959
100000962966723
1444473651
100000199122604
100000861425193
100003359991460
100001935285123
806415143
1845354642
100002623280185
100003078531839
100000937661516
100001452338669
1772633718
100000979696517
1592311650
100001857674251
100000247636540
100000281176091
1206307908
100000087022057
100000132530815
100000421932903
100001888546888
100002316206810
1244845994
100000218487765
100000451714049
1298682670
100003647601749
100003142343778
100002662667530
100000254077009
100001335260902
1458631194
100001634384696
100003604425106
100000000893565
100002682713642
593720502
100003556362291
100001906520215
100000616925825
100000102301510
100003475406588
100002536947925
100002936835319
1016956097
642706924
100001695082286
1433846198
100000515488919
100002111883216
100000048706411
1811368369
1463452961
1378416861
100001078240536
1237855323
755061187
554494828
100000506859111
100002479054297
724543543
100002728385592
1696495744
100003796457180
100000472142751
100003326957653
100002675697220
100001905079280
100000034454303
100000415025456
100000470998110
1557036642
100000819587135
100003306669747
100001097073416
100001882698481
100003641807917
100001939682044
100002228516117
100001717984454
100003946134049
100001653879034
100000432854582
1534962263
100002710593344
100001589120954
100002927305460
100000076695813
100004380153056
1196343097
100000181248028
1563242739
100002124611190
100000809135619
733836843
100001939684967
100003524211675
100003184114102
100002385281999
1839249545
1531104705
100001576653014
1281841518
100002730379453
100000125116146
100001860063363
573756115
100001429361444
710964917
100003016411368
1072137096
100002191796622
100002796251781
100001692605809
100000628524039
100003201722966
100001098054064
100001703292764
100000521509693
100002691020718
1235012243
100001278453736
100000283978981
100001115440919
100003218656890
1608095261
100003669076236
1334485219
100002666439010
100000422397331
1101942983
100004697527472
100001614433622
1632423022
100001683930426
100000912721756
100003663741424
100002468434943
100002627522814
100000807386193
100000479088458
1567983181
100000541093443
118962054929351
1602856295
100002053605079
1134831982
100003623221605
100000046521679
100003583263563
100000803780270
1405538452
100003616593512
100003219848712
100000641576884
100000813159934
100002344529131
100001374204267
100002683596586
1456303244
100000633892804
100003483754643
100003327567890
591082058
100004001305801
1553710266
100001052802272
100002104238466
100000663479229
100000514858588
1690981494
100000133050264
811218849
100003760098329
100001057337568
100002427340076
503549641
100000615585685
100002054768904
100001998820685
100002631517408
100001494591264
100000708669139
1054296818
100000426533093
100002144518804
131069844084
505449648
100001749541056
1500197427
1322517402
1323632898
100001561645110
100001186447177
100000809361137
100003127718974
100001663137802
1069345716
100002043191434
100003300848844
100002336143990
1378645633
1847062551
100002761228436
100002685201224
100002577763221
100000249437310
100000125222688
100000242749117
1173485267
100003390787146
100003196075571
1410285065
100002131360349
1429182363
100001463989068
100001157519114
100000917821530
100002355283896
100003151630125
100003113537960
100000415761830
1668737884
100000651400718
100002977965128
1213753050
100002234384310
100000612873196
100000112286291
100002430572106
100002285241339
100002317832376
100002590060979
100000453992017
100000634583480
1666759824
700773684
100001108460569
100001190755780
580156355
100000681122523
100000363693434
1780993354
1595135959
100001057292205
1547111228
547788296
1021518013
1800674708
100000736818113
100001171047194
749000161
1308882532
100002935625236
100000131577411
100001356020732
567288816
100002356572460
100002579510837
100000707057878
100002126941066
100002342453263
100003543957360
1218685535
100000482084367
1717731505
100002623775689
100002880178229
718187788
1563886429
100001426330706
100001656435530
100001595918224
100001064551089
100003685089262
100000443610244
100001883403580
100002820703768
100003207584229
100000094611824
100002765771724
100002187200629
100002565697539
1160927099
1406130236
100000450650475
1627283231
100001381410117
610737824
1726393567
1446162355
100000076679184
100002890806121
100000319442993
100002984293881
100003113831559
100005005597100
100000118475353
1366567456
113000243
100001518025903
100000280065775
100001448701277
1213705579
100000033046726
100000313351526
100003474924973
100000126348048
703295238
810953529
1470344328
100001293560452
644885517
100001424523986
1260668738
204406096260198
1406140805
636441163
100002502262228
100001944938924
100002868649021
100003349446636
647465818
54701729
1046769205
100001560338899
1496959750
100002960561295
1702561815
1378812572
100000383556436
1541582772
100000227542550
100000239876925
100003482630653
1528625040
100000453983424
1515726798
100000217843537
1472792488
100000076480814
100003074310104
100003258335558
1001223060
100003509910718
100000438186176
100001550016820
100003984516680
100000501619992
1784606089
100003280736788
1078770875
1327824477
100000856432217
100000862581102
565868449
100001471626180
100001818553590
100000362081099
100000340298444
1122074502
537201506
100000545788855
1048890954
100003355903329
100000770337153
100002144247886
100002036406312
100003876055894
100000550567023
638272004
100000847783425
688216877
100003213141572
630022892
100003226077407
1443199704
100001019696334
501229901
100003458573357
100001093116820
1831338851
1337980957
1816904736
100001759270142
55711396
1524308179
100003477064167
100002432543390
100000998732801
100004427504035
1068191061
1142663322
100002551580231
100000431638391
1439210301
100000545180822
1426080466
100002764553179
100004276932183
100000713439706
100003040723202
1551312183
100000814814666
100000395543828
100000719254707
100003639352295
1363397745
100000239441224
100002463935305
1524071332
100001548532144
502057136
1447804739
100003708953598
674098409
1143657817
100002452665350
1055011927
100003264785573
100002939268479
100003168291142
100000334329829
100003948789039
100002741463350
100003493338214
100002588461768
100003183915978
703251033
589901691
100000484777527
100003290455260
100001304905065
100000051751540
506329052
100000475504212
100001227795406
100000751697836
100001056637263
100000836566824
100004101399292
100001076960273
1604599234
681807671
551690600
1190832715
515108341
100001117097984
310642459053624
100000854953063
100000863357921
100003390064171
100001694468467
100001394911716
100000628089598
100002585575334
100003574750531
100002813767811
100003289610364
100000321415872
1269699041
100002214536676
1605517028
643434746
100000628811582
100000534173829
100002252372195
100000989809895
100001450558050
100001601461788
100000096746416
100002319352248
1633732596
100000745849470
100000592012860
100000126902222
570861091
100001479897462
779600363
444017705642459
100000290272100
1223836687
538153538
100002931973687
100004549300080
100003111852687
1200240207
100003118219652
1238444157
100000328699867
100003318551212
100000292303334
100000322696085
100001389528508
1073291522
100001942085046
100003490667540
100003046032851
100001235727892
100001593388144
1601259762
100001375298942
688758667
100000375543362
100000631705422
1078576023
751831017
1156344904
1090786303
650412342
100003948012406
1038870779
100002049885315
100001423189839
1648273273
100001438906406
100002200943620
100000087627977
100002857081708
100001796430459
100000238446196
100002525373759
665700251
100003210917043
100002478188837
608402821
100000513069742
1211806230
100001591362892
100002521813024
100000201245947
100000875799211
100001509643528
100000780835094
100002358852814
1095813288
1654387339
100001712931310
100003190569718
1641500419
100003278841738
100000409463644
100000774718185
1651532215
1259583626
1511946778
100000843098722
1309944070
731694326
1171316243
517123084
100002435716188
100001789638262
100000834307558
100000156272458
100003680044084
100000535975062
17223345
1023979118
100001450597627
100003260126063
100000927860780
820635563
1634373771
100001474592227
100003641742730
100001437482781
100001055312565
100001350693234
1312085394
100003885274233
100000295624424
100003728597261
100003510415888
1246341203
100003649126029
100000453282572
1334795191
1423861596
100001447423433
100002449196333
100001038244347
1821264671
100001748918204
100000770444256
1071125403
100003007674219
1224827041
100001049875361
1285428411
1346706676
100001855592763
100003068442884
100003384482681
100002916884128
100003692664228
100000920663534
100001128523404
1270981555
203000744
100000711540967
100001791741033
100001055527034
653967130
100000256643581
100001893815773
100001033930765
100000070288509
1370713258
1677607808
100000601088443
100002651677843
1707668559
100002987356024
100002411941204
100001043433193
1516222870
100001710977627
100000432640389
100000128793193
100000969713800
100003260694533
737021181
100000650924749
1169145775
100002778878652
100003674348786
1238778360
100001169138742
100001827434645
1440276981
100003000109578
100001654948497
1269236485
100001492487936
1401655883
699900465
786762872
100001495446774
100001786472883
1175052363
100002757944457
100003375856950
100002478772217
100000480054607
1296212608
1477095068
100001233709625
100002944788461
100002343520363
1187637468
100001092461601
100003075495312
100006076982240
100000278469583
100002337882567
100002822569006
1073772332
100000163929800
100000185027844
1533375225
100003160665814
1805021465
100000410405781
1620027659
100000717847443
698075503
500019326
100000572497639
