100000192370296
1466636193
100000423262252
100000607792671
646001757
100003994793518
100000712888322
638057982
100002381888120
100001535567345
1143678934
100004479336651
100000655680138
100000320495124
100002854757475
100000576035883
100002978080588
100003985540959
100000067335326
613455726
1822069574
1372569993
1439600536
100001240824802
1007483876
100001987504257
100000957893942
100000191437553
100003077285995
100000933306617
100000533273936
1116457274
1331346097
100001754221467
100001001693964
100002080790560
1699081325
1085607522
100001170709839
100003983970718
100003274637629
100001381410117
100002831523352
100001224803160
751524474
1842195956
1810282746
100002676808202
100000862733041
100003760098329
521803697
100000704188281
1830375389
100004022211676
795979921
820817457
1321146539
768965817
1576580140
100001815925695
1822720687
779100544
100001754366964
100002236401693
1424704404
1482196618
525793407
624263759
671180389
1341146597
100000897117759
100004166353484
100002936732856
100000902542954
100002528448057
1538192871
1557747922
100001454187802
100001000773086
100003803933466
100001133942204
100000218487765
100006218201580
1592430906
628249645
1698262649
1380736468
100004472227729
1000207684
1251411192
100000531122723
100002213854506
100002546169992
640832346
100000788101008
100000814380564
100002387547187
856339073
514748421
100001027677652
100002723169397
100004583529874
716285375
100001421737645
1691209362
1696749389
100000747919044
100002249723844
100000051971919
724543543
100000182326777
585129897
644885517
1201698118
100000054739182
100001818553590
680108480
1591701599
100002117449189
350854428259860
627900306
1125433469
595550390
1721542024
100003504562573
1529962341
100002166879022
100000565830086
1173220046
1391626699
100000494982696
1698829678
100001247261978
100000769740011
809375023
852955421
100000631562369
100003856871136
100000355957411
100002541683149
100002226610692
1253377292
639747791
100003012821862
100002524137903
665877450
100004551099439
100000897171121
100000546379820
100000283978981
100001532600415
1005282776
100004976562385
1379937765
100001615910611
1174464705
1214205676
100000547744854
100002982652112
100003689657994
100003469903083
100000295786083
100002424885150
1442350101
100000530226740
100000479088458
100002407223228
132500911
610943103
1104440624
100000071163548
100003695574315
530323442
1134831982
1542219026
1252716399
100004178111012
100003170827186
100002512722129
100003659757485
1834225963
673655134
100002683596586
560077609
100000954708340
591082058
100001330936434
1536140464
705371103
100000174385778
100001550305214
100001429942809
1186005295
641852618
1253183344
100003169978252
100001057337568
100003326181518
607029392
661488759
100000060206975
100001596783867
100000339636087
100000232174581
100002419266823
100003032300308
100002985120604
131069844084
505005414
1290882090
187752278022002
1537069791
532348014
100001263748340
100002729238398
100001764631454
100002015243744
100002043191434
100000617204865
547427561
1192381343
100002869883937
1700581956
100000011853277
100001900532772
100000090230834
1237080858
100000841905066
1682724580
1659655871
100003341271548
1423196637
100002956720987
1832903833
100001203670079
1375734157
100002197565488
1079215593
1149664458
100004060997588
604532556
100001171317447
1230443273
100003253201536
100000342624716
100000573455915
100000557622866
100000556781532
100007624717543
100002637752722
100002442277370
1008650463
100000475110607
100002192278842
1337876169
100002623309776
100001035735557
1374438353
1021518013
94600031
1756347326
100000457854483
606096224
100006218703273
844582499
100002411373709
100002443690156
100004057902028
1336479366
1372840648
1652040154
100001118411125
1395162306
100000156390250
100000890408350
100002492867215
1563364241
1469212555
100002126941066
1328636896
158326890910536
100003705966950
1350987907
100000683777887
524120919
1319546755
100001113877407
501055033
1746801279
100000806804235
470501443002841
100002812505144
100004249273890
100000635907176
1531312230
1423271394
100000918240360
100000960277956
798190365
611386739
628277708
100000503354808
1497177232
100000848763626
1089817149
100002657500086
100003977165090
100001893815773
505962563
100000286797645
617505533
1388779123
1239544681
760205674
100001716908629
647465818
618902464
100002472573714
100000361982878
100000591500042
100000145791980
100000553923811
1411618458
1541582772
100003322574463
100001627357624
100004651740411
100001233277162
1686245143
100001824920037
100000162608625
1079522679
100000856432217
1237878453
100000746215187
100003638120145
1201505706
530360717
100003639584051
100000600557037
100003209889637
100000500044256
68123282
100001376036966
1827218556
100000611344661
100004171544526
100000277939084
100003565505281
100002290748076
1126463629
100000485451967
100001783894284
1215282020
100000994228500
705406418
100002704813080
100000058233225
100002876421611
100002528617671
1441395165
1162840403
1096877194
100003578745394
100000562605871
1439210301
544844245
100000188654434
568195564
100002943251995
100003249604672
1551312183
100003742281004
100000395543828
100003945170374
1533375225
100000337153751
100000568214966
583736133
91900146
100002602417918
100000558799840
100001527590126
1294104512
1427811521
100000212222176
100000028584765
666388082
1648357315
100002450023255
100004590369741
100000065653261
7307968293
100001095421460
100000751697836
1696039459
100002598580596
100001519560004
100003817458727
1374821860
100002261651170
1051288536
100003613939275
515108341
1239925810
833821664
100001261199165
100000208965293
1593321560
100000863357921
100000708643109
729490583
100003646192051
100002192757385
100000885973176
100001769798453
100003493643053
766402744
100002359446172
100000010895883
100003345961917
1529172580
1261583332
100002061047582
1717200631
100003284545101
570861091
100002743434889
526869451
100000699817053
100003395596166
100004525080326
1403052575
100000895046573
100001105604352
100001568180967
1226733642
1713583222
1502804113
1148246004
100003734499171
100003372318822
1535807093
1333491837
100001165577348
100001660409178
1078576023
1161129878
100001927627385
100004151978603
1070285441
1596633652
529587418
1370562014
100001985394594
650604602
100001144051823
100002525373759
100000108844732
100003391445232
1199797440
100004000609678
1211806230
100003492692081
1154552990
1095813288
1256190316
100001510650579
180973802010892
100001351562582
74602477178
1051866149
100000712788260
1295653275
100003396847162
100001898842007
100000600095392
100000981324037
47501073
100002630842577
100003610525729
100000238446196
100001853281457
100004163910087
705581432
100001512175052
100001429702126
100000349455308
100000684102487
1342953211
100003332904358
100003146441358
100002462786920
100001656544050
500038747
100000307757144
1158554485
100003473443026
689983964
100003767796629
100002195306643
100000155867970
100000472339430
100000020383954
100003209933829
100000063716103
100005645800824
1045752247
100000733590545
531294015
1285428411
1395245231
567288816
100003068442884
573107612
629708052
100000751187104
1160741620
100000415167720
100000185985360
100003638723745
1287620337
1528223859
100001946001568
100001972746242
1415526835
1370713258
817703279
100003226468133
100001398870061
1123485952
100000145939959
1154604029
100000319340658
1481736474
100001056637263
1440276981
100000807386193
1193959703
1210632721
100000321146850
1049781234
100000215467351
632570702
100003305269755
100002213559028
1448162106
100000159977758
100001634384696
570781956
605155517
100000504902587
737021181
100000410405781
100002130591737
100001369231243
1072340365
717296029
1199479044
