100000107008134
1094293588
1721217134
601949675
651201009
698457174
100001701242526
1263462721
100001437774665
100002080556916
670527618
100001920208060
100000497362106
100000172926767
1313982094
1341790484
39301616
1387928111
1460602743
100001997816014
539201079
1071946980
1299713288
100000522168599
1096360499
1215128764
100000440195944
100000837585539
700576239
1188182835
100000222786850
100001692454576
1403590385
39200874
1308234777
537988251
1108489087
1359292456
1404630019
1176271177
676353136
527559967
1792657989
100004041440205
640843173
1794117832
1603956523
1005370940
610442350
100001261498803
100000119275448
100000428798572
1046743818
1561242206
685297948
100000832853820
100000163326752
1067960284
1281034140
1685050135
1141450442
100001247071476
1104469236
556901626
100000505171985
1076501631
1390728625
631918864
1001660219
638111135
517784042
1487358649
569911744
1630176904
100000261796125
1475724648
100000266175038
674893485
1639213341
1161651771
1085814978
1106942238
100000209770222
510676754
1027913958
734170228
1798963812
1635955108
1253882538
100000395283774
1270700244
606111945
1287370156
100000200588339
100003371478570
579521769
1815978263
100001136846699
1195902067
100000906754330
1378481899
38418648
1452780004
827285298
1503618333
1477410413
1836909419
1785417400
1816143005
1411271623
1090372649
763848759
500438143
150801846
1547906838
696571668
1806969894
100001466368434
712900118
1666075888
581786495
1613232456
100000743852690
1657935914
100000367883738
721987894
1069534810
1035522127
1260966599
730475141
509189948
1199330042
1051200582
1117844692
1364643463
1307045465
1063477516
616220892
100000083656474
100000084387053
1291725878
1150712525
1005847629
1257833022
1604043724
777043603
504142338
100000102632450
1038235427
1422054760
751532814
100000101509462
601697360
1480622195
1235434729
100001254033440
1168656973
747775978
100000389103780
100000519162033
1214135489
788451003
761332069
635133104
100002613607560
100000824966748
1427215813
100005079456963
100004071574930
1573301448
100001512128012
100002323317500
695125054
100001015334499
664747826
749368852
507217142
743475510
1261743632
572825318
100000186043931
830308975
5810382
100002485484827
1321161325
1271170060
100000734582248
1523654789
511140156
1200383636
137001254
539964504
731466986
1661722950
1342916820
1190131732
100001085137756
530142011
68670361226
100000658191713
819173415
100000584226474
1480866219
515134401
1014096153
605236147
57106929
660988178
1147352635
557670451
1782102807
100000979067468
100001400156897
1398291477
1422438905
100000150203556
1292413253
1836021751
1017555699
100000277526538
100001340067847
616863208
1510963842
100001461085431
100002276645803
1224728894
599631425
1511047587
100000084154383
100000174553188
1691632344
1450446688
1328016602
1077262283
1645900171
732295872
1089747529
585191359
1121630206
100000697866939
100000729041696
760522833
1421162738
1746575210
1371831657
1805334159
630150320
1510399057
1189770073
100000574932691
568812268
1281604165
1293195172
1324912824
504712374
708656035
1642386617
1262607432
1247592058
1545788214
1303435964
100002332390120
1235063307
1077109575
1318361220
1113950884
73800913
1129480180
100002319487541
623672986
100000019335305
1082605558
1452728256
55010705
1300780452
531961507
650100451
100000829327927
1150561390
100000473017777
1377615415
100001606923430
610044257
601745452
100000705851498
1468870857
100000143326054
1091838603
100000100603990
501703855
100000573866030
579785532
1058991249
1385041918
772159315
1051309063
570658194
738340629
100000027338207
1345560155
601206208
1106634427
100001408380596
1087156164
643222679
1418830646
1478331958
763078125
1012781868
100000695859311
1371102558
1804490652
637451029
753880654
1574754732
1065619178
1719751181
1215957572
723300960
100000320536870
1285178952
100002277705166
1116450160
100000143425544
739597443
100002281176425
1387213249
550310357
1489956485
575227162
1108276426
1423990815
100000238418071
819625022
100001188741766
1564932247
100002042255314
831324324
1474210007
541463597
100000236301924
100000796050938
1015593121
1444143356
100000034384346
751631327
1404317284
1552765467
100002701012063
1194798975
1506826247
531834925
100000247804440
1325572201
1780434355
129001255803
1414594803
1090404851
100000706906933
1102615083
555939326
680046266
606297819
1073031953
1656690271
1490325753
100000481831827
578771156
100000632445033
1173583456
1603608493
607252327
1180052809
100001140334688
1513685550
100002613073339
611430684
100001729780706
654404601
100001330616501
1023856645
1838439669
686702236
100000072643648
1023884754
100000607624651
100000823639979
526174216
1564475272
95001490
698383347
1791031052
1212828909
529816122
100000729637992
755464491
1021404439
100000956957142
1606884204
1685869190
100001528584861
100002218241159
610432427
1673362064
1331490028
100000530723271
100002560581183
1437949456
512895731
514393723
100000063681756
100000027351022
789120897
1655395648
1639822372
100001524881593
745340216
601826425
1442331453
1057144781
1520958524
727963567
1656883922
1076353444
533049457
1154618600
1391988996
100000997377776
641854228
100000975689114
1146837452
100000495870557
586152214
551836164
1027584095
115982765239
1246710209
1433992621
100002363027568
1812316764
1647855163
100000247331313
100000837003104
100000060916794
564555552
1219628857
1016038827
1566994669
1440015076
1388603053
100000203588969
1059460052
1370778427
100001319034008
1573208590
1783433436
1504180286
656715728
1013780265
100000599953602
100001700994957
609141420
561185486
100001594285615
560123162
100000073636168
100001733048302
506523095
100000622455159
100001525370712
100001483101151
1013361415
1090123050
100001260633783
1826214108
1225214059
1355498140
100000458711581
1741652775
576787550
1184612561
1020774982
1495484497
100000850430553
100000023613491
632203109
1420591497
100000210552266
100000714967215
100000134443711
558961212
100002247988427
100000038537765
100001509197734
588650819
100000199851603
100000513307996
737981152
100000189229196
1134344740
1842322065
1488987865
799587899
1007499100
100004644427502
100003310765454
628954600
1651173722
100001564373569
1043420954
1661775920
1178927211
665312097
759782298
707114316
100002216374736
100000834677847
1321200784
1527581185
1326570480
1268780937
1098412489
832109516
100000719566960
100000643763447
100001907705448
587794815
100001579195497
671520193
100000775563962
1273781432
654541166
100000129355669
100001679562675
581305828
1663081057
522500281
1370706458
100000850047800
1095242002
100002302101907
667114584
1289884961
1363719165
1098586608
1380344751
591680576
1320604567
814505485
1467571655
100000077408141
100002021409816
100000031404437
100002113602230
1144868631
1292195683
1807391479
742240607
782657525
1484746023
604924623
1011056940
500176058
626484512
664723362
100002038242763
1028159693
673299259
551275633
100000288637729
1186681015
708148429
638439686
100000354785057
5806929
1148704356
100000981683350
100002470627256
