100001521400724
698672015
1352089248
518561486
100000470941682
1319477370
1467140445
100001408749653
1064912557
1649413878
1812708823
601525389
1371732336
100000890509107
100001253948794
1202357779
100003735498464
100000475784024
1060444629
1104022809
546439769
100001168363875
100001190520026
591015634
100000478273867
100000090762427
100002283010473
1429908920
100001533560245
1265930663
744560201
1168046510
1210119108
100002712015292
1815430866
100000029446452
1164288374
100002057901524
100005072493623
100000040700190
100000071122998
536181764
100000005776090
1173415123
529846820
534762538
617741098
619793427
100001562888248
657653103
100001624880722
554225694
1009370587
1786615420
100000602290251
547625383
100000665235060
1137653863
1019345915
1115881472
103000495
100002252288957
100002412407452
1401145397
1281034140
100000760763905
100001490487977
1247913769
1256371572
612796805
577287711
1482831715
1265198910
100002415394402
100000473015224
503772058
1362894759
578829739
1494796738
1185626396
100000584466920
1067764672
887690108
1200804280
100002259782450
756196448
100000235565949
100000097377241
1094077343
136102382
100002250509141
1085262087
1659270956
100000614500333
589755629
100001551590406
730243083
1111822880
721710639
100000299210548
689216084
100000771132158
1182867295
100000302004563
1432774685
100000590096920
100000540285382
100000166620376
850750103
742425450
1316371675
100001202213114
100000104001781
100001040095538
702770999
100001288881746
734027250
735488905
1524408933
633460769
580892131
530338457
720406345
1607357138
591591631
100000333071418
1480542408
1447856482
516421435
100000532273721
100000636426216
1471674868
100000987032179
1383304774
100001645625217
1088605935
573449604
1479036588
1091871546
555996836
1670443947
1287731497
593695979
1627577449
526181861
626485273
48006887
1403708041
1024350065
100000770212370
1472807612
595516414
1431075421
808563393
1318148148
100003026175282
530770254
862830166
637074141
100001167360816
803478825
100001254814884
616458618
100000043407427
100001049682229
1296201752
1634204246
514060116
676105782
602682473
1277431390
1205795799
100000333641350
1319067010
1331512596
1385807107
100001407821272
725805575
1274254706
770724622
689030380
100001334419562
100000243087972
1233780176
100001467408331
647860609
1235701036
1310129033
100000040751298
726750067
1105040268
687635239
1521680100
1455175204
549386749
568166314
100002060644539
1138883430
100002434749465
668182202
899255391
1091212192
635455713
1132632042
509092207
1162844158
100002439559896
512884286
1633748962
1444102628
720065927
100002484068471
100001368687252
1415305490
1585905247
100000576256555
1815401469
546556317
100001848982061
1625434316
562120947
512099800
728096059
1346527266
751750329
1660100772
100001513683927
1124688672
98400689
1449152693
1038476118
100001192853884
100000861853412
1580593068
1426933909
1320654140
686529672
1667176172
100000753126636
760436809
1474691099
1375943019
1618802558
100001926090002
1735441955
1368290998
504696823
1187104345
674806270
100000589822389
500717784
1497371119
100000386418547
591264951
825550520
100001992305932
675224225
100000742075704
1641291931
100002357640923
781017812
100002080568789
100001839708372
1488649996
69302767
100000438168459
542350515
514487671
768149075
100000717160638
504035699
1259698359
1180788412
1270173124
1002570117
1576419535
1620450941
811255595
1197159802
613537680
1416696901
1693950143
1097899773
100000653533150
1337697315
1424227987
1553270602
100000050653214
1325844259
100000965230561
822005572
1615843292
1180334648
683436195
526062596
100000056522399
690620564
100000626636861
1115035814
784915711
707192574
825635293
1306246544
100003539546254
702920015
554356074
1535422248
1644849016
533660412
1431630079
1497194341
838700186
503444907
100000367800230
1105545102
1541026389
1651448210
533570625
100002281968659
100000616636724
100000583482819
805975690
700578486
100000253825260
868290706
1043961306
572131286
718233271
744129701
1522125965
100001980643130
1803833079
574996130
100000557479252
1119339815
818445182
1492142322
1075422767
516720086
100002060946385
566815597
1759765611
726946543
507613366
1161038282
1337212033
1168230113
563770572
1027262506
100000124868527
1526247414
100000126435030
1357040364
100000853430946
100000103849457
1578656251
100001685628369
528444481
100001264381069
535750480
872955229
645940143
735313056
100001381028751
1149282318
100000052043687
1126364506
731842271
100000484779880
100000388197006
585416566
100001443977330
100000142324679
100000214667580
1443104932
1060042403
100002911945053
606781617
533871427
588181360
652545496
1069839771
100003542695967
100000876464675
1201296859
1178902172
1243480146
515749830
100001565242481
100000463386191
1495961168
100000797876601
1167004572
1138190403
1792098888
523316132
1422868052
1604049838
1495366048
1447306688
1240326704
667519266
100000692631394
1681533667
530503030
587950087
645530359
1076563686
819331309
513149937
100000496987833
100000519953916
511989166
100000981413765
502519550
639539119
100001782018470
100000535313028
599622587
100001737651467
501046543
1248967501
1054874346
705120114
602073242
1503341286
1078614213
572485547
511559449
100002166790331
100000491574289
642484539
122605551
689521270
542121772
700330820
100001711114027
100000063472446
1351113737
570860008
1238769591
802360423
551098254
183601114
1226240235
1012110080
100000312263507
729184514
100000017751425
503104989
1455677854
674133338
615290210
502137234
1790213153
100002260627631
1669385292
100001149417327
1173366346
1802409238
1498036797
585591150
100002493355712
649577562
100000592970093
709779008
534961899
1529062403
100000141847704
100001657148360
100000497812977
611158057
100001062005167
100001792261559
607855213
100001055844253
100002984092938
1726045220
1277045700
100000898217524
1760154260
509920476
1051621034
100002576109138
553607476
1628967181
755682673
831670170
100002524616714
515993020
1342053314
1442708102
100002007613441
100001482694964
532767703
100003073175097
1149991079
176402913
735077494
100002718069222
622235473
100000492254195
1310072132
1363712565
1725572677
100000069580019
100000016864858
774537027
100003887201032
1121649037
1024899728
1166195708
100000606228300
507699671
1197167704
587732544
1132364189
651127119
100000262860913
100004649831076
1552940698
1443794576
842830380
100000276985580
745562596
100000633082208
36102445
1312898125
100000525042565
599410303
100000449863106
100000157358625
682798204
1176514333
1164156750
1115202074
1494227747
100001036007454
1175036685
731555443
859845396
100000491975093
509889786
100000029804587
1512960541
100000268312315
100000074324118
722264618
100000196295055
584718881
100000877633362
1022910362
1544837363
1087636573
100000362324769
1598131718
100000098900611
752268662
618910214
1139478760
1131223763
100001292982111
100001754268222
1785017137
1106655531
1389320057
1241763764
100000481781469
100002075224146
758350181
100001295487981
100000877511053
100001261174378
774310370
100000117890434
1197543740
823905173
814495413
1365994376
569450274
1083160861
1480613369
100003261136044
1119075695
730155791
635975610
583896446
100001891952283
100000801319665
817944081
100002125783129
100000634500137
516836130
761250692
100000084400956
100005948880181
100001319345783
506713892
623075135
517016727
100000770834460
1122737708
630560225
598878161
1799957258
100000593218397
686158144
100000241520081
1349028689
100002480137536
1073827889
1814033952
100001287643613
667164195
565952590
100000409156738
100001406861713
100000427528929
1462187496
1466899642
819280461
625115631
688950445
100000144170223
642835744
504410312
1645112223
1678717314
100001515093657
1126068769
100001333368480
562232040
1536391614
1386901774
1218198792
100002954599499
1427152287
660025551
100000090944046
1556393475
852659896
100002714130538
100000737085693
646499145
100002139445351
544553136
100002174355377
1669654277
645106416
1143934516
1468184875
100000030154018
542302039
1639310604
589909801
1291166237
546235803
100000348476301
100004785906816
1569158365
580505156
684861223
20300143
1511134452
100000861173105
1330335041
611025670
1009418298
100000192216107
704705111
1179319955
1460315706
747851418
100001632572737
1275388836
632420917
1375990227
744744347
669251062
100000018784638
100001419173375
1252787957
100001113937712
100002777168932
100000560923020
1545926907
1747892222
100002196539060
1275092667
100000256599666
513684953
1487259114
1602803037
100000596764152
1079617158
699586168
1436107696
1334674512
1453882264
1774003216
1650676772
1711320107
100001675060821
1054348708
100000296766344
772999501
570987791
1173647476
1149446550
100001494901871
550150943
1012428730
584997059
100001997839065
100001072999964
1461162325
100000374160235
757563032
611379561
100001150095048
1845675842
870250528
624737125
1277331965
100000482131126
1277350097
1814525896
1379142744
100000696220865
533476345
1601386810
100002912013111
522185509
1002894102
100000901726719
655123858
100000190875634
663756950
100003040544116
1607875993
100000918614931
1636324761
100002379784514
100000145913554
100001664833142
804905079
656681720
100001390690791
1407950658
100000507213031
645350373
509453144
100000133400480
721026420
100002059883335
100000629858195
100000450606291
627482020
1705372161
1227567181
1121987418
100002014704918
1537752184
100001951638401
624137283
41113875
100001067979590
45706839
556035467
100000667804391
560817663
646915659
1084691806
1106766127
854189588
100000085186349
601885658
500082017
100001859063380
100003005521864
1339305240
639775435
100001677185172
100003104205802
884790724
515511929
618976007
787387871
541567532
182775381761182
514635717
713920471
1226862151
100000554231021
1702064214
100000293882921
1258856127
100000132970109
509062445
69211061
744260116
100000210872658
100002627570876
100001104873308
614516892
100000754195665
548080465
100000248950356
1020217052
100001122120528
100000078914824
1824941561
100000560451291
100003057656011
1065724272
1356204410
100003326135888
1310435246
1114592251
1604254756
587238380
1646977494
1302481161
100000247020656
1533904918
730185405
877665120
100000456513443
100002564912933
1736936423
1357700116
752170136
100001180188031
100000076121188
770240299
1098356481
811765156
1137079956
550905522
662625001
1454042228
1451614517
507546082
620545001
100000464756450
646516062
100001606384857
740380057
737230827
1834783298
100000393330593
501546358
543311219
100000687327786
1083085743
864005275
1327339833
100002836978664
100000867996824
605491994
1080525629
1080861742
100000046645939
1752296435
656055128
648881272
100003005255526
1508473282
1672513919
681962942
100001182962217
1118816793
512392370
652282659
1043805781
100000262207336
1320577411
906195598
1201965950
100000463135590
616219335
100000111905814
100000071039163
1364979483
100001264453152
100000715965230
758679920
100002093493978
1730302529
1697281017
894555454
649451676
726710174
840865120
758946246
876100102
100001303660427
100000466158253
724675722
100001262701735
100000413066909
100000229935207
100000852802433
565960009
100000170020126
100000514670252
1501987950
1082635271
1030627802
1605160364
100003077716145
1289880833
651761104
1220408918
1424142565
638554416
587861754
666086080
100002631236677
100001791339789
1221412964
1407019658
1258145525
100000318355546
1588070765
100000070406863
100001799388582
1596437339
1295153596
1442542863
565950415
1018485689
1584600729
576185587
1557907968
100001035565456
517538630
100000030555612
100000976147846
554157813
1279640845
1774976923
1025511283
1067048079
1845758047
1208341016
68114969
721655639
1074218744
633455050
515110698
100002633133597
1630042121
679782035
807030256
100001501737734
755489111
1598797036
1651117623
586450574
100002096447874
665253982
814185213
556455160
1328480648
100000201058722
1568483666
666075742
1511704009
1080968582
1304606442
388626967841053
572345791
100000544866813
1802845750
1639746746
1444008292
1532563094
1464167385
100003229810185
100001272171995
1368953625
581020646
766003352
38416576
100000271146663
100000015188068
605553382
714875246
501703855
575421779
774084355
606872348
1001247515
511106782
1281641919
1132854680
878240180
100000683119453
100000164514796
100001711412035
100000338926862
734325419
1266124832
1195647421
100000520346447
1359444449
100000691690708
624795519
1542670777
1770747968
100003032508508
1141661626
680555363
836415342
100000418914779
1288166039
100001740405424
718936348
100000785284857
1170789263
1112928841
1691930192
1413518257
605496362
1004130680
1375080921
1239966014
100000214399746
100000191675598
100001061500562
640496462
100001426024103
100001090475909
100000571775227
1639973684
1565623421
612492686
639270360
1060983201
100001813890308
1605976041
777575544
1643427583
763595203
77601477
100000402197748
1454100875
805223394
100000452938544
691099934
605470742
1302700580
1497900168
812246068
100000248445068
100000601538538
1441337043
782815313
1296192468
547725130
1384872849
540741640
100000545643835
100001401339715
100002609992644
1063262081
1442553264
1604266820
504880374
710190855
1058967678
501882041
587880545
645235629
667097474
689100038
509562054
752488531
12908403
47000195
100000657340812
1506021379
1800452620
1155623171
638100165
617599441
693628645
1746593665
1544563826
555045294
829507450
1008228968
1067578843
680726222
1434249385
1244225033
650467596
100001070654786
631116356
880995536
100000991923833
100000567753363
1790968581
100001100416315
1175918263
1248334957
535310721
1055542470
615375415
516612735
1224954609
1778259154
100000194706908
100000384358049
100002035390841
1162239719
1283226114
598835068
708078344
100000384644241
100000421165074
665840696
1503562005
1376053301
694185644
513506903
100000853033991
100001961259342
1008540790
100000142652444
645695163
100000376262724
1492190989
100000118022675
100000527682922
506056890
1496472652
570874714
1563765057
1132001769
691935787
100001910516642
1237826351
100001677098204
100000147322238
1717102267
530514471
1737729517
1150627695
48200571
100000988765972
1211717622
100001042128610
100001096281012
563305433
748079331
1305664207
47200641
654331123
100003266741456
100000225593659
100001257212817
100000262871847
1493772146
100000947920642
100000473235138
1662361106
1419357272
688949008
100002612596315
1086080394
617676372
1026300011
609585881
616321112
1036214331
100001534309118
1724335047
625519016
1424042294
1399904056
100000052698686
100000120871658
749797742
1155282955
1225007978
1042527466
100000376813074
100000997575047
782720656
784490337
1607363490
651414675
1076965126
693381128
100002145482514
835385443
1066985523
1035024695
1249774981
1258819133
100001294538602
1012782420
1052474310
531910339
1390353731
100000248035574
506263012
1318255617
100001166439242
100001756442658
512706215
689389880
557342253
100000519403788
100000729204540
550868315
100000744995508
763048833
100000029792225
580175723
100000679426114
559520866
100000209345186
819609030
702771293
1666830037
583619302
1202580034
1522961454
100000236399506
100002369850432
100001807908287
100000279784967
758719597
661470011
1072643392
100000642071456
510264451
653451276
100000122193110
516274097
563616636
1765398235
100000015451357
1263584992
1154746017
1071158853
25819171
673280851
100000030437920
1432033775
100002595444046
1425406363
100000731031824
100000465998636
100001069144666
512835799
569289382
555967955
1671176562
1411808551
731275095
516817607
100002091677077
500907758
100000049425782
511816211
100000278531715
545347835
100000641427229
1144213293
100000138676130
636471891
708050410
518250073
100002332517473
685206468
49710200
652890069
100000489386424
509288129
1099917396
756977423
594770386
172301376
100000579039274
100001686780286
588401507
1324471168
501579404
625060357
1714333602
100000674623730
1568150692
100000877588060
1528928282
1448515335367180
1825962408
788897817
100001941145524
1397929314
100000440309110
669253133
782605181
1018909932
1180650041
100000572880249
100000819744139
100000320528671
100002945501258
871225646
1080729016
100001168417289
100000024903153
525216491
531419892
508379625
100001300793549
590630705
1510057318
735090716
525437424
100001840029926
100000048024150
100000133456140
905135532
515446407
1497813758
678648561
100002297621506
1032889019
1288848173
100002706519580
1515782722
100000090381697
1211113053
616810695
561078382
509406053
100000963047075
1277911938
100001885415003
517884009
711885084
1839797423
1681037343
1278091433
100000722982553
1375603045
1693992949
582512342
512000710
100004327205010
100000615488754
1796349894
636785760
100000504322739
100001874040333
647808853
658501291
529732878
100000042008413
503946429
604200033
1664366725
1620308912
100000190808610
1546495172
1186181383
100003779423700
100003090322286
840810269
736704951
709745412
1014096153
536285526
100000609763154
100001702703459
715733013
1187167634
100000855954758
703956635
100001572745445
1052479990
34412332
502465069
571937296
1296552096
100000092355787
510134193
569109415
679496002
1496059375
1573637370
1173673675
100002535440959
624490128
667192620
100002032579460
100000218522474
798105299
1022681168
771704147
630319172
692707614
1277829431
100000006368443
100002528622888
549307212
1625063537
100002328135312
100000436277054
1757264290
1394704648
100000474843665
598041323
684210198
1273908673
100000848655337
567782164
585640871
100000715947702
536205066
513338447
100001464690048
100000278935481
1240129126
630859715
100000109094647
519623226
1299690415
1616500133
1657562078
666749032
678770649
1436123168
1317030061
700793440
502090895
1209769439
731644618
611880637
659200299
743507637
776912228
100000763066308
585461835
679061164
770440005
1504594341
1000088160
1653601485
100001318313114
1409517941
528105803
605607877
1542881261
697614025
1386830152
100000289577817
1720321867
1200604070
1445882422
836675018
1163753509
100002317509002
1238610504
686135573
600835579
1576740535
100000645784960
1308220433
100000035897610
665490426
1622528754
100000277423767
622061110
100000864588423
734105000
1506211699
517179967
1156390131
519986010
1319317664
1403012353
33017977
537830510
1481768982
514617850
1483210867
591338959
846215120
1443676057
815701039
100000193098175
577178796
100002098085636
100001226354311
596370437
100000785007919
100000773637201
546761640
100001944463198
635062384
100000347570808
810777271
24007142
654860331
100001265296842
1072301790
100002470143730
828380787
502330096
1201273887
835585083
676807081
100000860240633
1601498655
100001231302504
198160900260746
41303882
100002469641959
1008365049
100002508556732
100001372493760
100000549519455
1295980347
697033082
622010007
1219403646
1640766949
100000827283672
728051398
1429658374
100002671878770
535671298
1638876194
507958649
100000622770777
100000950311700
100000396498365
1000224547
716516812
653935881
765165093
100001451894774
42206315
1601177339
507872278
100001423882784
100000190990529
744963893
510939339
500464095
100000040033067
647437049
1060002012
100000091183959
566206822
1009219553
100001251167439
751040213
692360044
100000461857973
100000213702541
100000312873032
1282220980
1656614814
100003311712065
100000874394476
1473164729
677983772
724283627
658115611
1494218639
100001937882540
1367690856
1554902480
1303771328
100002616291658
100000276344852
1338729298
653951085
891915112
1140317789
1057824366
579561499
1532882370
1748387349
100000344491631
664811092
100000337611516
1739428920
100001490235399
597236395
1450576243
100002477842115
100000779820969
100002533614322
1296005571
100002086150948
1622642216
1231317977
1413103625
1326189009
100002798038521
100002296658473
100000363574566
734331070
31107390
624678981
718735286
737892178
682485136
505405754
843440573
354128747946584
778228766
1035405602
1512402708
100000169075234
1734302015
1636411072
639624866
503289694
1413186229
100002570667190
1458501794
100000191033186
738202068
519021112
1152258324
1582655193
100002432185144
100000487153287
563140663
1380484384
100002072472933
1074802056
544076720
1647954233
896135462
1123303790
519065703
1795645206
1428202189
100000265014425
1671713127
100000702397339
1255227825
100000562398453
584900870
100000569107084
100000045271188
100003655312814
100000150213777
55010705
521424828
100000543552009
100003391381768
1043394621
100001678810981
743650251
100001210332912
1177396018
502279405
1224576955
1272158914
562655334
556261628
514014829
1242480741
1534047253
1477263028
100000782365500
100002044645808
1737484956
1215035525
100000437605555
1238783399
1144580607
100000356633641
1324936974
504086732
762318153
100001517604882
1543941234
100001993833323
100000175692398
1212380370
100002676461715
506413787
656687342
825670180
100000627812723
515948772
1840765524
100000888282000
1036024569
100000533509451
1516789166
100001431506379
1272549574
621390433
100000141143442
1201446493
1818087967
624637397
625215130
500570929
752240610
1313323716
1606937892
1483716077
597530580
100002065747229
100000728852523
1545871225
100001158122732
100000627415257
100002083846407
1814764899
100001365153394
1030839499
100001312235693
583975341
100000015882380
517764559
693290391
1436046109
720529839
1411325016
1447015083
795795462
568122303
1113753821
100000543534174
1470827711
100000365464672
1031106108
1610155667
1011181298
100001145017159
1007757003
100000139068754
1625622694
1091635765
100002119602978
1258448874
1412145762
662372241
586785623
100002128748815
1395768859
1644913099
100001159146794
1063686527
1457353875
1000430751
1042036238
1310250165
294400131
510588596
571636975
100000880615007
736075537
543411404
503281796
622165736
1010730900
1667532389
594185143
100001240794628
100002419442216
594040416
100000681896796
100001002775848
1534538446
739287438
1345578548
100000094549388
676724115
1485183785
100000989700049
1054693641
607510994
100000174943037
1749619448
100000239047470
1635469101
507203793
100000257779116
512054222
1511200067
1427866387
100000842983982
1308908704
100000673573646
1592766584
1012316018
558844179
636675225
1345407705
100000086895264
1793110967
1526079309
1020607975
1378507943
1045045570
1034766203
706806048
1128584204
1434000679
100001108340145
639405011
100001519430254
1213018281
100002281932033
100002409129164
565291002
1600035441
100000366104715
842865536
592581141
100000082812092
1223066674
598780860
1826587966
1410201957
1213609787
100001596338903
100000823539378
1169321883
1607246077
1291398473
100000312723367
545811001
100002913417617
668205343
1659068451
726740717
1460314030
663436947
100000366089079
605227336
100000770808051
1169672842
1736891267
1069111683
1224875297
561853919
754840320
699313999
1459235662
1466311846
1508577332
100000203855391
808785160
100002682368725
100001128300354
1218436681
1041738841
100001870867680
1120823279
1264530335
1231308203
100000375493954
1268049858
1126256118
582697892
708742582
100000118179026
100004802493231
100002026437136
1799317446
1002625135
100001155129444
500875993
705466691
1110274933
1007111539
744675258
1609329197
733729187
571451157
1063131883
1657606569
664254204
1339633938
655230186
1568203640
1218098535
100000040248701
100000864941810
100001422509070
1427382660
100000854615045
100000102735096
1325031698
1167707070
700560572
757830410
1205632514
612764585
1011365967
548709169
100001489004106
1012933144
690863154
1496388786
712414844
1333554602
691260000
1254726717
290432207749081
1041065838
100000926415096
38007508
1160186389
1757746128
100000090235206
100000878981112
596207081
100002591757626
100000146176348
202982233090207
707970387
1372671023
658577103
511242286
100001444713938
1696025406
1359695149
100000473641220
100000399658148
517084442
1031804038
40502813
1415437546
100002183477397
1731432746
542569975
1105375747
1286986469
36102187
516315177
1149965059
532036734
1597806219
575275509
1091326335
653021896
507942583
1302925652
100000322369697
761564445
647554923
100001147384124
1055021637
100002344471796
1250715650
100002996717645
100000188360203
100000328333361
100000206154381
1628173127
100002800758848
100000120680781
100000567528306
100001239972180
536417702
698357055
100000467513829
1130632947
525526365
1242518885
1398254083
100000528229342
653520787
1078902307
1600818875
100002069208589
1067158635
100001910058034
851045091
100000919016308
1740044373
742941549
100000523784428
1526786749
100001964183837
625070383
1180759873
1196987983
794605402
633285036
1114786654
899010322
1542927772
62101971
658442323
1387701916
1424892847
544690199
547340287
788565283
100002872906481
100001573128856
747710187
1342988816
533671071
100001861955167
520620425
1253722316
762495650
1069386907
1824277433
1393713902
1141539256
136293643090616
100001828041669
1333960191
791124459
706316410
100000000358916
100000160512870
100001450355989
515331655
100002959953116
100000019492517
100000698012236
604567323
1045048048
100003109099535
100001699868960
1284053191
577245934
100001202890219
29601490
100000657336034
1634163415
100000431379188
100000210610456
100000968920339
1211184426
1634191522
1322935531
1202373086
100001836306470
687181041
100000175219797
670951518
100001211216753
594531734
100002159848201
1063213422
1748937798
1403977764
703557446
905995164
100000548111173
100001845408959
541036367
572242881
1352365870
537047216
799870367
100000625086063
511468572
100000497829270
714734179
1719685739
100000385119428
1523899016
100000695690198
1370718698
683559675
1355239959
100002396362977
705981335
539529694
1205448060
1177736464
501496412
774705054
1347948836
100003234849018
1146324901
1722591251
589326016
791090563
1444244544
1716614987
1812975265
100000181540496
730635243
1041707311
100001281146190
100000510469258
1111007973
100000103603472
100002646113100
521212773
100001449003901
623189030
1369926093
1696918710
515733590
720877202
664495367
1023606987
100004083369607
1562450489
100002200463634
100000599002369
34301640
100001855916175
640434839
1847112005
1012692983
629735382
537579065
100000132158479
672265667
1635819402
1389052170
163101065
1429287208
100000597167959
1352372454
100000113730500
100000417501637
100000223870127
628135494
100001209194943
100001713487523
1079491143
502471951
1339471762
1149860534
797410342
506381468
637027135
514066034
100000168135434
688345364
1129827609
100002451414470
100000216044088
1468235384
598565128
1602395415
1382779133
100000625520465
697825767
100000734134885
1246758447
557075843
100000726469489
516263590
70302799
597005191
648686806
100001592941604
710302278
636840899
1661485442
1291725878
1562762794
100000689265535
734485972
100000314373199
100002161209679
1235171040
551470260
100000315432755
100001392717068
1409421361
728625180
100001938556229
1492253365
100003211983237
1309162311
1155796075
1219682010
872165483
683395366
1420836922
1737477773
100000599296236
1314266885
100000069514488
100000347591176
1026596466
1223033402
100000763018352
804075787
100002170542331
100003043480511
100001897450062
1059324011
842234243
100000214060156
1013838450
100000853490834
1522285962
1116626861
1553899249
747086350
100001754907485
1093147394
100001150231749
600853297
100003013831337
1242141420
690140542
100002183161650
888015362
669756071
100000326585331
787070037
1500284240
1268831435
546545330
634876530
716650706
1477059719
100001387920883
100000763010905
1552076672
720695437
622835844
1598229303
1248360043
513297684
628857138
100000529603579
587679788
100001234246958
736836082
541936124
509509545
522004420
100003211313083
561421552
1647976492
1836131373
640831846
100000541912184
743186398
705997424
567028059
1011097246
100002225058534
617065703
1061705632
57701464
1504207571
100000395684068
1729855074
1082383083
603350506
100005195823300
100001159045415
731185618
605956702
100001356288376
538920685
100000931420787
100000442915657
535645836
100002265075618
100002033716094
548973171
1623081324
100001461910914
1111509152
596167820
1625240767
558295475
630470093
271719772844067
63705382
100001935634995
1406904559555905
1311208277
779160252
571902959
1205638389
100000491709271
100000262737416
100000871945091
100000516509062
100000882499561
100000114926420
758422391
702355319
100000625892425
659228478
100000896104180
100002682448372
598886569
526687919
1485754566
1300730455
1572123564
588868607
100001976983463
1223112704
100000470872935
100000091373525
100000533932441
1127059027
1427093834
100000021741993
653371626
1387849463
100000649256866
500169122
1476778427
1792014625
1446108607
100001126550271
100001379253156
864380692
644585260
560536112
100000943530298
691422861
100000636494582
607782183
100001548689223
100000523656775
558760141
100001505047989
512266661
100000208443748
1047782452
100001468586865
1066805529
513569138
1307066367
100000504379461
1572651960
700515254
100002314425186
100001528302086
842115211
755705606
100000923948688
1798026050
100000444938944
522558058
1342701120
519894001
670334133
100001838683106
866905643
530565020
1501367655
1668138571
1291132874
1058223581
1038543574
1786666071
1642509060
608960146
1069107599
548865790
758988538
504806899
100000405537085
100001276113864
100001393655394
604937725
100000036818214
100001141025771
1137503373
694254006
100000258885148
100000828723578
1378776487
1412362710
1489207135
100003067290373
100000652658919
1168124100
580610027
1630924274
1835062345
100002297135340
1039715135
1121092078
1049878336
1704332302
100002077749417
1396268439
1460298786
1462628461
525056340
637131735
100000987022061
1453241174
619555351
1134046953
100001131015566
100001615987498
1381311491
100000073025457
100000724642955
100001795506361
100000161444050
100000138548525
100000238597741
740365599
1365123935
861715693
100001028854282
1700701660
611496081
715397632
655722531
1437340051
690206243
100000491741716
678481625
1158340740
504266177
799715704
100000509240315
824786763
100000279247535
727339373
100000208842493
1327326949
1035678062
100000535601569
792670509
819460077
684228063
796875901
1649335495
592235790
1172182248
100000167976172
633574147
1367374876
100000140724810
100000125867760
1674204445
610657680
1539186335
898505320
100000168127049
100003942517859
506348311
736620543
100000074176896
100000017912026
100000241693155
606559766
100002272057839
512620438
1176648233
100002296209800
100003795257695
538142812
100002179706500
689464157
100001012450584
506177155
100001397292445
592500711
100002457975055
686516829
1582624467
1189711627
1846247022
5102406
100001144287955
1760274449
100000412252219
1254109142
100001833924251
199983050079432
103300983
100000096339794
100001105848113
774235028
100002527940256
1552316022
636070556
100003738759381
100000809678163
1075846694
100000688892372
716271026
22405821
1347369256
620807794
100000008165234
574191516
648351532
561994574
542948309
1163936465
544146077
100001117209850
635087913
100001230753021
1374871950
653990353
1748959498
100001869313610
587422607
1839477545
1716284673
506134376
100001205035625
100000320856181
730650713
100000200878300
1354981591
1223349267
1279807246
100000037241907
100000059716334
1602223372
1074727454
615334041
100003175070280
1723612659
100000143636877
100001424218668
648208790
583798016
1317111976
45810283
100000433497420
1530351792
614745573
100000321439738
100000394497848
1749859644
100001086031177
620750586
100000119443483
100003147857161
100000223016309
1504160313
862530242
100000555145199
1112324976
100001062126682
1466092824
100001101816774
100001098975833
1285211651
648184729
907430050
100003278347750
589951968
100002834373750
1087923868
100000067879596
100001340336801
100000487230726
100000149846399
100000106927855
100000160834409
100000194559767
1396395979
566630794
638435524
785125227
1077987855
1533671538
1196388229
1551263307
100000465066070
514733107
1361328953
1029930237
665143461
58805405
1176948074
1851999597
100001748009019
100000878380762
689720128
100000694054742
1170576629
100000774166545
745410222
100000310110592
100000760363877
1256228897
1670812860
100000454399857
100002529057749
100003766554216
100002556712867
1546728323
580426758
1594250136
1129800371
681739598
1471844074
565460601
581216761
512943559
1568125390
100000875268113
1073356732
1061513146
100000373114263
1364709272
100000627452657
610515145
1269926800
678945149
18500982
1199573456
1214422393
525320489
695770795
1557386724
692386420
100001879290150
1349288406
1307653259
100002072839214
100002633495870
1679167931
1438180669
1667847425
100002361176437
1374197063
100000475263259
1819140852
836585343
1776537616
100002321914017
1170131170
902530566
727636377
100000956139297
1154464193
1286324560
132700732
1160515059
100000099919432
100001176717744
1838742505
100001349659788
518443924
100000069868238
100000208520181
1325255865
1183532716
1717796770
1611135205
100000402883164
1181461611
100000208724611
562809555
100000585297011
1007443746
761015088
858565044
1755428304
794315462
