1101042091
1508342170
1106848042
1261770924
100001234346843
633010373
100000703632766
1341790484
1202111474
100000746508160
638001012
1143427913
100002175692348
1196621945
100001701242526
502561731
1263462721
1261284612
100002080556916
100000349447847
100004246352133
660814390
599631425
100001521362130
610432427
1124649658
1026582436
519426908
100000495310636
100000410146064
1196793089
1090821613
1454240389
1489207058
550821765
1406645709
100002572545954
1802753422
601202193
1488987865
100002443036355
100000330036650
100000100603990
100001764225677
100000027825666
744640001
1387928111
100001350740574
1254611576
678784392
1221694733
100000440646045
1113246276
100000063289627
517973163
100000016297861
100000592725755
1331490028
100000900616864
1051981647
699317322
1274749442
507217142
1499013347
1085471466
100000837585539
700576239
100000189229196
100000222786850
100000062764270
1634890570
100001692454576
1403590385
1645900171
100000014904055
1242421676
39200874
1208188405
100002208040289
1359292456
1059460052
100000234411763
1404630019
100000300493836
591871875
100002473263817
1471080221
100000539752556
527559967
1060173001
1368315022
1652647040
1468870857
1422451963
100000522099655
1021923071
1603956523
1647462665
100002242108724
1256117015
1517446902
610442350
1152220880
1062496294
1388603053
1217743006
100000007403190
100002471666036
1076407918
100001059778741
1423990815
581305828
685297948
100000832853820
100000194652113
100000186453102
501580755
1552765467
733805447
1171200084
100000800393488
1386666627
1141450442
100001247071476
1104469236
100004230180003
670527618
756653530
556901626
100000459165150
1767173487
100001827473462
100000465935812
504463318
100000505171985
607260390
1369431185
100000822228834
1055107867
1016831038
1179433758
1464696421
631918864
1001660219
638111135
100001859892142
1475191512
628777644
100000539892588
569911744
1592614489
694680341
1630176904
100000283554007
705341122
1677654819
100000261796125
1195560995
100001413610142
100000266175038
1087310939
100000514384257
520405771
1532991505
100000459977998
100000290237432
1085814978
1547906838
1106942238
100000209770222
100001217422816
100000409837154
704475528
1740238161
100000181736290
1142371681
1022722885
734170228
1319496995
1477680828
1437926213
1456637643
100003069904656
100001637751660
100002218241159
1537021309
1588496984
1128325311
627122376
1107221767
1723168717
1129480180
1528667687
1671843510
1571473838
100003371478570
100001779486127
1301106985
100000234570792
1516320503
671262710
604220423
734925787
100000076971897
1195902067
100000906754330
1764207879
100000034197067
1378481899
1018140109
38418648
100000363477603
5823462
100001924959864
764483217
100000978300375
671384902
1503618333
100000141019194
100000798056842
1836909419
1666184548
677419369
1478331958
1452728256
1816143005
1411271623
1821612480
100000006340108
100003300785339
727174380
1043420954
100000730508532
100000273540359
1843136598
100001147123057
539865289
501187177
100000607432849
1050382562
100001891473150
1064943600
1215543920
100001979204685
1400581727
100002980617797
1666075888
1531543677
1587290241
1507789111
100000016485069
581786495
1613232456
100001292352171
100000546459590
1657935914
1018983829
1199537815
157500122
554721053
1135279076
1790713802
1316633533
649704756
1318361220
100000565042460
100000200588339
536007118
100002534878001
100000168205649
1223716165
94602311
100000850573249
100000301656302
100000995080340
1178927211
673965283
662376509
1307045465
1063477516
1450530346
655061606
1370137413
100000383824538
100001977245008
1291725878
1426647111
100000126833784
613636195
1297765085
1633158648
1257833022
100000739493753
100000629473517
601845794
1098867604
1433225100
1238894858
1271703097
100001800355657
1642775485
100000102632450
1441235911
751532814
1308234777
790851036
1260966599
600495021
1647855163
100000800670906
699332835
100001673756250
758660226
1235434729
1007221945
617481060
769396101
1168656973
1236568402
1116266377
1340101627
747775978
187700559
100001445057123
100000519162033
1123201081
560625450
507840251
704674781
805196483
1415087335
100000314696905
509189948
100002613607560
732255468
100000877907069
1655765088
1059263563
100000261007845
100000641662812
100000170542421
1448380279
677235199
1509967309
1296211421
100001066870636
100000551693791
1254143406
100001529874737
100001512128012
1036735826
100000722417841
100001853085577
1199648078
65006542
100000062760197
100001015334499
1115224033
100002487502911
1449136475
510135029
1480069596
664747826
100002516357681
1523285975
100002581939414
749368852
1354337881
675845471
1611499557
1228330981
1463499413
1108276426
1057242145
572825318
533049457
1262079762
210611539
5810382
100001724590932
1198324390
1156258658
636262748
100000654493659
793244044
100001201654457
842315303
1618150874
100000175062472
100000519688377
100001700956759
100000575530723
1606571383
100002385077645
1385161566
100000224804026
100002506552841
731466986
100000899738852
706748868
520688466
1342916820
100000426084966
100002068797684
100000732120931
100001238174064
572623875
1344915715
1398734104
1383107725
1312220860
569298005
806618857
819173415
34502781
100000584226474
524497947
604895909
1321200784
1563602433
1699081353
593598106
659629077
1230066865
57106929
100001643467612
100002042255314
660988178
1691632344
1121958615
773721612
1755053710
1724581608
1147352635
100000028302771
100000638078290
100000495870557
100001292299067
1384610695
513619514
586152214
100001387317315
600928052
100001451231338
1836271831
1398291477
1519761990
1450446688
1488274800
100000824848940
732384097
100000249600652
610044257
566252805
100000424225202
100001732853424
100000584124781
100001973482194
645681204
1017555699
100000277526538
616863208
100001720833130
1314761833
1294146931
100000925581211
100000137753187
1071545921
537988251
1150777395
100000244785314
100002601300027
100000829327927
100002276645803
1788741901
1355094491
100000326898249
506891539
1068166909
1172221415
535602313
1259063407
854165064
100000473017777
100001506049410
1121630206
1422438905
100000345583078
721202005
1492882379
1174939949
1743875041
100001169700503
100002316166946
100000588046523
1514048763
1639294167
1133821681
1089747529
1604043724
1062726620
585191359
501158140
100000703958403
752965720
100000697866939
1707410240
544883295
100000729041696
584477412
1664468519
744877227
1239342556
1520200467
1421162738
1719746599
1746575210
1091640288
100000541732437
100000236301924
1481811980
1583430099
630150320
752748328
705132254
591680576
1024986935
1510399057
100003323441065
100000061249147
539006229
607418355
1447683413
502279491
1293195172
1202854682
504712374
100004778199916
100001949783096
1237080858
1765710590
100001445190014
1247592058
736808878
1760536622
100000345505360
1303435964
100003307802477
1235063307
100000775563962
1077109575
1062890065
1752631381
100002433700709
598649660
100000471157604
100002516884992
558702754
672125720
100000457776240
1224723452
1641263888
100002319487541
623672986
1785417400
1083915194
1496207748
1300780452
717138867
531961507
1448521260
100001122207157
100000500960063
1349619087
605798272
1100731931
100001513251746
569289382
100000541261005
1381215774
1728439199
1080219682
613212893
591979448
1231868600
100000232491615
1416415875
100000126007376
1592868342
1693775573
1449723306
554905639
100000143326054
100000210552266
100001809845588
1561376863
100002485260690
100000253800620
158437264218425
1146277716
1212731801
1361550171
1556816861
501703855
1207094623
100000480943046
1283957828
1417404604
1017621036
1794117832
1033432107
1058991249
1325375451
100002573135377
100002279447272
100000084154383
1348376913
570658194
100001417018368
100000418042540
658119061
100000027351022
1345560155
1631769837
507816901
601206208
1378253394
100001408380596
100002249335769
1176221724
643222679
725969799
1138090207
1228137589
504435903
100000307973531
1012781868
97400209
1055571235
100000695859311
100000030657973
735945931
617646216
100000152880031
1846394523
809419191
1568372149
1571903975
100000081413055
100000499866114
1609080052
1306306848
1620919477
518666251
1574754732
1215957572
680958752
100000850047800
1215653777
100002277705166
1522107128
1307688333
1189770073
1286773796
100000734582248
35806044
100000076279486
100002281176425
100001188741766
550310357
1489956485
628028542
797479546
1006817765
648455267
100000770291108
748566098
667114584
1429712463
100000039788344
1247223206
1235971398
100000566362923
1416016265
606898762
1046743818
1035715325
566191798
100000238418071
100001520725797
100000944098290
819625022
648236462
100001988658654
100000506289883
100000269803936
1194798975
750460508
100000226558294
100001519956947
1094193394
20505507
35904167
1474210007
100000220184228
1217042155
541463597
1850497542
509758200
511635624
1082794244
1157244596
1318914361
1143415501
1822546670
551275633
100000643763447
100000698793523
73800913
1574924598
1814518191
573200035
100000430493689
100001673201660
1235347309
1052415976
1715422345
100000391163272
100000319776396
1281034140
1273294535
100001942041408
100000530084571
100002701012063
1685050135
1295537918
688885382
1399966049
832084287
100000189365701
531834925
790494649
1673299838
1587798413
1047140243
1561484046
811957261
100000582788114
1456624196
100002447288853
100000765567394
820025520
741611006
100000874544576
1414594803
1090404851
100000332175166
100000706906933
739310290
847959393
100000348943305
1717339534
100000487326401
1599181632
511280471
1490325753
1624133721
1573142255
100001592868362
1173583456
1650855331
1433992621
100002332390120
726616052
100001261498803
756512578
1018504023
780699047
100000327186564
511685479
1322748571
1799793149
1172787005
733746069
100001514978806
1221871015
1513685550
551836164
100001062227958
100001255214544
100001414433583
575227162
654777019
1346445152
1132471968
513512412
100001036583198
1148620967
100001794032730
1838439669
820200407
1165988667
100000072643648
100001573027182
1523854644
1302656153
1217240048
100001016707802
100001035021487
1097146417
100000607624651
713472515
1604846970
536336777
533924413
1158356027
100001693689862
1280081353
100000181371486
95001490
100000544692874
647368482
1406875744
1364891948
1607187679
529816122
1169340130
1035522127
1011056940
1120272296
100000956957142
1281279713
1244080902
100002645145914
1412252990
1058960403
727412100
100005401830948
100000074815082
100001371064355
1454382234
100001978969238
1096360499
100000505629786
1810464065
1240425916
1157382572
1437949456
512895731
550377375
100000031404437
1735471188
100000552762979
789120897
100000550412725
1849150864
703159488
1254693934
23419088
100003237115191
1768257753
1494110913
100001026613534
100002187313329
1371178118
1598506681
1143143906
1049134569
680144523
100004073044138
100000210635133
1461976335
100001850419180
1176298532
745804374
1245908407
745340216
100000393987697
1492265006
100001454082665
100000746833771
1096290153
1656214774
1112359028
100000471467482
1081000902
1520958524
100003365344077
1076353444
578771156
100000724091954
100000415384117
100000186043931
1487358649
100002906968212
1154618600
100000997377776
525461474
100000975689114
1008494409
1782102807
100000880582509
859760053
1082574265
100000539640969
610892919
135586703118156
1117938635
1027584095
115982765239
100000224288224
1318383623
100000078166736
100000073636168
100000327489752
1812316764
644272550
100000311399220
100000971432810
1452945499
100001254549633
1224342207
100000103632330
100000705851498
1346628811
1807391479
100000837003104
740913308
565135271
1607996665
564555552
1347796530
100002379948259
1173575193
100000809862799
1495697248
507476914
1422351970
682638865
710848724
100002969135736
1085132719
1610852485
761043422
579785532
1183247449
1440530310
100001673606643
100001229880111
501707996
100000586962339
1783433436
1602076273
1188182835
100000096361521
100000097571184
699181003
100000533636841
1111742717
1315990530
1355498140
100000057136551
100000360595150
1477410413
1165839805
810840213
100003376684152
556991601
505683082
1377615415
100000599953602
100001700994957
1759519327
561185486
560123162
694956981
506523095
1281604165
1628284045
1639213341
536048434
1157827724
1382898053
100001483101151
1177371572
708450233
548849770
100003293973910
743475510
1541615993
1776331298
100002640760097
100000361948075
100000302757505
1818466502
100002268783521
100001260633783
560848437
1626559205
1351092429
100000885446550
1403103501
1741652775
100000111133073
1538480727
1020774982
1332544616
1500306916
1013780265
1774760014
1127871140
1696556837
100000023613491
1520466299
1114055557
640193156
100000110587953
1160828488
100001277651111
1420591497
100002678584494
677943506
672027925
100000714967215
100000097953433
100001517036508
1244424400
1545437192
1108480624
100003288595953
100000005020647
1130877032
1544880095
100002181251256
1509990524
1418350245
100003821880192
1271672012
642181223
1654939652
100002485484827
1700689668
706505724
1136643226
555545139
100000635982088
100001801001822
667984354
623680834
1455420036
1517536194
760408766
1679011254
100000935879008
718508017
1153720134
1311350487
100003310765454
100000517665728
100000920455301
100003218144866
637178927
1561504869
193903691
1614336469
793110857
100000362093795
100005079456963
1635955108
100000293416996
619008400
1487131145
759782298
1788674133
707114316
534996469
1347677789
1656546254
558651769
1508554277
1103378226
628096114
100001152782410
1326570480
1037323392
1166387769
100001327565469
100000720123178
1640391808
832109516
164000463
527569196
100000823639979
100000719566960
100003006994032
1374686461
100001347447518
587794815
100000395283774
1161651771
100000337185457
657960121
1526674280
100002414162423
100000318501808
577956050
1471463837
671520193
530354430
1122313337
100002036576393
70801847
1273781432
650100451
100000001894593
1350144079
1564475272
1159205315
100003135163444
720823397
803775386
100001679562675
1318531168
1663081057
100000523227175
1662973528
522500281
100000283666032
1486570069
100002302101907
100001021532587
1289884961
1201669130
100001574313703
100001319034008
100000211453963
1770655862
1494212917
747403977
100002247558308
100000403012366
1443923386
100000163006845
703678817
1156741198
100000248697178
1721217134
100000369594784
100000077408141
100000609242416
730642579
100000413634029
100000515324276
1697040843
100002113602230
100271503386165
1394522125
1561241003
1434387964
100000630451151
771290494
100002202425996
100001025868075
588065764
100000541491494
720026318
1799392083
1085155292
1654416722
1793751786
1475809661
100000391293647
100000863102429
1067463306
782657525
1426397336
1484746023
1378688299
100000247804440
100000102690525
100002437250949
641978368
500176058
100000225262846
100002259625095
542202152
1283611718
1016885669
1454340071
1782808264
626484512
664723362
1440953393
100002317142426
100000336361382
1468832126
1007733704
1047445533
1577875288
1465391610
1359592060
1633320892
1475919233
1316585347
1836805337
100000288637729
1123613944
100000196205369
1607780525
100000033141651
100002337497951
1671174651
100000587207700
100002387997801
100000635846812
100000354785057
100001503766295
100000679721299
1471305594
1392375197
1368057113
718068243
1559692089
