100003032986149
1296109630
100000157222442
100000270743839
100003712155859
100002609538255
100001291977884
772308155
1511322095
1503430819
100006267280417
1789605557
1412746551
100002563941704
100000566023110
100000019522741
1798965511
100003826128760
100000232935442
100000650795168
100000492309121
1126239776
1436377750
850959856
1537831386
100003259221161
1297486134
100002027299809
733034063
1538304142
1147476704
1315364783
547232636
1466821249
100007174330725
725680521
100000613183600
1109023662
1439172130
549464627
1506618458
1516937949
509271396
100000966181420
100002219559054
100000803133950
1633868382
1407380080
561939844
100005296745536
100001559572335
100002252575721
1497648471
100001351051356
645795579
190351717650623
592348546
100000890497872
661614776
675171348
1768215497
100001163233227
100006495083846
100007424073698
1032171436
100000833991628
29704621
1544588142
681051144
1134492002
516754613
585029391
618698444
1415193070
1435411538
1437813173
590740560
1165592438
798610354
100004773934740
1221453503
1321064392
1098421540
510223356
1405944365
100001737989185
100002131918813
1180695248
100004140962927
532065959
100006955329037
1366798169
652944301
100000841665204
1317952514
100000491066971
100006099430910
100001453455906
39105244
1274054567
100003955626094
100007217084537
100000653491152
626385499
1558165398
100005303705403
516114500
100003381820558
100001798627538
100001223980513
100000726390976
1553000526
1115875901
100000266411281
100002072558953
1430937105
100000115882138
94700335
100006487420382
100001601328208
100000768136807
510683807
100000631448845
1255320957
111084672261176
1474707366
1256581231
100000162908754
1319018375
1331523980
1432794020
536573386
1096410830
1169584694
100000173344615
100000591545653
201802718
100001878851413
100000659637430
1365153058
100000596694421
709519032
571306637
100005540260939
100004441711053
786608957
640906299
100001536623530
100000083534664
100003100182298
100004048354987
656438054
100000821253006
100001233390885
662921021
100006640566903
100003347466215
100000937335135
737589744
1302594010
100000615010908
100001544433335
100002585992340
632611315
633921485
100000052344132
724615443
100004636213416
100001980626210
100000379608736
1389356968
1380596813
1278655768
100006485007800
100000493193154
100000914313094
100002099765572
1129248869
1523103362
795463055
100001382541753
100000588935103
100006424861178
662185752
100002438491836
1548227865
100007387353319
100002449988207
1061331940
1539480451
1524394286
1739881254
1369033504
100002189794093
100004423537067
1365320644
549739179
1013589345
1421295106
100004029557505
100002528252046
551645742
100002640998047
1642562621
1615081093
100002366428578
1051411517
100000163807147
548925667
1166197931
544939867
1493275591
1838623105
100003028939928
1258183340
100002983336437
100001968378142
100005624704539
1095420318
100005641453339
100001871959874
614007389
194101271
875485598
567725660
16708815
713311720
100004405004019
1430010383
117913274986300
100002267211761
1361653829
635092278
1416595939
100000097609250
100000052852352
100000561913513
1547273127
100000639450492
1793463824
1138390768
552612378
501157723
1791438371
100000152224157
100000814804631
727384541
1525686079
1344053808
1224312443
1592972330
1124983183
679811829
100007090210710
676410258
1281824103
1262117261
1393893594
100000230258004
100000171471282
100003242285551
1757777489
154255317994691
100000041264838
681865520
100003700581722
555707483
540496037
1547410249
1291999203
1309281188
100007548841473
1054328768
100006673992048
836779717
1292531870
571556275
1477864398
100000013960485
1485761872
100006009486211
100003345735240
1696261607
798370277
100002102269464
1231129684
767869003
1499704277
1307116830
100000159835149
687311228
621351916
100002296377202
608706406
757372917
1819467816
100007118616855
552942868
1097690196
1038763610
100006356436367
100003743466171
100001068030976
100000540941002
100002262728296
1631332290
1035851335
1471399464
515224208
679991703
680640883
726816440
1313048400
100001495188351
100003009684531
100000153477186
690660151
646613634
691110914
100007548094398
125900222
100007548099511
1209766987
1476362761
519149361
100006664056471
612246920
783594019
100000800428973
1336390240
100000314751726
100007368187476
100001010972884
1113247662
1252717880
1521109771
1296332951
1031981753
100004170608391
1758259812
603387495
594986589
100002036699022
1325226704
100000650345014
1686469418
100000550892378
1398275079
1417930341
100001000275374
576368745
1104918851
657878055
1271261973
100001300175615
1143900940
1430723725
1051446869
100001997816906
100001030646433
510239093
706191302
1244349967
1232769471
645496326
100005119300057
1288774056
1435884665
1428676389
100007560189850
513250349
100001372452049
1000959354
1789909198
100000074144930
100000414369862
100001603720007
674989171
100001992425770
1161829877
100003900882022
1465630239
1361872082
100003730682954
100000359126747
716805446
100000728930578
683200643
100006763231930
100001537270906
1342464462
1549066673
1096514616
781497626
528078972
100001800600099
100002139648832
100005156942587
100001752941129
100000356064965
1145300389
100003572015066
1562250296
1837220998
1400313583
100006594428228
684575778
100001495058416
100001420577621
100007225322572
646060467
100002524198931
509648657
100000481202649
100000204825571
100006595864770
607046731
1712906591
530039768
1098586608
100000227904225
1474634630
100001081879698
704064384
523542988
100002219298805
100000713714255
1443344427
100004706863394
1259922331
100000622065313
1016511346
100000642258516
556643220
1704789771
1195576703
100000168674333
100000855348202
685742517
100000522034305
1594272066
1665038411
1489615858
1424791749
100000107404715
663557055
82900506
100001165697143
100003236916533
100001848264230
1370215549
100001501368386
1046846500
1215674069
572227011
40481447144
100000125081983
100007028411289
100001316446923
100004253171540
1327557741
1453274505
1352351186
1471669700
100000941534220
1354424439
100000642454648
1020579510
1047214642
1677128931
835793747
644086392
100007336180912
549173227
658233650
1372602429
100000416659862
798293969
1837830703
100002971760724
1137050872
1628358741
1296796956
1018601973
100000093930307
748808068
846144442
521649711
582047069
100001160301096
1214112381
100003249988168
100003934769004
100000929356588
100000160590225
100001032010920
563775351
526745448
100000067873889
100000141321816
1025711517
66001590
25516313
100003377019766
1834595980
100002529083346
1360863964
1649734621
100001022278787
100001065963119
1356421541
1201737957
1427730466
100000065089056
100000315616669
100001991113690
1241032625
1068034942
789705435
100000399214450
100000017184874
100000658854567
50303424
750170209
604171159
100006751692603
100000631604193
100000274691845
100005928043186
100002822401737
610430885
1451974469
100000541824323
689478078
1624533412
1351538511
1622104969
1182911429
1009890227
100001010277854
772837765
100005019122771
100000409465137
100000483688481
1302780604
1145214011
1324323872
646780442
1603000626
810340314
100006394170348
791888286
1011151024
1523777251
752277148
1189120195
100000006310614
100000810025331
659201935
100002593593976
1143339969
100005155353844
504453339
100002672013478
100004946706748
670410857
100002850810161
520786184667845
100001835389228
100000593854010
1690163327
1634648288
1554287040
1199806141
100006711998655
1593447342
100006140772897
719516086
100000569687216
863775547
1309811470
100000134569416
654033214
1710201788
1665339133
694825095
100000035863109
1484621412
100002352237559
1051491983
100001579958708
1155280956
694540888
100004653941625
607749197
543036782
569981408
1114590070
640542125
1500849571
653415624
100000563610034
100001801941388
243177962407128
1569360151
100001020541064
691931030
100002396776132
1190829521
100002974795005
100000519404938
100002734141520
100000934074209
501182555
100000897716432
100000078411467
1075171303
1544755815
506162050
1370513913
100000997397384
1838887613
1377797431
100000118085116
100001500563071
1530854217
1651236597
1841983927
1267020816
1466512412
589523238
1040508359
100001412313682
100000676094386
809915030
564758376
1137504234
1278633263
100001219816034
1033114079
628682096
1628300878
100000530646059
100001048025129
852975789
1101872012
1290162607
100000119725396
1643076790
671806882
568755300
1248526008
100000064567394
1273677919
556250415
1474040785
100001468225355
1373688682
559159046
1809024448
1477043194
577930730
509739873
1101990384
100003655402265
1648684195
655395694
813995310
100003165876595
1466662329
100000055215881
100000229834514
100004746782013
1246231199
100000742196428
1454414733
100000172543830
886660573
686325269
100001224571655
100001568787133
582343868
609831368
839448661
56303934
1210490296
100004349730328
100001084837961
614386210
100002612161486
1445502977
1083802875
100006587769700
597081412
100000059312310
100001380507347
100000588462383
100000029160403
100000268431042
100004009261217
1408254721
100002766584866
1451963136
858219845
758127797
100003856778235
100004375472197
100001266587298
100003026821729
100002518043338
1259915461
100000330093403
100001147898533
1333210893
571125701
100001493493220
1208233083
100000632547523
100000720631873
1519776229
1488856014
100001199368602
547027657
100000725234095
1417565922
100000220050180
620690524
1412809084
100001117215360
100002538227410
1349122453
100002789503076
100003298129555
1227833755
1479189069
100006876423197
100004102853540
100000876861011
1275212435
100001825140254
549140912
100001202573049
1696335315
100001212855070
100000221854318
526610611
100000412072277
540460645
100003340928887
1720840634
664839381
674054255
1272155202
1100261206
100002432662674
1553110350
1550619043
560349448
100001030309074
1816527694
1313437759
100000301422706
612195983
675120135
100001026146114
1653490333
100000374921024
100002556861816
732276664
1684606681
1180417287
100000875473640
100000270053356
100001725526660
1384960884
100006653912550
1066211425
100000537465285
665089213
100002727876765
1190738395
512285682
100001611796423
100000388475910
1151035212
100002261595617
100000423584591
795497117
1469704638
1528770432
1460930635
1441514879
100000016814231
100004303752147
1101351394
545462707
100006088263281
100002932975694
1732790424
1108156436
1799052145
100004194930576
1231270615
1333504804
1514859501
1403592501
1153481735
1249981310
1110412986
1390100133
1450156379
1388652313
100000304437328
100001704132381
1069097377
1233199851
1105611558
1400828227
1033023395
1197130777
1663118467
1020703162
1151000588
1459134196
1330043431
1318586543
1009671789
1290378573
100001469430311
604865214
100005122093126
100002211575566
1011262419
100000173643930
631565665
100002288618058
100000451257206
100000727957108
1360542990
758365547
100001113130772
1169383720
742820877
1670702471
1770545465
100004244526574
1250191361
1550869101
676530714
1384885092
100002035303581
100000132110878
100004307739723
602417255
1723814640
1468053313
590474195
1517852061
1342138012
1018014038
1328546433
1136687493
578785762
1452278454
1561952048
100007320540203
1551441916
1299104656
570349125
1610079786
750411867
100001592912697
100006708882331
1456860747
100003314151821
1576087196
1157490617
100001724242413
1306940791
1279429235
1596790596
100002393534090
1455188879
100004147148472
100000128657828
100002983385963
100007398240491
100000152677147
1269138447
636995064
1334624157
1534185284
630854726
544013956
100000680120850
611936757
100000024201093
1566397901
100000098636853
1595651104
100000107203684
837404535
799792240
100006366754291
502355585
100000004627045
525798644
1393431104
1301995909
1065764030
1473533783
1586358833
681300341
100004982140021
100005361452179
100001491221760
100000428649058
1665083699
727338739
1031730334
1314135883
747950102
100000331807977
100000456891678
100001639809942
672109178
790044362
100000816658689
1253161348
620362573
100002811951412
811985330
100001225367445
100007271170336
100001634682882
684550098
675562197
100004398786771
728465200
510262597
1814341226
100000728565076
655306526
1212485496
580037305
1233043056
100000686299179
100000050813784
100000020719252
1384773296
1230503199
1368875431
100000044404058
1362466063
1648395407
514617622
34502781
100000038110749
1661174893
100001520116393
1435623627
1598732184
763799189
1580483829
1518788505
1266052075
100002758858503
1630327293
590888028
756602710
100000118145661
100001256789057
1470421736
665756192
1659859765
715034000
563067060
100000211538748
100002320845269
100001932421693
1464222781
713222967
100001431537346
100003131571155
550585664
1439290261
1259237009
100003556575056
100002453654478
141100146
8226316
100002496337542
100003189706172
100001800308191
570293149
100007092517480
100000062744123
1370170970
1515937834
1406400046
643450916
675149703
100000849192865
100001826277368
100000558941119
588993486
554323977
623805409
100002262150310
586721986
100003082294602
1153557734
100002733054376
100000728797647
526084935
100000863877247
1154914583
590790982
100000639127571
100005240321044
1142631591
631094738
509122294
1370566101
1167231461
1096790571
1590886639
1113294709
755347253
1296841917
100000091269805
100001908992844
1338886464
100001544426313
100006200019022
566036208
1427718747
1530355729
100000662793653
1516275476
1026227610
100000017398793
1311588795
1568821343
100001695189232
120388198060969
100001355810289
1318751214
747068171
725970381
100003301859088
576673973
621369094
1651005517
100000576989024
796087277
100000746041841
100006058242534
700369778
1458571017
561131624
100001704683147
100000354202050
100001325373857
724692106
736555439
1106193718
100000820672697
847515607
537471317
100000167153825
100000817410660
519667305
100003788553758
100000544741204
1076935597
1374645681
100004867723703
698793960
1535072723
531505435
673892706
512950153
100006552338447
100004033736824
100001540516772
1365453451
100000257239507
1446789162
1662663300
1478121049
100000649392623
757085695
1725441918
1052360129
1281298033
1048689255
100001264994908
1472028586
1545650624
100004039570037
100001898933676
709150315
100004001298639
1267144836
1579766288
1171441334
582557634
1120712789
100004212999499
1345216700
892265233
867755081
678134771
1388221854
791559838
100000015682320
615161719
100002296291121
1477113950
1508324211
638521859
545271970
1761507029
1454916989
100001342568313
1032021601
1488847070
100000617080778
100000716198499
100003177797260
1634890603
1353548783
100000512839122
1022315668
100002747347513
100003709549609
1504908438
100000533263788
1653067727
1290321731
100000153332846
1207066651
100000554802270
735912218
100001630243955
791064872
100006227673321
100000058192245
674041339
100006747133761
1524465377
683612635
100000456488638
100000582724243
1645779182
100004282270305
1522842562
506723489
100000702202863
1099435314
100002890126595
100007233160388
100000414393929
1364121309
584080999
799107085
100000590652372
100000139587741
1240086683
100000701323744
538316641
616666151
100000564940779
100000361345257
1148523361
100004071651445
696643857
1200910296
504193024
1619739854
100000495408440
1229371837
100000522448750
100000471184747
1296477961
100000187502527
1624292261
516350992
668118662
1210089742
1233965448
100003367404715
1494045022
705180335
100001701499019
1453996167
683348704
100000678066188
100001429960927
1204092850
1273453641
1006038538
100002916796283
100000308359793
1525025847
1227292630
710650123
1814298815
562718248
1414707790
1393893619
100002194706254
503466850
1568536583
509009645
100000535294954
1258123215
531834925
1452997232
698218180
100001343362058
100000253017551
1348745287
100001061748713
100005170085146
100000292892086
100001601012792
639202426
1617758865
729590767
100000940161147
100000156128894
100000012741215
100006562507875
1257116442
1146430325
728812735
1008398348
639535723
728087014
1024867688
100000562171299
100001734731597
1012960421
100003858943199
1716708735
709456900
100007230100116
100001906540140
1815851226
100006408664214
1292602551
100002056144310
1101491279
100001428487423
708778552
100000713619423
1461116388
100006326021385
100000739541642
837069593
100000651403017
1666833319
100000612597397
1293523343
630277376
1052002077
652136871
1420915513
100002247970214
1354903926
13957771
1184482086
500662304
100000719937272
1825666774
1374797948
575721853
1724251271
1346348460
705391770
100000116566830
604552574
1070082502
645460117
100000546028209
100001002383476
100000858471804
100005968452779
1341065093
1367209914
652817134
100000708349355
100001399789050
628811544
1538382618
1360756250
756068676
100003576355299
1616702515
100004548190658
1501852857
100003042567456
100004338489240
715080271
100001269683568
100000772262189
751588685
710760131
760008623
1469301751
100001046567599
1247684777
100000098838954
690012262
1069671394
1434649691
1426308872
100004077189325
500535387
1568975663
512518527
100000587100300
100000649767764
100000552342404
100000194749332
100000045251227
543521058
1080487839
668271499
1818136407
100002623895401
699505109
1798363879
1521471110
45704113
1239514647
211801615
602603539
503575061
1838218564
576201607
545896869
100004290252888
1272506687
100001160194952
1814213423
1013068227
100004364795569
100000071307815
100000729401262
635333911
1416030728
514620209
1825736238
1012031371
741250114
1490392865
100003469982985
1000352567
100005376492312
1552159338
100000737572714
100000126331548
1647206140
1611423349
100001317621416
1199795340
554741851
100003296703097
749926863
1619019979
1516794748
503173226
632558352
811318746
1344943927
100000623941181
100000732865009
1799560255
100006286564054
579720968
1357760951
1228860070
100007349708090
100002692597608
1490610058
100007265950058
100006620412449
100003991111204
37603269
1668063319
719325416
100000035959328
100000840665199
378985685463327
1484381544
1355643057
561350776
100006419160817
1066447945
541247795
100002483879216
1483663658
591400688
100002621662585
100000276637445
729102092
1361167041
100000532913381
1847550013
100001280931042
657082170
100000253366898
100002621735520
12332566
100003812710415
1204950151
1319451200
1444437484
701960187
1743446842
1368293383
100001344420506
133469643386843
1155480623
1240010822
1362892523
100000207538964
52204245
1561337068
100000549791887
508311443
100000568001353
527325914
1825617624
100001483651810
1496536753
1608100381
571080258
100000063183421
1664462848
100000153062827
100005118194228
570229293
886845388
1651668092
1528598157
1779686215
1448780715
100000540243742
794870456
100003959951686
100000522261717
1010994041
1505488644
633977984
100001166360495
1556570345
100002203615706
1073899096
100001933184488
100002658709681
1043148710
100000184558696
766048531
531652823
510087534
503120261
100000328689968
1560802296
100000734212789
1081245953
100000247779548
1087406163
100004271863548
100000283004870
1035912945
1771129305
1544378633
1376492047
100000896336623
561471686
827285298
1592526512
100002797207888
100002517084602
100001638761250
1065791821
100000196117011
1316146999
100004383154327
100004076181617
585312115
100003252277669
100000362095877
663454294
1045375630
100003126835351
100001375713078
1123700180
100003549199066
1318977267
536007118
531935060
100000970842363
80505295
1439634939
1002106721
100000204128622
597859156
1638793418
100000898165411
1600046426
1686002058
100004633654252
1749293201
1244040493
100001092423291
1461647138
1550976280
100000535488673
796975704
502847523
100001391887803
1483576671
100005902929989
1218465131
1386701212
100001467372673
100004080324630
100000045563686
100000210394063
1577220059
1574599858
1488636119
100001217780319
100002734280832
823752001
100000474812596
100001322368708
575626537
100002215096554
1621525025
100000732120931
100000897610464
1129181601
1482431914
728637471
100004918532394
1492981048
100000843892661
100000402700258
1128991187
100001534997742
732680466
1291332284
100000377722360
100004573260592
1835276633
1784049642
35908991
512163017
500208562
100000620661193
1832375344
100000350526143
876170415
612940062
100001271914511
1538415181
100002033733183
100003240600375
100004253076372
1474354999
100001345903867
100003292128506
100000005958345
626742549
100003573124208
100001698881283
28204369
1210893418
71500723
786521101
100001363330586
100003372051304
1084840040
574261285
100001707450985
585876891
512901037
100002143442400
100001300622299
1042324594
516437218
100000776319009
695562539
100000188086633
1466019293
708656035
100000676393825
1105440021
561186266
100000468892854
100001307553308
794695194
1414612628
100000562087671
1105202537
1259002698
722770859
438037999615609
100001186856995
527151960
100005864374391
1146217988
100004727613112
100000626740352
1110167900
1821140766
100002823481646
717953355
100002467384312
100001443276177
100000016298673
1804396891
100002568875190
662495716
1754751887
100006263529389
864055220
1641722671
100006303823885
1760506880
100003106825375
100003742372388
742796963
1535191584
751347571
100000248023478
100003765813207
100004901647781
1030577426
100000796184807
100001283198500
614833334
706361846
100001465225499
100001270731919
100001937608483
518956055
100000598382088
100000659679214
698560325
100002273648845
1538480727
100000657121707
1196647924
100007400289124
1183180167
529264947
217400740
1551459626
550728531
100000083359356
100002508871857
780806831
100001863647139
635240622
1842438109
1298416878
100000438706220
100000700033749
100001438172447
709017965
613076155
100000050703050
100001033421719
100006116372409
880070067
100000518926421
666001812
1502168855
1173780980
1296332600
1056666088
1071273577
100001269943366
1179260729
737553338
218849808249959
1412594213
634985123
100001486513935
100006467812984
601357151
782522515
56709240
1512092705
100007394137214
613066065
100000943773058
100003840426834
560621006
1253978222
509123550
544694908892197
1022434362
1139251790
1045334788
1042584626
1678826270
100000756574837
1612382614
100000029483939
100000347388848
100002806003643
533020064
203803345
566484368
1103323444
1271483990
782628034
804348323
1291821238
700962227
579581941
1501456127
100006302442587
1356142410
1635003196
100001866853583
747383452
100000500856279
1280510417
1106298371
551930257
100004445113972
100000701862551
100002976733092
1053373166
541612684
694509212
100003181331875
1506866531
100002182925266
1127922394
593354749
1028170206
1450263066
100002541724223
1560798753
1587957069
510256779
100000008388708
1275125964
1540928043
1197406481
100005796817341
100001413828860
100002416994048
100000945165814
100006313564924
1241441751
1325799212
100000443454595
513204667
100002586732476
1496696821
583634822
1415404407
100002487361856
100000212982201
1265062602
1614402393
509227160
1025810131
513405021
1006285967
100000052370864
100002781403118
100005648976667
688785300
1184871051
100000877581250
1105552439
1456015651
100000005650701
100004473879317
79401734
1472695513
1499962004
1721779518
100002567512909
100000049215550
689720128
512261816
641562772
100003735318689
1530324753
1226090446
1191553904
1784370636
1394237849
1610915075
1424102597
675203642
100001031048674
100000137810889
100000103587171
1131333986
100002657743155
596791172
663888014
1230350219
100002246230622
100001338701228
1718080123
100007445109932
1197908765
651957388
100001193125720
100006660846265
100000844537924
572211114
582687722
1115941492
100001045256948
548748992
1519754213
500664703
100001161957439
100000519993760
1159532607
100002966271786
1031775159
1459870580
1557641107
1788660895
1005540070
1178075391
717405224
100000104037919
100001183955743
1549785879
1416853456
1071572495
100000005014699
1366099119
100001890562291
1614551900
100002123587734
704890794
579279146
100002030652593
100001704361506
100006032559510
1113292534
1136700590
694380318
1673652126
1438270564
629585020
1383977550
100001583322326
664435595
513142128
1124649658
1174210009
516028310
579117964
100001783786004
100001861973638
100000837348737
1041880143
100000516132044
100001903860151
1116984486
100000438592385
100001000410422
789023197
100000686931546
1033777290
100000150168742
1718817916
100005340995827
1019895127
506791338
100003207912533
100005563535198
573590971
100002891420388
1348310648
1396899692
1514365853
1654999964
590317526
535136751
1127705867
650645024
100000168465256
1603800081
100000443127475
100001063310887
100001351636068
100003802074335
730800010
100002643753962
686841419
100001552574152
1588275052
1642725698
825548971
100002135172573
1105103363
1735311792
554717190
25818048
691180748
795310353
100007401662905
100001871041126
1377037698
100005647753000
1172736126
601896319
100001424260207
1209591519
804085157
808573755
100000204452428
1663247968
693233354
1372514008
1148098185
100000527228672
100003370447842
1306913297
100004275400937
826884235
604841857
100000005337592
100000133323578
100001357810584
1138740887
100001078328206
100000765341255
100005861379086
1753221950
1694510701
1243595002
679071419
79801102
571926939
552186323
1521085978
1759656506
100000349676772
1150852568
100000241992676
1583630067
1367577288
1529301223
100003517877502
100000270563840
1613135248
100000598722553
615171919
100006708720719
580073555
100000633331562
671260187
629095221
1360942322
100000348500953
1317923859
1586165006
1401441408
814819175
510605913
100001185872686
1548643682
707241567
100006824284539
563494500
100000829491325
100005237884563
1644034349
620220436
647098345
100003926192273
100000166636361
1192864818
100002467649131
863960183
1441303465
100000028503390
1676598444
1630936585
1012546196
504026368
100001644346328
705173864
1405621266
507982934
1435819662
609161732
1849291050
100001419866024
1522470644
518735764
1510130231
1236187327
100000618391334
553401384
1057522806
610650811
100006223620308
1923791
100000953838573
100006572140570
100003228840845
506507853
100000574586966
581328950
725160542
100001720403012
100001558535060
1237401103
1370356618
526520914
100001053608373
1513658883
1552073500
1406086525
100001431989168
1582233726
100006648695521
100000561035554
1581264371
1441759257
1104925640
1030387718
1535850785
100000624417835
100006496508842
654026400
100005714405404
100000448010705
869810257
514082684
137709289597181
100000607047306
1025895709
1850422423
570932378
549301346
628031676
1386277342
576421452
100000639608756
548499904
770305061
100000237654042
100001694633508
100000792324017
1406541389
100000872527049
694094119
100003652712145
1133204094
1707146702
100007505825622
755970290
1735678218
100003758117975
100000497395857
100006453155380
1354921021
100000796562976
100000270970984
100003926290138
510633785
51800794
753417472
1360150169
100001597656485
1389514696
716641849
100000884713929
51804493
1466150753
100003294245684
1778470455
184381448376425
545992351
100001410876417
100000099373197
100001521260567
569306407
577258289
1425780683
786260272
1154286674
1166942256
851255471
1011070015
100004281930892
706804508
100004131874132
1705734000
100000975072945
100000085056858
610410223
735980293
640316839
100005943906908
1373795506
100000861907025
100003673488789
692225607
1549166717
100000602165841
1201454038
100000060299438
1432967066
100006385271623
1047942771
510366810
100000779617599
100002475946436
1124703364
1820775703
1539193515
100002747508958
574934345
1814691555
1365374741
657578837
775760421
1431465109
1094506366
100003799008968
1438470385
662705519
100000489362494
100004427320403
775313973
100000134783062
100006188654010
1679552973
100005398242299
3435175
1037752837
100005145900789
1465784962
100004373588329
1070295667
1085864569
669558899
194803599
100000359730033
15607535
323500110
100001840145762
100002546253811
100000350723433
1608499690
1133811567
29707825
100005767505909
1661192188
1726580942
100007141290736
1760578261
100000790982116
1262920446
100000468852509
645636035
1058438193
694770270
1134542533
100000467326477
1335393804
100006440591849
100004377193919
1430139448
584608980
100007194073046
99512582358
1574715611
1524831300
1349794553
1549568908
1465672936
209803277
1155706603
1357210500
100005721152704
566646382
100006407383132
100006300072439
718622064
100005087263197
1247787598
100003384483451
1223703019
1471833842
100000567772569
1554850660
1017662414
558596360
757395961
100002466782009
688345201
100003691937845
100000695532661
688390405
584767644
1153205569
100000540083870
100001052634701
100003738066704
100001600642598
1428536010
1592660368
824435439
62103295
1711645074
100000775650019
721085713
1364124711
100002190506598
1321157005
1244202936
703500122
1095182767
100002104617314
100001322062678
100001015519374
100000468182734
100000368960488
100000717998167
100001593181875
46106389
100000143019455
557737724
640461818
100001091084064
100000085239731
100000533703735
584585393
1444652565
1094845817
1171907449
1283397813
100000195596490
100000692931838
810542359
100001523803100
100002313253852
502868420
1585011562
1558462832
1290150032
100002038908860
545956281
590030878
100000155396588
1297301115
100000248673025
100000745353786
100000385308118
1345388196
100000443028288
1539011091
538700094
1276084937
1139228416
1318447563
100003360576081
1185399271
100001274325921
100004070221369
100000629255144
1217093595
100000031453178
100003200229866
100001212823676
1637361629
570442817
783479852
736260446
505881481
100000036374821
1651728263
628620842
100000575726963
100002454895223
100005488534099
100000930596515
1351584550
100001999723273
100000322684786
100001288458078
100002595892016
1649911945
100001660267166
1491833335
506835011
100000150213777
529221589
100000053605300
100003663954979
1335976596
1406190062
1031051041
100001520534522
5241833
100006698257526
900515021
100007016024540
1171956229
100003278341500
554730002
559135476
684055758
1294968899
1167984103
100007135483103
1588302137
596396882
1781641900
1103756763
100004316862539
1661537850
1364026822
100003550098105
100000084965352
100002281556156
685372353
504085689
100000363780279
100005382576578
1065748867
100002578192021
652498625
100000980703263
100006403350877
1479657860
100002362562481
100002842433472
100001575450908
1787230459
1166716828
100004284644309
860395122
1128713457
100000263271652
100007277671452
1426465870
1072771539
100000367322746
100001763146177
100003036587958
100001391912658
543149417
1358185447
552129027
100001253234827
569935309
1835911087
100000088309214
100000423440682
697948352
100000382384437
648448156
653972761
608257675
100000560269337
1524884039
100001663437370
100002520980318
701006483
771251531
1425190174
100007661494301
520503518
601896598
739635612
1321901216
100004253857119
1445094823
1325202019
100004981812189
1153517667
100002300784285
568430283
1026985911
629536738
100001721051200
1042583753
577865796
1652276546
100003295839519
848319167
555680794
581626370
1170520009
100001509205370
1190193424
100000562639839
100000058101829
1391388749
100000492727993
100000036170162
100004584241270
100005944386825
100000225125999
548773758
711504472
1672967646
1655907270
100004882923965
100002912282286
554278537
637865531
1222542692
100000266023218
1648517183
100000435088214
100002148553722
1178140382
1231901712
1310326189
1101422797
735999665
100000263732634
1504913716
100005020411051
100000683010616
100000283679143
100001006066910
739709918
1082553346
657052697
1053350835
100000833184069
100006474760332
1126458320
1023540450
1336134505
636651469
100000551756921
1738322391
100007633599158
1208133120
1517228453
100007140943868
100000482414565
100005380208341
573465650
100000109550667
1212860179
1834280940
1352215245
100005217733711
1215363491
1466032130
1558536450
100000389550489
100000794862924
100004173792720
150538001684276
1557070388
100001244208295
1485383411
1343178964
100005078854213
1402746496
780467279
100000701485756
1176948576
599646349
1438945031
516579403
100000995025185
100001389431972
619677440
100000727308170
100000130706124
1495027436
100000679113194
545655642
743505045
1356639674
1455090226
100000378565564
1566486692
100000187853806
1663565183
1273662295
1676596430
100000456234590
1115772137
1265043626
1207792186
100000593812449
1561624819
1076632256
100000389990217
100000120584648
100006513910648
649320306
1799041652
1472944473
502234820
100005168970308
100000804316783
100000501018380
508505403
1254180024
100000415416135
100001625252863
1480776329
100000397551777
691786245
752397249
100000011444341
1775705893
100004012998648
541504541
783083870
1433771199
100000550995005
717110102
1000224755
100000166326963
1638196014
1545616917
100001651506009
702845841
1078835017
100001787895552
1641190906
1003666963
100004588753321
1632577835
1727424135
595711109
100000508862624
1562059557
100001662826972
100000173850317
700353520
1144959754
100003598606764
100001549215316
1509135197
645685183
1133978479
1673233937
1543299585
100000885258475
100001516108227
501889705
100001021688292
1591508478
100005644744364
100002359522689
100000551895073
730062984
100002548261232
1311861048
100006644233876
1276368663
1359994669
1532569126
100002135597252
1085354156
1774166556
100000942185992
100000722603816
100006218772169
538926068
771898394
100001367447580
646639635
100005010720710
1633832107
702485100
654555702
100004347970036
763405438
100005265341318
788739305
100000003600768
100000553071213
100002945822409
1564189138
100000145245599
100001599602954
687205065
1302700580
1506494107
100000699826433
554790598
100003628236741
100002522131045
100000112864943
751637628
100000564675377
100000953080937
1258501172
100000219475485
1399551680
547940387
100002158156075
100003602400142
100000367704203
100006246194013
100001797350428
1569571275
100006586629879
1502100595
100001828981776
1481413059
762740371
100000081136572
792889710
100000567706718
1082951211
1476700258
100002528189026
100004596097702
100000527772979
542055359
1189710279
1268139644
502918507
100000549297372
100000392795102
172301581
684691072
100002472738550
818123577
51004722
516175913
100000754193856
100000778389767
1451439728
1514825020
100001692110918
100000839445792
1748726415
1502425307
1690661159
100003088775658
100006725645378
739344515
520059258
679455458
100001925902481
1056332870
100000087522060
100005549400836
100001694678602
100001200314177
100000745063295
100001759091267
733009939
100005826394334
1686244553
100002404652364
100003131654899
335935666458266
100002815198521
1589714326
662121358
100000863453031
100000394813696
100003485405970
1196731176
1305750751
1056521545
1253537200
100003472510730
1695022903
728235850
100003285549083
1686288670
100001532467330
100000852415722
1204890446
1348818926
100007358829199
1429122176
796339635
729405701
613657144
673196422
585486079
100002192138576
1127603638
100003354218856
100001399925475
100000877898433
100003540283928
100003369535155
515861625
100002237837821
508754383
709904657
1037604477
5743339
1042298734
1625631527
672173560
100004943528723
678334105
100000685687766
1241624030
1596103361
1268618641
506187061
100004569131510
100000160093977
30121803
100000411245947
1136192759
100007449361699
1056600268
707769647
1089566364
1416784077
100006615277456
1841572380
738125794
754469111
354982051248028
100003341275139
1547503743
900355056
1016138857
100003932282803
1205673456
1129260908
720430844
1760572720
100003260484734
1199653923
614844020
606756538
1337394085
1321654633
100000087290917
100002366809095
1532223834
100001530223552
597551255
704331548
100001221448706
100002372885140
1604921819
721940029
500374111
100000225130505
1109862949
553334358
100001033020051
735661042
100000260635812
100002482098175
100000772920818
619011884
100000210638479
563520318
1587414328
698945213
751780832
606895166
1661841494
100000437753798
1811860489
100003328318141
100000855698194
631725623
1332745239
1705549959
1057807374
650955178
100003711699379
100000912696333
100005542322657
100002636641358
100004660173218
100001276080389
100000108974978
1317405735
610480402
100001810708792
100002970433574
504924210
594950179
100001874658834
100007201621571
100004952943995
100002600840146
1523910618
1209190398
738471022
100000335261527
512992389
1080698855
100002399618039
1317366811
793585359
1192249900
1086295086
1591781584
1476407001
1298080791
100001647370614
1077190614
1555236235
842311599
865455359
1597980122
100003745478085
576096668
100000905599446
100007424885456
1650889321
1826753613
1546495172
95100266
650475144
1107327222
1180348441
100002468149016
100001451985565
100000054907313
1535493841
1085602446
699935583
1181890744
100001017372699
620872842
1788778748
100001639040600
545935140
1612387317
578782122
685842957
538531602
100000062629587
1426987333
1293372044
100000630816357
1657164758
100000068132923
1515337532
1375440821
1186743327
882415444
100000017881881
100000164310458
100006408908497
1416895616
100003884374642
605102940
100000067532427
1426056510
100000294973856
1697152441
100004572156867
1294977985
100000470796452
100004013342466
621560242
1570050710
1598719643
640318057
100000508701599
512591845
100002461832371
1072011352
100004863093291
1627307000
100000715637260
1814422538
1345415031
1150824566
1346142794
506236932
643699378
100002632245978
100005734659170
100000753842946
100003082352266
1706178615
1148506670
100000279030933
1215174527
557060990
1531230985
1464457202
1415932211
727525532
100003268509720
1227822983
500984917
697529257
744281065
1117313911
100004115970833
1084466320
1400848861
640876600
100000101041402
590894219
100000337553711
100000038654502
100000400833144
1728649615
513103776
1394156466
100004043383967
573391703
100005776268652
100002490811284
100000146887819
500028877
1441698875
853862271
100002381724325
100000160823961
754445180
1282442954
100000346266656
1394878584
100000558726964
1233476564
1054811637
100000784326162
100003520084507
1462152458
100000322592360
1667261384
100003707596699
100000118173643
559042030
1553505116
100001263865918
1663204086
100000018841946
717393590
1127873830
1258317055
530531794
100002305434206
100003387166954
100001233879234
1635117651
662895311
100000092874703
547655483
607548101
1144827499
290602612
100001530877653
100004423772474
100001238174064
546273780
100001153114131
100001495165298
627606874
573964458
100006412963021
570405122
692877573
1157037156
1033522442
645743733
100002843065743
100000421597643
509055317
100000407413970
100001077799015
1415694181
675358224
100000414780094
581706284
100004639478544
100000485630108
1622422362
11503992
1415465542
1206698039
694924803
1378200058
100000462076096
750035001
100000071210531
1196351561
1575863611
1676498848
1643867865
1084077027
100000137715926
100004414744089
709560600
510127038
100007354808915
100003078350683
100000265807874
518521293
100003782569095
100000098705855
550315271
1316043907
543766710
1264415851
100003840962733
100000490537799
1658306400
1572163565
514110629
1086662207
592962744
100002858960045
100005017686452
100000776190078
678217092
1155382015
100000082820611
100000178727593
1132329444
1082679687
100000110701360
1738372177
529283412
100004140070030
1073831520
100000066180644
100002833324943
632130611
100007378327262
100006961813694
883585236
657593144
100003637477889
1332545646
100000033817089
100007345930110
1459100151
1026649815
1810752380
1198175013
100000668785976
1133743556
1120268276
1482570026
707765845
100000326203186
100000098928468
505387910
100003332086932
100001209012332
678485121
774408551
100000206469175
506375835
734232153
830909309
764830694
1746978995
507790827
1327587104
100001501183098
1398392855
100002681559233
100000355776267
100001258336706
722092913
1004636123
100000569842153
1540748287
100004312261571
705045836
683327945
515563892
100000637929813
568096980
100300109
100000494196249
1109760997
502744072
453597594681523
100004170602023
535260399
1479682719
606631821
100006455715842
100003525210782
100003513540457
100004208316493
100001803065946
735787667
1038022744
100000557459053
100000598142013
100001396233937
608451545
745865906
1719056079
718225927
1239921646
749858612
1124864246
1331491415
1285736979
1763486158
100000776377504
475883415801412
100003616703215
1025291906
613954785
1006180729
100002078822210
703603016
100002552844643
554446212
569886679
590911189
100005865725183
100000141348932
1658221257
1284857496
100000909047572
100002249998745
1680626769
100000331172098
1082561788
140772482787616
100000188762109
100001435631259
1516814834
100002555021547
1239080737
623485118
769260180
530525290
1254309850
1734488392
1293645771
707844110
100004987448658
1339571850
1613890490
100000385656089
100006490764527
100000913787259
100000117660533
66201779
100000891477642
1640138854
789409091
100003747802792
1243744155
1042002866
833505757
100001059732721
100004923906481
1293628611
1167707070
556385544
1737200000
1603645456
100000604608101
1464570189
1076044350
1228578207
1275684581
1422174377
100000035371744
1614691672
100000731481089
100000312954803
713180600
100000941957733
1849574263
100005330345373
100000933404482
100004746339701
100004393503698
729695460
100000522398064
100000169939022
100001019986750
1495722731
630711937
1462986405
100003943092965
100000314246699
1754361648
100005738431038
100000517665728
100001038283197
692860316
17022512
100002841246847
100003061542763
100007156773157
100003346650894
1472207218
1150296708
1048934250
1430112288
1276557891
1270335725
520507009
501864807
553255273
100001140036179
552466357
100001735426685
100001013557757
100000008740609
100004452275057
100000131119625
1025617957
100004970410643
820865124
100000819641410
1332417907
1261809138
1057839031
100003136367398
1454772174
212402049
1404547800
616401367
1107625074
1749301059
725135353
100000239784045
100006222162413
100000648367691
575424719
1220824325
768290322
100000531084291
1528092842
1120712691
100006072364073
1435360814
1073598958
1645854554
100000743211718
682047039
1558637825
100000655331183
100000773412887
617195828
642400567
100000043393065
100000656453949
100004213056286
626881224
1216631878
552254413
100004886553670
782349404
100002979769533
1264784752
1742602145
100000819728734
735300243
100003660742750
100005644062196
1799693148
100000000786031
698876994
100001060504404
100002144224325
100000496812553
518065770
100005013251509
1574774931
1296141971
100001036886685
642618067
100000943337361
560209699
100000086923012
100002124511334
1188456543
100002402127116
100006579133580
800033635
1587317243
100000415045577
550747253
1621194813
100002957534903
1278511346
1628987226
100000912711196
100004250620116
1713464815
510159669
100000060311210
1555867460
100000690044120
1415777253
656195464
1439266355
100001472320963
1232384924
1334192299
100000453568720
689909040
823527438
1249834530
100004733497556
1414183302
1624092259
541186017
100004696982615
100001605533813
679319912
1012232855
100001593297545
100000124802234
686031507
1343426041
1797263529
1072427851
523290994
1556813156
65902664
1188793419
1406465556
1217081391
1221147907
100000033769898
100000155625983
100003405979968
71200843
780865561
1323297265
100000300441569
100001024478535
1227121717
504284791
100001415710977
1067055328
570373402
1462631751
681351400
100001019845918
1146586652
565042941
1466121227
100000422222546
1197347908
100002260580494
100006016531995
613711059
656632187
100001192545355
100002828807766
100000096608511
1241919317
100005271942241
1637405703
100002482396493
100003715939846
100002236447473
100000487115154
100004603771943
1373132891
631143169
1836946587
100003333156263
1707386314
100000776460638
1649553713
100002694582253
100000588412008
100000507792913
1565050455
798259285
100000080784035
790995653
1053322322
529802702
1570592285
1292138121
1380602120
640843342
1456447292
1083961373
1153595183
100003654098769
1152097736
730345350
1182317537
100000552852046
100006465821886
100004895136587
100002146950494
1558116416
1245843736
850524559
100000483922993
1132371075
780554025
100000500209487
1235742207
1321506901
1106010671
100007359254582
100007446695485
548077029
100000887613003
742696012
604851377
1656911740
100001157720434
100000275085584
100002570693235
1251441873
1176046803
507742952
534625224
100001884177397
100000003310627
100001052545925
100003570086258
159000917
1396688998
514681140
1311190246
100000235656837
100006327241867
1111967296
1795003601
562486485
1373011226
100003463317896
1002425042
1095010151
100002015203585
522514883
23918702
1008296032
1609800278
100000230350849
574295329
629505168
100001104369117
100005188664437
1048642156
1166777746
1612448583
515481096
100002582213034
1168096776
1136813982
1442643686
1331552960
100000098683991
100000311965115
100007453351939
585106728
1489385020
541075483
549606930
39514567
692047667
1625623607
100000646586792
581934972
100001172097952
1255933606
500587076
100002689267747
100004835346752
1559528616
687103909
620506879
100003184867608
100005869981383
1662048969
1497103868
100000600729844
1179648537
100005374062136
1013072344
100000367356405
100001311104189
100001036792728
100007103886729
100005253332824
1715998611
1641895060
100000917821530
100005903443369
508589302
556829248
100002174565903
1195743784
1598510376
100000284088159
100000370478262
100000975192995
1653465263
674517349
1333898342
1130043982
583080151
100002488447488
757208543
1810440068
100006474978178
1509652982
100001555970583
100004500542655
23208846
100001121927189
100000515167523
1134408340
1061265100
1698475378
100004722282407
100003920226058
100000239997237
1329063942
100006545016879
1730026754
739118610
100000623950151
1122094588
1330223447
734221012
764658336
100002624767176
1647950812
1700760397
1176784261
197994693636884
536940518
100004745190247
1239522749
100002688224728
1218053496
1015233267
100006723130111
1313088938
1077155213
100006994083672
691884108
1548746551
100005374213220
1725210966
100001748704388
100001001675394
100001565899854
626447064
1099246242
100003016758101
1211118291
507757481
1453596833
100000714035095
828433839
1532868863
711930796
1293052693
100006548797870
1338387141
1737291783
1772687202
1088205026
1419107064
628136045
100001227191050
1532740678
100007470930670
666874645
100001810371712
100000379582016
1048073924
521705080
784773782
1198331064
700059609
100000056427238
883225502
1340187663
100002204171245
1112052019
100001885192409
100000237047967
100000002743772
100007147628204
100003919732348
1086930807
53002489
1641852948
100000865820817
1488707330
779591143
100000168066765
1840224176
1541717224
1221974707
1016238618
1016700456
1496262504
1390035139
1311848204
1395557809
1464610439
1825930471
100001272087657
596141083
100002290735764
1442689642
15701577
1676617860
1235526960
1795031246
1620187399
669831186
100007242364941
1399866256
100000871878315
1376232297
1142289373
100006125949758
100000121643603
1165929060
100000997399946
1369104857
1188892259
566820608
1130619200
540342988
100001631882386
501594859
739551182
720315351
500788777
100007382322451
718083327
122703962
1317662825
676109901
608212050
1096633978
100001681761346
100000077413693
581928026
1747797064
100001135562439
100000413259124
100005891173637
1466121304
1246209805
100005351163353
100001017065109
1429725511
637185600
629507109
1253628646
1494199042
1061894130
100000054057144
1662557318
100000967962750
1455726585
100000733576269
747993932
536690808
100001719505176
100007389062284
1081477020
100000994753037
1166493304
1064211553
100006532715154
1179668667
1237473025
100001073214216
100000084756445
1179025697
1307445663
100002392006677
100000589149674
100005993674722
1168877842
290009611058335
1459558455
100004188792833
100000361384582
100000580009515
1215028309
1641754067
100001592424384
100001936353760
100006288969607
100000269567456
100000627975051
505683337
1079154887
755547403
1327841970
100000298783438
1032876248
1755862982
1056144946
1270612217
555941077
1202626481
100005348353404
1681749040
100002360326554
583950149
1420446844
614780233
100001509543464
1758801619
602840976
1773895657
100006990545411
1088828785
100003813071769
100000348000545
100002247894830
689571524
100003536172291
100001092882763
628560213
100000481388917
100000172302763
100001216625869
100001306111439
604894112
100000610368274
633498666
100007286940326
100000438444739
100000035255598
100000509359349
100000483395815
1065928636
624644256
100000691860963
1514603212
100000691796628
604650000
100004442884954
612340516
542147760
100000069918330
592076514
100000586795333
782473076
100001147140451
100000877388943
100001181315169
672646948
100006290979724
1425211476
100000772899519
100002342951362
100003466856043
30817728
1087645490
505814950
1237964013
100001627636692
100000318790262
1470642561
1501157198
559389901
1456562187
693965302
100002073004800
100004980759698
1186712482
100001646140423
781974364
100001718381507
100001000913432
1552488579
100000186487290
100000163567380
1377688048
100007053967042
100001642420393
100005575840578
635269768
1622984410
617030852
100000435737388
77400795
673290924
100000665345159
1732257230
773554713
543265600
100000833295722
100000349792957
589299021
100006070502888
100005079152219
100000131483463
100000859534989
100001684427399
100001866927223
1190672380
1182798526
708342015
100004002695672
100006345493805
100001168861064
540342226
100000295366756
852535404
600883100
100000338090146
100004582812489
100007665392509
862975340
1533463582
645805315
1247895715
559905402
1819213858
615420977
1280679772
530557186
1416217391
1580336334
100000425217464
100000210060719
781333919
1273807929
1381904703
100002053164340
100002084362121
1335317995
1552313696
687656447
100001543321607
743549333
1404371070
65905995
100002225715413
100000846148607
100006018040253
1300787858
1635712222
100000742059515
100001117506169
16905221
1617840039
100000092984923
100003608608554
1260966599
100001413823101
2019361
1469817968
642145213
1540989667
1802385346
100005406400922
100002592712265
1458725534
1470987023
812670331
621743426
679759621
1086176343
100003836025134
1644532476
100001547579203
100000166625913
827612737
857990857
1402937873
100002758509321
100001030591823
1375969585
592411462
1389871306
100001700621558
1238569170
1171467371
1449532928
100000010597984
100007154557097
846899164
1047870362
513654627
1579879627
100001843450437
1542590406
557121130
646549114
742939644
1208184156
100000633641470
836464480
100005888762302
1101076154
100005000681552
1640866706
100000557317363
1224510701
1780248419
1659971121
510905587
100003330786404
1162085969
100003865022026
100001219320518
643690846
42810077
100005561771054
100001282325571
1159964029
100000074701361
606086664
1437155119
857310510
100000693221020
100000053635912
1326875611
558188703
100000406335042
100003798066852
1351114472
100001077732920
100001298752362
100000892101933
778947761
1119117325
595378483
1070451851
1741900373
583218461
100000206986363
812370646
100007454171398
1597981650
100000718048286
1444590884
717307211
1675699822
1322725304
1580065000
100006150215539
1657070912
100000280367977
100001517655661
1492618128
1070256713
100000394123692
100001014366447
651718628
100000885914801
100001268296360
1068685264
1300631507
603116059
1534260998
100002533046171
100002170516325
100002628352688
100001407347404
100000180451838
1409561736
1126825597
693876432
1361047563
1344317808
100002160349548
697758351
100000513862891
637127154
142400570
1381420790
1260268627
603695748
100000611097314
1472282837
100000595340965
1097454416
100001411396043
100000141268463
528579713
1147233281
1494571633
1460814875
1370815938
1767542710
1466782886
100001064582602
700125410
100000107117997
518002536
1485516764
100001249148641
100000601591109
100004375623633
1578543473
100000438911338
100001075893770
1166722379
538175085
100000456153728
1823805933
507484993
1420818841
652568120
1393451705
651337068
100001934126583
774905603
1493640711
640608189
100000582814012
100001062229756
100001232804256
1414593358
501325671
100000193465253
1131076936
100000722300437
100002362340407
739180429
1322520022
100001185706639
788094298
1042991680
609447303
100007188636171
817160022
38101649
1395136319
1503000729
100000343622525
1138627432
1445656668
1463951405
745144858
1207155066
100007181490935
100002950476262
100000511758016
1670032225
767188010
100001251987520
1097964606
100006095165483
606420671
100004176009884
1417874125
100000688211860
100005143448367
100000821615230
1192822466
100002449781489
124900656
100001232300975
1352786965
100000953052374
100001965678980
1714436527
100001687865857
100000201600179
100005017052092
18401171
1352766063
1628644288
100000148629602
100000590494390
1500425015
100004975210962
1786457723
100001406412493
100006243824510
100000492012754
1436120629
1284871852
511971711
567679362
1478653390
100004399445185
510109014
100000830850897
1034091603
100000489065128
569140154
100000546469041
848449483
1262016595
100003626745620
100002871972207
1347638918
1599181632
1168001900
714826246
1218887283
1428295344
100002622126850
8374471
100002099382533
682134399
800054932
1259485216
1524300387
100000772235397
610300820
732578762
100000522571599
1481937319
100001491307412
1134024239
1365645510
100001008392589
715440787
100002533882560
1835634836
100001731710205
100000694042659
1617337124
1320447151
1447568495
1699912599
100007432569270
100000940987671
601515227
1297181553
1041064114
1412364129
100001162290925
589616033
100003560922776
608835359
100003400042118
507156772
100001265303277
1634481481
100002525584062
562109591
100007251482755
513384190
1573853937
100002248306332
100000039234588
100002399670162
619023343
1805064820
100001396407231
60707537
1790458627
100006421298141
100001779953440
1246472695
1218407876
1113124038
100003253759766
1364135082
1262136397
1664547368
661564193
1099189660
100000070993066
1018704248
100002028133192
100003834410143
1281694156
571220020
100000810183264
683430553
100001538846258
1105376513
1219796585
1810854708
100001073652415
651296107
1524609163
777404370
100006732101916
1375989279
1252663297
100000589951800
740100141
731140871
1565132033
1418514944
547918775
604441030
1679737238
559117396
100002482577792
100002263654810
1115340126
100006477555090
100001464202985
757484422
589346223
1626566943
100006482212547
511908946
100007157322411
632459026
1172644240
1809366720
526450192
100002488742466
100000058652504
100004215338636
100001383115575
100001862064198
100000523061141
100000707661559
1264915220
100000666115503
100003765712137
37711872
752300032
1635232915
70304387
100001005709726
100000826808281
100000394611801
100001036647203
100004632284079
1593342503
100004372358880
867905432
628477910
100000828617765
749011578
1773242350
100000257025369
100006484663932
500352243
1487101613
731619285
505032247
100001200404497
1180902269
100000488030189
1183184014
100003485692708
1101272372
100006132393982
1438552557
618718642
100000248670290
1829525782
100005316990597
100002473263817
100001400278904
100000622986901
1289394428
661680075
542215850
100002579400042
710536245
1501502530
100006459555210
1050290000
529422923
100000307325906
1031996145
100003668042199
1507548615
1424405198
1058778902
100000544780902
627570322
100001043018721
1072316975
510767266
611083242
100001504942022
100005637129333
100002396265316
100000585467393
1501266002
100005928670126
100002903243049
1391616123
100002710747325
12721043
1634226663
612396293
677357993
584551083
100002928878898
733435637
640968734
100000573184416
100006766356081
100004289739968
100005434148883
547921201
663031462
722614079
100000564653405
1189002061
1503133024
100000519810947
746241918
1783540804
100000134769197
100001521737302
868025082
725280275
734794938
100002224102935
1033772444
669487541
100000524949871
100002681873127
100000845413536
100000016167401
516075033
686361411
878480037
1010148195
1723734399
1790000366
614990902
1792538784
1503197905
1084446549
1071811351
1287487846
737173424
1557627677
733145224
100001097670418
100001189834280
100000105758168
100003965364099
1136516188
100001049358563
100006360636810
100000396096500
1399290512
100000762209100
1013341560
100002589574574
691963547
1024681840
1381994354
1135091923
1004536058
1779060834
1018830459
619619157
1810728842
100005594681950
1622689823
1200112912
100000947551976
1446527604
100002868880540
100006956914543
731815209
100000504129306
1575214349
731458397
737083617
530898934
1220443082
100000145814638
1715485776
1439167983
100000307895133
593196748
1402320395
1410563350
1270288783
100002135505527
100000365275086
1033836081
659826358
572050773
100003886071838
527241489
584960186
508921003
1710775265
596356490
100000337476216
100000713280202
1537276405
100003393063354
552974539
100001703749044
1650176270
1411181575
805819827
100003643501601
100000028844993
100000882932478
776107144
1833799766
710530376
100000896232523
598782290
142300004
100000484809132
1279664943
100001028777280
1372572921
1521764112
100001008572763
100000041556218
100004222476890
100000849231078
730671811
1033679449
1025084334
742145359
1046192061
100001317336115
100000441998971
593207574044763
701121795
100000413808153
100003219351816
100000406093258
100000612704745
100000168385181
1515704125
220100198
100003255298143
1028192791
100001107252523
747516927
1629447111
616214621
608070199
1018374093
100000534541383
100000699764146
1080166066
100000044171331
100000150514195
634471257
510884271
1024204957
1295136448
100001299818504
665078865
1448822978
1560692672
627450938
100000507821445
100001595722600
687921665
1481340898
1445390230
655221824
100001069867357
1796666657
1538990556
100002143373620
100000147596721
1632333378
516458700
1654792428
100001343964731
100000049309058
173210769369433
100001235882341
641993858
1191343324
1139861160
100000123902274
100001208685394
100000259938949
1348946394
1429021876
100001226247516
100003744925850
664550606888684
1034777222
197818763
1491799181
1238274973
1387334402
654983881
100001003425161
1699156989
1071995814
1458733986
100003702853654
100000819013220
100007458125408
100000672122186
1356356279
100000753733431
100000282203621
1483830545
100000708043715
100001368125615
100000435259672
100003952038012
1060897456
100000147583674
100000641765051
187300190
1634576842
1588263179
100002440475870
100001521263982
1846748949
100002890992431
100000973871923
100002052376437
569020400
100006302553473
1428064331
100000676599465
1279787728
1761241721
100005239865541
686040303
531404401
1076755182
646162754
100003931714726
1056822469
1823749920
1725698848
1540436584
676579947
727276451
1158165902
585471575
1825515353
100000683746341
634973737
678272650
100005125003601
100000515511338
1147680158
100006680081717
1322257340
1514256685
500469217
660692993
809981939
100000833869622
1094193394
1841464069
1180583546
100000557980412
1269069161
100004186063205
503073249
1819665112
100007261871201
1380770999
100000584210409
1345411245
100001505833772
1266483253
757409613
104200775
1295625746
1401207069
513626934
100000457964918
1410731730
1593932678
1612706106
692907245
1276661998
760328813
1171658054
504451787
1446390517
1516274214
1636155188
1424433516
100001143218009
100000782767730
100000254260340
1195123411
100005079373876
100000853334282
1748055947
1179699070
100005593178323
100000589062207
100000043022547
1000413974
201982076497459
348398285261651
1605169518
837672271
100004262430052
503647177
1529708458
100002761272823
887620359
100000791123470
604681551
100002392774675
694567114
902755525
100000963991910
100000103420841
100001061696729
100000480976197
738461527
502191061
1239898144
1505182164
1411877314
500714108
100000671071668
1350133325
1125831875
9306006
731216010
680221617
100000138676130
510016560
552254210
1239184993
100000854256971
1494542969
1102337115
100001279911385
100000081973603
1443079161
1481660153
1674786582
1182922711
669630654
100000995932549
100001385446172
100003969418229
1280322218
765980460
666969023
1600429360
876225607
100001902396380
632563830
100000896562245
1400174272
1300561272
100000130965060
1476947598
759387274
644477751
100002040428920
100001426386354
580112272
100000173462659
1661192284
650477557
1345601411
1440143566
561060369
530310276
722557985
100000765664944
100004965425326
637408438
586300141
1017368958
1422294753
100001028704509
1151340831
1268842213
100000520622608
100004212488812
1658937763
1341807545
1576642168
575307290
100001696700470
100001498593488
1083335010
1521475865
1491432855
657114377
1002245670
1167538347
1548915035
649059872
100002305454021
100000177906139
60709891
100001171137256
1447671190
100003306695108
1278437904
786899242
100000503264249
1459788616
678518419
1522277435
100005889335567
1483953082
607275477
760467158
1434579045
100000950438115
100002261965014
100001760965082
100000068972063
100000716154486
536777900
1454490017
1230607328
821559290
739379919
603849651
100001647800912
100002229023226
1218713950
100005053268399
100000993248942
100005077860056
790934078
1347452976
100001648874344
1403511830
1360373466
100006796692356
100006731380208
100001882661925
100001438399619
1221534639
1493390465
100002754185372
100000940294327
100000314078406
1104915898
1517152980
526505741
1180020074
843419059
100004535585226
1275684549
1672395599
714441555
1175090538
100007424444605
1244748728
514958550
100000224072447
716228274
100003751860990
1390021473
100005606250722
100007146425593
58902432
757010715
100005955570214
1403798562
1105989685
1153911983
1246055913
500452984
1849862408
638610413
100000830474532
100002447638016
1418115410
1744351240
531351265
100001064560606
100005885735644
1375715898
1490252626
1033314502
1754511888
533646972
100000068734215
803100696
100000632287377
100001094887787
100000864460850
1328444854
100003687184901
1731547534
100000145081280
1086640226
100000184376962
100001372493760
654628588
100000135046336
100004127432262
1258380012
100002567631800
712581558
520277543
100000582446063
1508640499
100000680606207
100001453376030
1408218843
100005882859447
100006678245427
1697923452
1528321411
593969290
100000339423333
100001153410221
1116793189
100003920961317
709830547
610321192
1238328436
515784946
587216808
100002643824483
100003168470911
100005129443565
1562288000
1324746029
1477943751
100001377885841
1806298034
1064183453
589947050
100005767410847
1222542365
826095715
100003271491640
1012926822
100004322653793
100000800417130
1625355381
100000154465112
1412557179
1640227366
100000318303030
123000534
100006073771407
100001893680030
609305090
644689099
100000033274858
100003227392971
1513603234
1340004952
100000035499868
508670878
100002223808176
593791435
100006037171656
100002331593009
547918505
1439741462
100001540703302
832337347
100002029207995
100007377635475
541555456
100000582456343
1173598411
100005947386399
100000236469552
100000754113123
100000074492877
829155037
100000649961071
1162476012
100000504918365
100005504491213
100005400725343
1570923711
1347435613
1273854738
1609418128
535416773
999935640
8111121
1253135172
100000209893888
571832428
1560360815
100006565545675
1344265880
541948334
1616406928
100000600772745
100001002617689
100000194426081
100001834023978
1355144683
548790975
1646839578
1619371163
1395383668
1336012691
100001791723451
1427570433
1607153801
562634117
100004500331281
589565594
100006160871044
100000336259598
100006049264835
1751831478
100002070115063
676084241
100006725291013
100001352278557
1828104648
844139840
1002514588
100003638302046
1632326802
100006554832782
100006429391837
100001991625092
583194688
1042632541
100002251052457
100000487397912
1260607746
528761568
698100597
100000323145171
100001777258629
1144805609
1648774093
1082617424
100002778002165
1135331491
100004121044061
100000050693947
100003318188406
100000409051636
100001540426476
100000079845000
583250802
100000622728140
547448021
100000591572291
542699850
100004944876643
100002595921472
1679721528
100005879670200
100002172840425
100001238786861
100006098344126
843693679
120504397
1497934622
1726823026
508082871
500569577
100001299542046
100001830554207
100001997996287
100000463961507
1200144311
100000240308702
1036530793
685076200
1136796032
100002567229664
1037134766
1343504873
100000253859228
1321148373
1321028711
639930405
659819111
512054222
1634850146
100003719426784
100000147819900
1033257004
547351053
1467368646
1343045428
100000260690623
100000818562754
197100097
100001463529731
500974136
664350652
574565095
627172499
100004141720687
100000641924411
1359545083
694461751
1501030574
100004801566162
547533988
100001427853856
100001151200898
1200313980
753030328
620455721
100002891163310
1526141952
100006434251351
1347919521
100000045490158
100000597682956
1521952267
500041250
1375785070
1356667946
1049466767
1430445122
672915640
1763631328
642940589
100004650702461
100005419419012
1491242311
100004035980911
1815469000
100000005776830
1443797839
518736716
100000332987754
100002713249546
100001211886571
100002565035593
100006483315827
100003052712516
1016536867
1534959549
1772120456
1329805299
1512363148
501948116
100000052215269
100003763821062
100000375590440
100000297303198
753497461
1220945535
595362783
1419941800
1424338106
100001358955580
1553057339
1234675174
1173568428
791808857
1672924803
100000216670411
100000814703789
6512466
1589625305
100002397417758
1054799247
1086343032
689965480
100001030304725
15906599
665510817
100005487704147
100000740843860
100002147291121
100002356765204
100000656342657
1277792837
136101519
100005079456963
100004909688874
1562986289
1268678980
100000196240321
1231072633
100003552470083
100001435315153
542738665
631983559
100000046222795
100006247205504
1188666737
571482921
1202100372
100000039582101
1731739563
1538823331
100004241015844
1580730749
100001938934419
1484405244
100000636069963
1053588643
100001774653041
100000630367757
1252167321
725791145
535192462
100000862802412
1522453783
1302396711
629260799
100000501804468
531487999
1664223391
100000487631087
1355937375
1286600788
554814800
734898400
100002872121918
507807790
1735007474
571018526
772446806
695651762
548200563
1454340071
1350018160
1081583547
1255865360
1407283403
1218177764
100000283325466
1232387118
100000699278740
846170056
686477949
100001700855658
100002349665390
100001704738241
1521828166
100006356345896
100001432881988
1441610984
1377177307
100001167961585
1357235413
541573735
1644042627
507536253
100000586353773
693860843
100001903702574
630552532
652865284
700287202
100001350740574
100000081632688
1334852229
100002309424087
1629662224
100000142122331
505895793
516831143
1789292422
1083740310
1691010792
100005274941904
1459837473
503538463
683695458
1292642092
649068841
100000128257135
1107611590
777364044
657737779
1381871949
1749233869
100001953846395
1665514146
1304420506
1041125413
100000209263633
100006610290038
100006640004403
1618923610
100005109673931
100000110072693
717513389
100000639822563
100006259324789
1698382895
100001060690316
100001948825002
100001202566597
100000369554152
1270025280
691876707
100000471922117
1336029898
838745340
1221416096
100000607114242
100005990678161
100000504840067
642349571
728537201
100000159288092
100004922160070
1105536469
1516194710
1216204554
1053168423
100003565921988
599182764
1342923116
523476821
581710682
1560042450
100000123159909
1411255724
100002306731025
100000381267546
100001989709668
100000242128829
100001448787746
808194717
588639623
1676292441
1102741190
1190686339
100000356583772
100001734934817
100000856109104
100000475531150
100000353553848
1488878986
714916293
1338872003
100005573553791
32104824
1142289624
100001882205423
682150702
1825956782
507430902
100000894276038
544618698
1173601070
652331719
1630951049
781650047
675317419
100000078463645
100005078613231
100000931328958
1787989048
700986848
100001891609879
564187288
100002167474055
100003921455824
50607745
1503825092
1434505309
59200986
100001102427151
1477666539
100000649779782
1632503595
575621026
100001748142766
100002535745522
555386507
1390865866
100000577548327
519399540
1257215257
1272101039
1008845752
100000029802078
100000626738286
1373027306
100000126886336
100006843942744
1547732648
100000536116507
100005989449701
100003610147984
1221584789
100000085408176
100000196694290
113900008
100004581632260
100002404661872
1313092549
69202265
100002296208920
563627271
1464079012
100004932072257
100000842732718
1266994795
515996974
100004140186140
100001568598774
100000927323524
100000233151805
100000993379852
1042790330
538123352
100001691018981
1483911259
509459234
100005010692957
100005040729322
513156233
1405190052
100000690696415
100000501140651
1841353160
1322037563
1363404160
1543175525
1600146293
100004626550770
330500332
100003278971460
1548655308
1179737829
509412071
100003634536258
632428991
1613439303
100006390451865
501335199
599293282
1372245767
100005256245399
538265450
703784061
1485818972
605976531
590634693
1318395696
1642801596
100003818216124
1456640427
593854155
100004920548154
100007381750298
1442483046
1082930454
576620659
100000174557026
1451461089
1621549413
100004461363006
1591509378
1642869070
1133995674
1306593103
100002641721798
100003707983082
100005077568994
1497305908
100003247777198
100000154341123
1018403592
1155894064
100006768582644
308795615818729
100000451657050
1581742438
100006415472433
100006852753560
1143392058
100006672368953
100004886673561
642060819
100001282600784
1359207409
100002346909095
58702532
100000815945258
1622820311
100004455902136
1518097385
100003919325286
100002545536723
100006522821782
100004893494357
100000883389816
100001608811881
100006469584381
1322116271
100002068501347
1208426875
290000430
100000611370343
732961270
581159145
100001603815108
100001777899220
100000382194867
100001297983195
1544601037
1399107119
100002737730559
100006975752797
605617753
100006962113334
100004334830351
557840469
100006767202058
1048600008
626000539
100000434937015
100000013772734
1388403976
100000347040715
100001349911872
100000334053055
100003327184048
1302684132
100003897704619
100005340991937
1586074385
100001137277565
100000074562968
100000714046064
587605301
1034234763
100002901589780
1544703489
1137789834
1057553752
100001198071721
114349405245572
1243550412
100000966873398
100005137714236
100002250306943
100001116430876
100002378444318
100000828125079
100000871534599
100000277315693
1684770306
717926182
1631037471
763610482
710963554
1641661949
533272138
1638146076
1172356110
686397227
1039394836
530340354
100000614282604
1615915571
100001802185944
1157127634
1303144545
100002189223228
100000867532555
13921931
1298626762
100000813603266
512529450
100000504952010
100000318363438
197600711
1090086255
100000408238376
100000732585356
1243518672
100001639561752
575262772
505378356
1164285438
1676889530
1773530735
1513224297
708384419
1506005267
659466522
525967687
100005067730529
1125443710
748376420
1122746766
1376962286
1469234545
713240587
1251678925
100002906347491
590843754
707309216
184808231569695
1530908901
1432972312
1415538873
100004593696064
100001045610178
579303663
604724817
100001286936265
100005087644085
8306425
100006797653335
1077105971
596922995
100002406882725
1624345517
684640644
1574714065
1459987290
100007425368983
1494745474
1246802797
507661914
1188032992
743050662
100000998175221
100000154317936
1286336498
100000883137909
510490781
1588929272
100000633778012
100002344926772
42205671
100001196053126
100003961276141
533634105
580545190
100000162098592
100000652945354
826794348
1155790669
100000630530951
680145298
100002064523405
1514615412
602568086
23001911
1138362287
1409077777
100003071731190
100001012007180
100006388691003
100001080487983
15901466
100000076728457
100002280324871
100005424430475
100000596743686
1186112411
100001250250889
1631624309
100005791590065
1292250106
100000454622019
1434607151
100001587413645
1408641761
100003041898809
100002365749023
1305707504
55301094
100000598908427
1351808871
100000596126168
726030952
857864338
1131640736
100000307467976
100000180818282
707712175
1390599331
100005154546606
1121854506
100000828572274
100002394362091
100001952347727
1353456035
530532373
100003069138840
1038684690
583270486
100000451609115
615453905
622730217
100001058280765
1170859814
100004386574046
542299324
505772088
500243564
537830510
1654779548
764625242
793565018
516765704
100006517501766
100006272345747
1153846507
100000049546772
692510447
1615833051
100000664103868
1247345513
516342506
100000180072172
100000535753611
100000701301778
100000269873580
1102377215
100000474769525
1739132388
1356739370
100003093202645
100002268273714
100000455217584
1459216265
100003626280279
1006751805
1104810184
1200725730
1197325993
668005581
1493543541
100004608072630
1323752815
100001450095300
100002884052183
593555938
760959733
1313843805
100002377916213
514564480
1029922951
739914551
1174581324
34503318
1586405373
100000599550038
1441930159
508251898
1641316316
504177252
737915376
100006189102105
100000864267469
100000714019736
690420827
1036125479
100006463822921
100002724344580
100000512970325
1674120417
521218745
1323921980
1217990514
100004708506039
612210581
1695987562
1366130859
100001623670264
503454704
650680092
100003264513895
100000179747666
1181943248
1559337591
1514401398
100004542222327
1614679748
733267465
1456187649
516703448
100000453018829
711690892
1270700244
751205600
100000489406706
1137075528
1457231441
795670262
510992238
630773828
1534602674
1019436076
1767819707
3204310
100000244197060
1082681774
619234752
100000488507985
1570523612
100001880428479
1629108638
100000226183582
100002116168087
100006792272118
1251971262
1395129708
1196373983
637452371
1426716070
100000130007861
100002281601505
1045108776
723513803
687231821
100002098111504
564385111
1290904097
545725219
1477537348
757676678
1574311982
504406973
1178280549
783140240
702246296
741427181
1044597758
100000310438222
1610253413
100000291114307
643429701
1481582538
533523176
1525620619
100000189493272
100000575686531
100003567911315
1106066344
1551943663
733035075
1096250965
100005215590220
657007996
100003476241904
100001808478212
1635961757
100000469751832
100000746194441
607715466
100000300980273
1709994258
100000087621788
100000512481467
100000243158959
100001484947525
791445057
545292827
100000430603182
100000212277098
100000739948282
1259948957
526419029
100006312454247
521238096
582262200
617948160
1300517477
100001457371574
1386949784
1087082880
100000665339061
1370304126
761274489
648481561
100000753576065
1270150869
1380477400
100000317271187
1397181897
788049741
100002024050304
780090967
100000331233330
1341326716
1434282320
100005443174398
100000163860444
1656642263
581755051
1386024940
1254882217
100002216963148
601147410
797168083
681896764
1804129463
662281316
100004643130532
1467548966
100006060818770
598195175
1422499240
73404031
100004585326007
1160269541
590649967
889355367
100004081717508
779805482
1554691223
633115131
780655592
100000603573414
100000533553658
100002926503023
629626602
1011231644
100006466038651
652540382
100001818481128
513713158
1153975622
1130251970
1051977556
100004632462318
1146512556
100007582571115
742443021
546333617
100003618480159
1042398210
100000659494317
1069686109
1067924621
1427630466
100002462327600
100000620021342
722040045
760201476
1247330027
1371612988
50311712
1819152851
1790933268
1409405198
100001243274395
183100089
538244445
100003341222279
1492498083
100001478766456
1400562805
100002636232157
39300184
1430423426
1231657362
100002711172202
1319742120
100000368281934
100005351403941
100002510932803
100005375827087
1108765543
100001207251285
100001738023413
1785733566
727087140
1445195012
1661485442
100003145279023
577325995
100000212331809
1696921364
100000106236180
501247213
100000700580542
100001294926431
50402090
1028982445
704368618
100001091820689
692866923
1511531827
1558635255
749704380
1442647762
100001497303723
1314643953
614066550
794715374
1486848215
1210060408
100000708338467
869955033
1417544097
532490742
1719547313
1333514454
1629217808
1036202743
1695606975
1151199053
576603067
100000168186582
501213756
1839358299
502622205
1420450011
100004949342987
652137345
100001917266613
100001840570980
1535421915
100000033331521
1248480077
80400617
677390805
100004487283573
100002209607184
100005452867813
100007408500430
1255163201
100004964173611
577755976
1474909056
630627686
1193824618
652740213
100000562413490
100000855648726
758733130
100000518091495
1165963609
782277043
1604632526
100004799473010
706156620
1536274576
663180550
100000772991511
100000584599823
643775926
682361826
100001241558746
1597911553
754356702
100003592527743
1474628868
100001211278139
1180091185
100000556273139
651231494
1371750072
1224873825
100001449230286
1357891746
100001375758386
1141773459
100000492284143
1303422146
501911523
1317049599
100001421811887
100003840001073
1278202391
1254751525
1145721538
473141666083276
100007420054487
1281918433
1795417286
100002795116958
100002108362520
100000614961034
507340358
100007179760451
100000278467469
100000231872982
581427564
100000817226779
100000156202631
100003336042407
1627942695
890575330
657390779
751835610
100000647447914
100006431028506
1294569228
1600042494
100003237544157
100001654989268
643158346
100003650023236
1783608119
100001245147802
679035136
100002903038883
1608285389
743214669
1178172388
1350342220
1011036562
100001779418796
1551592734
1207528757
100006732610805
649290653
1806235500
1346277009
100004344793921
100001140651353
1663265980
100001325364708
1007275523
572251703
1047686110
641813829
1720232193
1004261002
100001550693451
100000400148458
539649419
137000153
100000454759146
1335023569
1326050015
100000695346487
1451250304
100005498106935
100000604442036
100007437931097
1322581409
100007353941465
523383595
100000931324177
223001711
789669929
557165523
826649003
100000564574733
100002470656922
100005567611874
100002468120158
100004134278936
100000684819506
689262463
100001543998888
1030524842
629405775
100001443633605
1325527577
500898927
100002248187600
100000514623972
731186612
100002287073582
100000623894724
100002092914968
100003130734301
100003179857713
1672434881
760155857
1248577553
1577733087
1094130112
505987557
100000345458240
691103441
100000193850478
538421499
1524105177
1601465229
1807391479
1426834682
1565442662
1274998004
1029758087
1522950541
828115181
100001240664990
1800315585
660457050
100005961603036
1054448090
1408844881
1608761715
1386222205
691267451
100001316718963
1009414765
632340348
100007087176917
683755754
1130323802
100000035695047
100000328090176
100000506003950
1342733254
1010334153
100001486215125
802270503
591962766
100007135263048
100001978915548
1573974765
520666789
643222679
624112784
578401924
100000409050930
100000199814275
1559887106
1476292522
1825736293
100000862474413
100001681125244
562539527
100000129326373
1660663394
100000602934397
1465770222
100002920140610
100000138893634
1658487338
100003698997960
100005009503133
100000804774473
1383729273
525500191
697641001
1324560623
1691068224
100000122524153
100006451775887
1410107718
100001831797419
513718747
1722111831
1223745167
1104706781
1477908293
100000036465170
100000712495398
1423311932
1842563516
1645638004
672934449
502628784
776813297
100001695733853
100001473442213
1312682859
100002589549937
517038256
1644827477
1514206480
100006058741945
100000145965554
675422382
567507268
100006631085711
1007615811
580328465
100005573761941
561973520530375
1460829767
100001471438938
1754521486
100002262769900
100000037493941
100000833629665
100003953102237
100006501795069
510688116
635547266
1266360862
100000299040516
100001920623823
1512750784
1019112355
100004824671230
100002563842173
100002033521903
100003618265263
100003597186624
100004539303812
579445287
100000508700052
100002035581260
100001033998490
725325655
100000059053325
1231302675
100000700825070
1842871264
501382454
1767863774
100000018533600
100000140515068
100004936420531
1036795381
1661880688
599079061
1297578039
100000678052964
46985436345
522378589
700507114
100004856592485
549927528
1522299735
679041353
100000915213807
1744195098
1672353573
100000701664853
1554473640
100000334508494
1415452586
100000356644822
100000555921515
1360344969
100001593910268
100000391086159
1538670442
100002915450977
100000665351237
604476594
100006434838960
100002619845418
100002657117733
1417271883
100000447198985
661842039
741032925
100001352175302
1660357625
1384660210
100005852975372
100005521959235
717612954
1342999086
100001899708646
100004501393251
1632956569
1325865111
1395404960
629225169
100000376256359
100000343564085
100003660381288
545826942
100006457869222
100000176907645
100000459217676
723701236
1291327806
656049689
100003348173635
100001107681700
100001190853952
1354849187
625727042
100000859918284
1078014875
100000532673801
100001045400465
710055592
683356268
100000456337459
100001414082479
100001323676531
513258067
100000749506239
100002151610294
1345962699
100003084730983
1690446225
1829041105
561875339
100000272847958
100001697765628
593315599
1345119089
1272723146
518884854
100007278433604
1255153050
1127832209
1027836168
1544537018
1023263947
572149397
1160524565
100003580232032
50506539
558452044
100001254893906
662843810
1438937403
100006501466385
1334313706
100000075663453
531409379
100007485422473
1321815451
681343672
100000188258958
100000080580288
100000031407427
843665301
834445
1829685270
672237867
100000915991201
100000431707132
100007443242428
752711674
839385044
862325384
657891995
1316561710
1364794511
100005208070478
100001249465648
1413606557
100000969950444
100000498884113
1623999579
100006436977034
100000125591114
100000217087557
1418500817
1530964922
564444116
100000988495671
643225092
1836502630
1425901812
1651786416
571656110
100000151419461
550381471
1199874659
100007390002934
1537794765
100000924307959
1637689986
100002287028859
1830497271
609542293
11103767
100002889656832
1593963617
1849976486
1572602206
1380399450
100004116250161
1454535713
1101941342
1352990530
515333860
1502554175
878615541
517811152
1209458574
1557276952
1319378034
100007324242080
1560875293
100005300888084
1733387360
1454809527
1123280689
100000167673613
100000480291733
584843658
161500943
572725251
1247331455
1798975025
100004651480951
100000455351655
100001910179406
1023068433
1307692030
1192105722
1652389900
816930715
1211653157
100000336577911
1548503266
100000084352883
100000271688011
1694671271
100000274839703
1053524021
100000589645088
500831523
1079405422
1191837707
100000778713865
100002649958483
1084597773
1386619048
1142083218
100000022294318
1400174449
1330972790
100006312338985
1850264021
100000749863000
1152530981
1841695595
100002969416815
100003344173980
518731984
1265850481
100006397951452
100002943462052
100001410215093
100001374207006
1184158186
100006872705404
100000201962693
1138770008
1324617882
747205925
1217880122
1047987494
783115509
100002922738764
697107896
510086182
848555007
1215548350
1682300115
100000278183226
654150057
1523123097
1650246239
592418182
1490820916
1800926717
641943991
184601794
1126335120
1522059198
1298865383
1543658383
620866488
100000552822100
100003610608997
100000485496097
100001062894155
1173555997
810872301
100000177068239
704611229
1248145446
609904836
711401205
1075696908
665484644
546655341
100002267738858
100004934797093
100006691751128
506534601
1120681270
100000563310023
1395593893
1286284359
100000390227423
656678922
715510192
1249151585
100000545360106
100000158319615
889270174
100001474073489
694580301
1420877362
100003171480234
1498697745
100002388272058
100004643613962
1063390209
1442267736
1375848647
512537962
1538432816
1584013751
108300048
1252228384
100002870559830
100001392853220
100002468051549
100003476635066
1574447058
100004846184214
100000406767115
1015762337
100001565289788
100000190056944
790305549
100000050703108
100000722362006
642007751
100005959328741
637480608
626201684
1482576938
100000222954260
1678970629
100002007171288
100001567968561
1750968803
1438206573
1578078766
100004618871170
1361454698
1718410984
100000204363063
100000820505927
100000088848928
100000356886357
594116905
100000428499584
1499916525
100000732507851
1611845924
1366308026
100001899279324
100001384264523
100000650167776
748738033
709461178
100003373950682
1432024222
100001168417289
667392436
100001883584581
1666902258
1123804047
1177560036
681192036
100000276199600
100001385363774
100006690570852
100003075111079
100000475870957
1642636760
1062072715
706105099
1624279951
1159245562
647632767
100000009076375
1766267323
545231239
541120610
1308044001
527913884
100001245830152
100000087984932
1503486764
100003334566540
1232646814
100000144815632
665126747
100005354980353
650284620
100002936359310
1825335168
1401979525
100000549426813
811298573
1424832209
100006487295023
1271768144
520874913
100000689420419
100004117204267
1403984824
1797444739
100000609763154
1826259991
846394641
524130334
659678626
1129624259
560708968
1003486433
509885404
100007449814890
1426843959
1383351868
100003501018484
100000175856436
515032612
1014696758
100007148861606
591669057
100001286501069
529048528
1301995454
1068408186
100001013504857
100000662102667
15617095
1179904260
626965537
1418690996
503196288
560064773
100001851848700
100000979545635
100000925074522
100000000742031
1581293093
100007542905656
1394550024
706169791
1158495214
568408242
100000377148619
1142439410
100000775193852
100004464425368
100000332902694
1114795171
586322649
100001053220119
1431454939
1507393863
100000880624158
604387237
100002670644577
100002320162796
1527199592
634418111
1070820709
1223555240
1534429902
1003029672
813314039
526739338
539601516
100000054716726
1021787144
1169061976
1538875775
1195984000
1313593882
1837352953
100001068099810
666110622
743860402
1330719866
100000179886504
662820955
100003734967473
100001924270973
1458540404
1123233959
1226312601
100000678428452
100000556953939
658266173
100001867471296
100000914212637
1365049409
1413280035
658140634
671665868
100000902481165
100004050429563
1139615350
100000644332533
100000820025276
100000372651254
100006398890950
1242580305
1053604203
100000563539894
517558807
1307993466
1422769407
100002245346399
1148504258
100000623202881
1602245325
100000567117964
100001540305517
100001939500236
856790144
100002228968728
1370376217
100000743719469
100000497611232
100002770669012
618968682
100000244950699
1605261845
100000235904171
100001354623352
516086608
618064783
1623848424
100000414967304
100000608118994
100000771107785
100002061711196
537735049
1284545235
1707103471
100000154382296
1015444121
1438205807
763535410
100001747226375
618774163
1672384669
748264691
1114674359
100000098226220
100001362452310
100005058572834
711091478
100005850458262
100006485488021
1738232023
1474643402
504801644
656791361
1347711415
583048553
1203965947
100000441873428
584315119
510361785
725255297
605798272
100000869044766
69403190
616836647
1027756226
763685275
523415174
100000536834309
588074876
1582968026
1318865243
1043880765
603377106
100004072904023
100000906308140
100006263821001
100004505437188
100003377121230
100001998860369
610835065
674704388
100003533453265
623998218
100004428308892
704400061
100006685170243
100001811097566
1340178002
1578109645
100000566082984
100004785132857
100003463755987
100000591744484
100001960519763
100003357968341
553917960
100001695669667
1584321120
1081583148
1499890522
1446157179
1503362679
100000843231329
100004926668502
100002182356726
631040570
100003832993515
100000104299666
1777732755
771112157
1261501045
1179401314
1154667911
610054230
100001833536754
100004457114285
100000101032995
100001191872044
100005945622309
1339351472
712594103
100005833060422
100000483991704
1304842864
501497166
1261404910
1840924638
1762891998
892915173
543748320
100000530484078
1041677194
100002836870207
100002333350012
1264689954
1025752632
100000109896756
19707130
1122271190
100000056454490
1515726798
100001044520241
758433121
100001165359280
760223240
1404210094
1157244596
100000060135014
1328394313
647297159
100000004909445
100002963800816
1417148175
162900883
1581156542
100000669123599
1173590373
1698293314
100003838960727
100001456985769
1155575310
100000084930540
1398375809
100004683042941
100001203690451
100001510235836
100005598933509
644824922
1629939365
1345235333
586065907
722898391
1626559577
1296985413
1620861661
100000195777959
1339371882
100000938516745
628618066
1457344074
100001246624512
100003641922746
100003616256573
100005061930827
100000673962758
1667505133
100005111108645
1432600523
100000404638497
1082385447
100000207163569
1494808229
100005354443939
1799454576
1733623377
100000329727981
1744472813
1458503949
100000270072785
1234771372
655981023
100003593405163
542970505
1446527691
1323104529
1112900099
1445265023
599649780
1524295668
1074022105
509439036
100000059632190
100007328472672
1056682035
553792737
1548158211
100001147458370
100005383830744
819575233
100001363149090
723902443
1125577896
1024986214
100000610414202
543805478
615569320
570724809
880090365
1010949592
1440015076
1360254586
642100143
100006310023668
710565820
1199104591
600206916
616395161
1415983647
100000185392346
1337501066
1165982380
703432681
100003271207297
1200363697
100002926717630
100000028329012
83582108912
147401281
700578338
100002126608636
100001937681263
100000185071832
3603901
684512486
831225067
1533220826
1174621205
1079405391
1284687503
100000138422328
1377302106
1665493396
1105135624
543286608
100000064503452
100000128686774
100001089635592
100001047912474
100003175800639
100000000828694
1427603758
680397463
1074698009
100000188439133
1397677972
1048115830
1469809245
100002150690373
1100632496
526711990
704738530
1375806140
1599663342
1462734355
1022501349
100000211896993
554201151
100000040997208
583135822
1637075368
1618443495
725437352
100000479877029
537760088
100003775727328
1114635764
629894461
1434821310
1013526733
1432291585
513087543
100006492410477
100002905835120
1363407837
1470949904
577471910
1289571765
1626675940
501690060
1346800937
517579935
1494212917
1020515583
1118336079
100000647893935
100005677750411
1675142883
859860315
1812240665
663640338
100001221281392
100003377672747
520793976
1509081686
727894892
1242240836
100001349406014
611466124
100000953154277
1802646364
100000606316271
696532304
100004205740010
1314926586
1007765320
522616852
71210386
1494826694
1536824668
1585296972
100002517763845
100000491244823
100000686420180
100000190759642
8829469
100005706572604
1453818185
1347111921
100000157572781
100000141236292
634324310
530705476
1299120042
1387331205
1838229902
543279091
100004345802534
528111396
502498924
1593866968
729903241
1829396056
1361340730
1845575432
100007472589562
1432050639
100001220342384
100000323681679
100000221936004
1244137533
1506067493
100000901720868
100000550773696
768428701
100000444122223
1534957529
513765799
779870986
100007461031292
1440300074
1652647040
16739246
1360874784
829050005
1481658155
1063483343
512951091
767490590
100006807363750
100001131122051
100002100872952
509155810
1314126776
551926428
692713812
100004298472548
1553092395
503185393
100000121227658
100004348384472
1416550862
1001293961
1301897024
100003266800376
1426954763
1337028828
100000718059349
506268866
1680987012
1799877372
1177507111
1557169912
1663597285
1182815065
100000302473250
100000158214122
100000489023004
1458348819
616743149
1152391335
881045511
1707141545
100001899032971
515821106
100007489208836
1004605669
1599096912
100006757503639
1174284577
100000310107089
1122524071
100002656952694
100002132255900
100002885210209
635280449
100003347140194
100000139004556
100000190526491
781765600
100001057965747
100005972734139
1430640516
100000005747562
1508485425
100000818532669
1761062825
100005257692671
688143503
100000210271176
1434777231
100006192248762
651823160
1824079414
635098244
100005103701268
1267017981
632211539
501014815
1631441363
1127588817
100000705264794
1633581748
1506945111
100002458299052
100001227055088
1532504069
100002271288404
1516187339
100001399100862
720215574
1614537615
100000305962123
1600801795
100000169836615
1367400026
1122488051
100000492977886
100005933310594
544250060
793320380
1200481429
1452566807
1787380602
685088909
1216225166
685915444
711882107
1376378421
1057081426
100000491555095
600416810
100006136122711
1267044414
605782546
1407855190
100005333166913
1041536261
100000712018767
1402731071
1206400730
100000070712275
100000436086542
737912860
580686479
100001418593306
1193384323
100000177229028
100000308743245
100000185086810
100002152948011
1426092498
100006823273372
594283124
100002485484827
504004919
663899750
634194315
1077827782
100005509837492
1844187661
100003978108442
522671163
577719099
100000003652484
524053512
1276569296
562065894
681910620
668176270
1652034801
87200263
1331228478
547610852
100001218847961
100000722043779
1100379585
100000620516533
100002519357400
630290572
100000396546236
1221963536
100002321273996
712810277
100000605548199
100006934772606
100000832575997
1242777678
100000153295307
100003132563539
687864320
100004354807964
1787018489
1393487486
1360553025
711674136
718665865
100001890641509
576513976
1344675938
100004137484156
100004777987080
1264523450
1261901163
100002566707607
510128432
596891777
601777014
100000564681140
517219399
1263199386
1427146038
1760912006
864680382
100000433601818
100000632881099
1367417253
502069009
547420571
503523400
1526955066
1421285763
1243836069
820222718
201405787
100000181129709
100000659292631
74000593
100001824378109
100007030653102
100000230591064
1602422625
100000012676685
527465214
100000828821128
509688674
100004615513924
15927398
100003334526820
510964087
100004994642344
549003358
1080219682
100002263976634
100003358159246
545403243
1404135768
690176293
1058816099
100001197334173
100006236321245
100004610413291
1489515351
1714165785
1580493917
100001012729257
1642488618
100007250703234
100001448156767
1611122784
100003386890495
1166396825
737642188
100003985473111
100001632527757
1144474752
224800090
100006534331620
100000532311506
100001894212553
549014105
1000527060
100001744752395
1732903186
100000507100848
1079814390
668234600
100000132544758
1352648257
1515803275
1309068860
1305803749
1685744582
578559121
1851823155
819245547
727078808
100000515485697
1424483968
528584922
756321411
731370156
1501737448
784273089
100001227340686
606891971
100005374454284
1393883913
1426766516
604968234
100004186273189
704757193
100006693422568
1032851393
100000874222676
668929918
1691959961
1486956624
1396999862
1295623919
1129796556
1214020545
1283784521
100001058322155
876280103
1344908119
546813686
1636567397
100001241750883
16729753
100000110176876
100000490689328
100000409858563
1070546707
770334461
764299547
100000163059622
751805471
82001736
1547113320
100004143307886
100002433426823
1327481719
100007719426441
500792800
1651740027
1216394280
1015025758
100003693888093
162900044
100000376170495
687226981
1149680137
706476326
1534787652
100003398559928
1622616553
100006200351351
1487964801
100000123810295
560223560
606814814
100000033071705
100000893295086
1297902850
1634306632
527140524
1330820043
100001117696993
100001846434534
617312101
100000876410887
1458151196
100001533103060
805821691
100000143025141
1538723696
1197458372
1097795351
1636205812
100004411179095
720257932
100001833924251
653700706
1047630557
100000024190974
694840988
707913713
100006736955684
100002869201993
100000261848937
1012432977
1802687821
100002014845967
1096494117
1550539634
100002064073221
1269537080
100005084203596
1296634146
1165711338
100001557223315
700932795
100005286224137
100006893400227
22920018
100002332296222
680261681
571777577
1235353193
100001272613391
1532356256
1640841925
100001174929085
601756076
599492897
100002414810278
130600397
1333656667
1393644730
1327557704
100001527693544
1126237252
1605060202
1223130587
100001607749818
100000174995976
1534210722
1163165783
593189196
289392104473
1335123049
538096595
100001756788394
607720730
848055071
100000625683724
100007455601288
100002137971205
504326813
1186630737
733629875
1455138624
545949597
100004439742451
1143999915
506156971
1534063822
100007278910659
100000801283359
1300461181
599660172
100001375777567
100000491667903
807713083
602533785
100002031175247
1305345996
1612134433
563947993
603399738
798319673
1248240075
100005314204054
1075575040
100000885875182
1641168920
651160574
100000458991504
100001194707931
1171352041
747280568
659733685
1349545364
1258479779
1691340207
1127925557
100000144752194
100001021174880
510213649
100000491736463
1740530666
1474030052
711720538
1505582826
1240595353
1831711289
100000525940936
726746180
100000824169090
100000390867759
100004740484201
1385113553
1522429597
699193520
645265322
1766601274
1720462273
100007257882173
743206585
100001311966182
532955434
100002093729104
1559989230
100000745867106
