661928560
100001289677166
1213554654
100006149500110
100006517501766
1438270564
100000602255827
693965302
629585020
100001870548240
1087757207
519317107
1067253003
100003660381288
100000247599472
1456562187
565074391
713790287
516993681
513142128
1351119525
100004286523474
1186712482
100001170311302
772308155
100000795224159
335100599
100000269873580
1339207093
100002053164340
1447080925
100000298615370
1577342844
354982051248028
1356739370
100001718381507
798610354
100000091872187
100000864355128
1053604203
1823552542
100000101177575
1089606915
1153846507
1041880143
1271654995
531404401
100000019522741
1359144548
100002682640477
1272564771
1469024732
100000215419793
100000232935442
100000665883802
789023197
100000164793324
100001593027802
657647198
857870650
1718817916
687100328
100000414369862
100002263976634
514617622
100000898061393
100002621735520
623157274
775015557
687095920
1466706693
651297795
1668222046
1029922951
758527567
1133557610
100000658014708
1657187905
1612448583
1440938231
1431465109
100001008307321
1222381616
100001638083880
743788451
1138901206
546982967
100004123242001
100001684427399
100001866927223
117913274986300
1585882064
100004054268450
1432413438
501009392
601560352
1117520927
814648447
1481817422
551190548
1482050912
1260083012
1800051809
1148218036
100006463822921
100000706043033
1757777489
100005873735262
1544575231
1399650126
100001107681700
560867654
1633868382
713795200
1350581709
1061719147
1243550412
100001512525859
100002262769900
704844642
1367764651
1366130859
1115114313
100000130632135
1381447774
100000100224746
100001921674742
1343426041
100005820372028
100007359605889
100001509876047
650680092
1414285630
1389402989
1493040270
1237928951
100000327459752
100000151193564
1693947007
890405470
1312669613
100007401662905
100001806975862
1416217391
1362816933
1664547368
29704621
100000169538755
1488437117
1428434679
1273807929
543485611
1648674043
1587414328
3232673
100000489406706
721795018
1457231441
516754613
1403959727
100005736240899
1552313696
1663247968
516935446
653868461
1219628666
1047214642
1404371070
523221129
527030949
100000276757533
100004019325116
100001978747873
560260018
1527971414
603957116
100007113240105
1483110063
1076949458
1221453503
100000488507985
50303424
1164832471
1460155499
100003093202645
522223189
503542112
1635712222
662839972
100000434937015
703866086
100000161874537
1395129708
100000742059515
100000546265588
510223356
1171074573
1104571004
100001737989185
100000123237314
1368053282
100003126645875
1644716896
649398730
1142994557
2019361
1036280395
1405190052
650593341
1506012505
814379744
1204153903
100002611881492
100003643842132
100000026266404
1802385346
100001028777280
1290904097
1453081389
100000165656478
652358055
1019490129
100001736024598
100001135751887
757676678
100004107705565
764745225
100001716086131
72803407
533862453
1833814095
1318423327
504406973
100002330587745
100000212822330
1770170024
1167538347
1825666774
41005506
1495958383
515223648
100004604353906
1664739029
100004302974146
1613135248
100000310438222
1369513749
1082561788
516114500
1340620925
100004354807964
1447656497
521483520
702229522
100000327388079
533523176
1215503179
100000726390976
505548833
753235878
1104918851
788451003
1396323500
1827829686
100001178990826
100001030591823
1432071661
544286756
100000091422866
100000013473010
18309180
100000261234268
592411462
566843139
1182815065
1061332104
1754511888
734730260
675120135
809060596
100001388447281
668005581
100006797220355
100006543421466
99512582358
1430327901
1635961757
1209672743
1650317625
450908844976048
1166658751
1255320957
1413919620
1625301153
100003720641541
100000162908754
100003640454174
1054042904
100000300980273
100001469430311
100000640885187
1488442660
683306599
1610163612
707241567
1364014017
516939772
100000512481467
1495064767
692695353
100000098310538
1232676559
690958820
1131863993
1365153058
100000829491325
100000226252179
514533369
507871951
100000847354296
100003494760046
1550241181
515355121
576513976
100000633641470
836464480
517579935
1146579419
1069537322
1761444592
100000918955792
65006132
100000798438043
100001155909863
505725570
863960183
608451545
1477354576
640661017
100000897143997
533584061
100001233390885
1664036314
1630936585
100002916054541
1487028252
100002360075052
100001210719705
100003330786404
1379970502
100000200462879
1314926586
100001697765628
826893500
606895166
100006029104222
100001219320518
618646920
1303096304
1209635693
42810077
1375652170
100001156665468
1680408099
648481561
715131943
559416250
569292925
100007396478757
500051442
632916139
606086664
100006687038868
100001419866024
633921485
100000665911146
1590033038
100000052344132
686397227
1326875611
100002497063942
1246055913
100003573821854
100000186610675
100000331233330
1033314502
1224233204
100000110967221
517028759
1048361474
100006480230268
714441555
1513640056
840329250
100000469156736
724692106
100003207912533
643429701
690660151
100000163860444
117800184
523476821
100000892101933
100001858386516
1572482649
622542492
100000948555853
566646382
1254882217
100003835034957
1357900734
1251018434
795463055
526520914
797020631
800839069
100002673015784
1304120574
709265192
552004601
100000289002783
681896764
1367557714
1685117313
1336784642
1581264371
1626206170
1061331940
1444590884
641548465
652428829
1524394286
547232636
1030387718
1160269541
1737117889
1580065000
1596780525
100000004419260
1533174032
1365320644
796885899
698137548
100000280367977
1167734097
1517962025
509813586
1435160043
1010888200
1254777671
100006464239977
100001104542765
1307743532
1492618128
100000636672517
1070256713
514082684
1465333605
100004987448658
651718628
1516892803
1068685264
100000719171571
1615081093
1448379044
1130251970
842430472
100001460631642
1435974994
100000639608756
100000163807147
548925667
1497103868
100001407347404
100000994965266
100001145766129
733199874
100000524632564
1343708197
100001694633508
100002475946436
100001033343123
100000792324017
100005848719066
1203382992
1258183340
1427936822
793309407
768095511
100002462327600
1705335814
100003652712145
637127154
1253670047
555693412
736863246
1133204094
81301636
100003002504392
50311712
1638482025
1790933268
1095420318
661024009
514853363
1129672594
100000611097314
100000544223709
1079044758
1354921021
100001906578384
1509257276
516053485
100005641453339
717395104
183100089
538244445
1777968874
713311720
100000274767026
1494571633
1159989935
100001478766456
100000506086322
510633785
100001231067914
574089856
1334243528
753417472
100001144000972
8328945
1359501588
682321570
100001597656485
100001300622299
1075646158
1509374341
100004102773162
1521472506
100000478207751
546065575
1136412092
711690892
1785097602
100001270392180
1225621755
598696804
1601616031
100001342822764
100000561913513
1281918433
1301995454
100005780980830
100000526790083
1166942256
100001001498922
100003509527993
727087140
1590593714
100001600203668
1661485442
905930499
100000610864318
1844310146
1080530940
617331970
100003298263668
730040551
100000456153728
100000085056858
100000183480117
1529155658
1510804559
743909708
107701963
58601039
1018203435
100003598072367
1092866623
100000679467403
100001091820689
100000974941957
657141672
692866923
100002243567213
500068487
516739487
692225607
727384541
100000626345635
100000820733831
536900988
100001514978806
506824013
637877270
1088828785
1421285763
595365713
1131076936
1036125479
100006678519845
527920116
624095359
100000476371573
739180429
100002371176424
100001071628917
560611854
1354991374
100000547691461
1643565374
1182919718
798950696
574934345
100000676052402
1317530852
154255317994691
1365374741
100001226831081
100007188636171
814819175
1417544097
681865520
1574334531
100001993276304
100001243730880
1503000729
1827800857
100000051997231
100001008962792
1138627432
100004795651269
686025927
503196288
1839358299
1309281188
1420450011
795265826
767188010
1042423355
100000134783062
100006673992048
1252002203
537761448
760303634
577930730
1535421915
744705700
635385108
606420671
100006950772407
1037752837
1417874125
100000189850918
885370260
500655732
100000516391797
100006786037013
100000013960485
622340388
674780928
750170209
1061785990
124900656
1270545995
1696261607
732578762
100000502431665
100001106479362
515910448
214534092056834
100001965678980
1754427403
100000097485182
798370277
644678745
1275106503
1066157504
1195729201
100000873207270
501238771
100000756249858
100005017052092
1170859814
100000588220168
1193824618
1023458896
1334667695
1419281327
1272988479
1307116830
1458822436
674807593
100005189344325
519503093
716447183
1703153176
1471665236
856070640
551361404
100000170604816
1321815451
1218487311
777840701
100000590494390
706156620
100000358903984
100002224102935
100004975210962
100005646068606
1288046936
1058438193
1068217699
561155568
100000492012754
650617035
777840074
732079322
1557496365
100000467326477
1040525642
100000184897378
100002908221089
618974581
1335393804
100006440591849
631377791
706411645
566630430
100005969522722
1021556712
100000304206217
708774372
100001211278139
679991703
651231494
100000534774703
1553413924
1415694181
1574715611
100001021270659
1436097103
1357891746
1635411697
1524831300
672600112
1300517477
1671810300
1547016870
100002885922336
100003656487310
100000530141061
611175463
659897427
541719066
1538358998
1331280324
1524828547
510002808
1109751889
100007548099511
100000666571058
100000097232220
100006300072439
576368745
1564583511
829357678
1209766987
1476362761
514574136
100000620021342
1496053935
501231828
1471285893
1390727263
100001388756050
1662756440
756949147
1554850660
100002526211292
1215154152
100001010972884
100001384775068
558596360
100006788348373
1521109771
640661645
100003539412640
1701922998
1105103363
100004478019693
584767644
643200703
1400197774
617733600
709150315
100000545217048
509155810
1070295667
100003738066704
100000257250581
1130285729
100000751187443
100001008392589
518510805
1319378034
100006763501387
1837335020
100000550892378
100000125033461
1802421834
100003251253221
1237964013
1030471088
100001754122706
657390779
100000058123211
100000647447914
1224981471
1163147100
1574599858
1073585951
719305177
100000070458874
657878055
570229293
596575774
100001523803100
1271261973
1727511230
1294569228
527151960
100001731710205
1306343657
1345915417
100000799964320
1575322221
1412167499
1621263900
100000728797647
1320447151
100000369326895
843660633
100001331333933
1469548117
1121892749
1068082641
1364124711
100000387667987
100003981982904
100000392447481
679035136
645496326
100001568787133
100006353974887
100003487010540
1321157005
1215171611
100000514623972
100002104617314
1546801514
100000062450936
100000856537224
1292947582
1438586119
100003400042118
100006732610805
100003588247625
100000677554250
100000368960488
1738520449
1625951197
100000185071832
100005343216969
100001336467254
576603067
565944071
688543254
641813829
100001076131281
516564440
1580426944
100001550693451
1351120328
100001694910450
1118764168
100001603720007
1327313055
1785867446
100000784313994
1538780378
1470559235
560851930
1640157130
1299713929
1259317216
1381672894
712923569
1161829877
711504472
157300217
100002916794286
732700554
1246782282
100004773338500
1061265100
100001920623823
1451250304
716805446
100006087485656
100000604442036
625950247
705636930
1232373987
578718572
1140194424
512078726
1164125108
1342464462
1431454939
680238510
1504913716
1262136397
596356490
1590166330
1331628963
100007353941465
1095031288
1099189660
1178280549
1571003138
528078972
223001711
1585011562
1543299585
1493640711
100000261147429
1208883467
1700391675
1600935869
1082247637
705824371
666376406
1245377624
100001561686193
1464410060
100000745353786
100002470656922
100001538846258
1105376513
1297703055
1345388196
662705519
569451256
1714165785
100000612038370
100000098838954
1166899749
1257897971
100002923261996
1137120278
1837220998
777404370
100001126392009
100002163294327
510419054
100003892911734
1104915898
595986078
100001549215316
1007085663
100001420577621
1585717288
590790982
555072661
1325527577
548613791
666011392
1427517363
800173815
751205600
673859003
607046731
100000629255144
500093319
1350540103
1098586608
625626707
616932065
1226732632
1216744051
100000046002105
1282616119
725905530
1683594677
736260446
100004122120903
726531938
576472136
704064384
27313651
100005849262804
1254174403
100000221946200
100000022294318
621290297
1039053568
100000345458240
100003181423331
730062984
1694311660
1259922331
672307999
506317742
100003485405970
100002662440545
848555007
100006415472433
100000855648726
100000480291733
1274998004
100000124986908
100000191470107
100000590602544
685742517
100001288458078
612786441
1800981065
1426308872
100005312351672
100000522034305
1422440778
1141372185
100007455334441
100006778334344
100000398245366
1586293315
1460183802
1252861579
1616571916
1458962434
100001660267166
663557055
100004215338636
1604921819
1414755032
823355021
1347165081
737460786
529221589
1524105177
100004284881517
602603539
100000053605300
100000196310241
1215674069
515150066
61600985
100002245988051
620506879
545377060
1611845924
40481447144
1754751887
1009414765
1244581760
1003269483
1780380632
1346277009
587390660
100000519058306
100000395806807
1327557741
1266497775
745127172
1433326042
559135476
1130323802
100006577896991
1114748124
100002931542693
1567707833
1167984103
100000929337774
70304387
1503372005
100000584735878
1071322479
1696976810
100000384587911
227141714362
1155480654
100000000742031
100003302793746
1364026822
100001978915548
100000477451815
838199357
1641722671
701036580
874470634
761005304
1168938221
100000151090193
100004372358880
867905432
1381874794
786937701
1848874987
599145248
771528030
562539527
100001054785875
100002362562481
1125894182
100002248306332
1094376946
1447912568
1255981202
100000498195802
656980529
1605723422
1012781868
799694324
100000289082238
736345914
731619285
100003106825375
100000105183558
1581742438
100000667870936
100004581550586
510069623
100000488030189
600165220
100001641639882
563775351
100006645309999
1474643402
617660540
100000154021104
1407619053
100003082352266
504833622
619234752
1358185447
100000065626652
100000995714444
100000694560774
100000720010993
642806182
100005386482421
100000346266656
100003377019766
679493635
100000423440682
1433427938
542215850
100000859866738
100000036465170
1003029672
1386425864
710536245
1427730466
1267294136
100004202106506
100001025608841
569776083
100000067318868
687009376
786725225
1082898838
1507548615
1146657640
1518097385
718466544
1645638004
44603983
569253153
789705435
1524884039
694069525
1067211488
100003328376182
100001663437370
566794070
1315930925
776107144
100001043018721
587486467
100003619386950
100001638275882
1389196255
669641354
701006483
611083242
607551915
100001589852558
1675774922
1644827477
601896598
1550860447
1391616123
675422382
649616619
1256311947
1547737052
580328465
100002934603460
1026985911
718536113
539909858
100000274691845
1675557236
100000639450492
1042583753
100000206674951
100006766356081
100000660313705
1465630239
100005434148883
1347350185
1101491279
555680794
100000837863617
610430885
1798363879
869810257
663031462
1057582541
1404498645
619485270
1503133024
1624533412
1190193424
560536887
566090539
100001221448706
659375524
1686396281
1799027999
1266360862
100000254944702
649036520
100005848296538
1589029717
100005019122771
633208429
640906299
1448267654
1027183180
712083454
678189672
16905221
1277137532
1285381336
100004202773955
646780442
100000356173780
100007540746495
658988419
686361411
1148633646
1010148195
577775425
1285601720
100003351265239
1055286590
1603000626
1456936931
1325528202
662656637
100005643190301
1133770693
1425132475
1523777251
100000849104475
1469153546
752277148
100000749968639
1217583500
1207942843
1131550236
100004168184306
724219857
100006763231930
100000572086578
100006126780783
100000746828206
691140947
693289830
100000318232729
1152648870
100005382363007
521511238
1383669033
100000170220876
1614691672
100006491557199
541225580
564673436
542044840
504453339
733267465
100004140962927
100000769521458
1310326189
100004946706748
1101422797
100002850810161
599079061
100000593854010
1297578039
1277808618
1330464957
1690163327
100006801157261
1739581886
100002929270690
702538292
100000024383321
568255652
100006711998655
1842310362
615857038
100000065049710
1082553346
1634481481
1779060834
1096514616
100000915213807
1253229828
94509363176
100001046762056
1622210337
697006507
100002597860487
100000487147922
719516086
1125829542
1064335206
764658336
100000208921656
1554473640
1037786598
1327481719
100002483479471
1007908690
100002956962341
100000720143836
694825095
1104571716
518829668
1484621412
100001191705031
546873972
666874645
574078972
1524288180
100000729327403
100000637710469
100003231071773
100000951321008
100000000240418
629190847
1560090471
791984472
1348050766
546175625
100000309711748
543036782
705595839
1280458431
1455012425
1212860179
1524036228
521096591
1142077923
796137941
737083617
1337739089
100000546461183
720315351
742183061
653415624
1644583571
100004291085611
100003721340927
100003287747098
100000376304503
100003115508059
1077952175
100001391648762
1600236520
1611102737
561350776
100001808969030
100000114647695
8226316
600652930
100005852975372
100000263026504
717612954
100003577563464
100001987337050
100000080413995
100003216259044
707707333
1279608630
1679943409
1106054232
1502203801
100007314997522
1096444150
1681586787
599646349
100000271577325
100000934074209
1490628150
1072756931
1632956569
1033836081
1275684581
100000402006769
100003759952892
100000467319644
1405176536
635333911
624567672
892300256
1446404986
100000997397384
1164937884
100000479234212
100000683726537
100000176907645
542128142
1530854217
1291327806
1651236597
660988178
552974539
1267020816
100000049433858
148700244
1455090226
100000378565564
1061709154
805819827
625727042
1150315795
505897256
1663565183
1273662295
545268133
840882286
589298592
100000532673801
1357133865
1849976486
521739444
100000673630833
612120012
1138390768
1076632256
100001219816034
100000806283210
1594041823
1228609417
683356268
100006830763916
100004019235829
100004492962130
1347873752
575262772
514511492
100000041556218
100000487442644
100003084730983
1821151182
1628300878
628018133
100002601313622
1411449489
889355367
1183180167
1219653278
100003484590987
100000804316783
1143618290
1539651095
100000038654502
683993726
1418514944
100000212197062
1572602206
100000632774409
100000254142185
551715248
776200223
6853531
1104846001
100007278433604
1658383724
671806882
100001005434216
568755300
662461872
1127832209
100000406093258
1408496171
697758351
869740310
100000873968718
1101633573
556250415
1012374498
626385499
752300032
1453749589
1347877924
783083870
1433771199
100001249148641
100000504215310
100003255298143
100003574549008
887620359
550728531
1000224755
100003580232032
100004061374031
1467355999
1534432786
100001648966734
100001254893906
615105791
669326890
1438937403
665215227
1018374093
1078835017
592504534
1356327226
1588994779
100002207343278
813995310
100000031407427
586277312
100000578574337
1308225100
1562059557
100000627846042
1472808526
700353520
1226031758
513960428
1024204957
1392236483
100001299818504
862975340
686325269
778792645
752711674
645685183
1133978479
645089006
503437966
100000643242835
1233390140
1448822978
100000697598600
100000257979553
1487062727
862325384
9129098
709827451
100004409046878
1840224176
1673233937
1347631648
1175280685
1445502977
1473533783
1459100151
100005455024516
100007210573364
100000519692192
1134554832
597081412
1143836282
100000498884113
37702830
1437561658
72105394
100000657732108
1390191739
100001211587483
100006325569976
807420781
1310101089
100000593227892
100001545164530
1530964922
100000988495671
100000487710429
100002105753546
1605183047
1085354156
100000339203329
100000466812877
100000198025945
1166518343
100000465018883
100000095918774
1029346920
643225092
504683433
1073559515
1193424906
543787648
708234703
100001687617644
100005840199172
1568975663
1513705124
1827256136
643213542
100000486936515
100000003845118
100003136367398
1413910690
1477575293
1126693487
100000330093403
1152267862
100001147898533
1025180239
100001382674089
581847515
1407265801
100001493493220
100001226247516
1008758074
740100141
100007470930670
690315533
603805226
1537794765
541797634
100003744925850
1210419245
679130564
788739305
1326898379
100000038483571
1094845817
100002538227410
680640883
151000311
1440192409
100000172774928
1650642793
100002416541453
1189474049
100001003425161
501542200
100002522131045
100006203223277
535192462
1380399450
100000414967304
100000862802412
100003270396069
6418806
1628330659
100005022693672
100007205291175
565139000
1454535713
509415353
595646200
560579366
100003602400142
1102815320
100001671638185
667101698
100000367704203
100000226276230
1483830545
209803277
1243850369
100000221854318
697068693
100001797350428
1187067554
100000181702721
516175913
100003952038012
159502570
762740371
1061766197
1572613263
515443619
579117964
563637186
1634576842
1361436044
1376711865
584843658
519051719
46104972
565142891
707769647
586128246
1020039392
100000515431249
560349448
569020400
100002528189026
100003099561051
100000546013106
100002361617849
1653049871
517534450
1656683001
685235102
100006850745632
100000040745364
1306332969
1584372599
100000041518769
1200336111
612195983
100001601328208
686040303
1192514875
542471414
694567114
612596012
100000194658249
605265307
1771897646
100000374921024
187300190
732276664
100000050948068
759374008
865670157
100000589645088
100005431122911
1691959961
100000778713865
637736631
1225725736
1070882443
1731547534
1665083699
589700041
666001812
100000969950444
714611070
1374966782
1748726415
1597578054
100001828712266
100000352757792
1811980
100001433674949
100000567903347
100000465708326
695793543
100002504535327
100000352860700
1597917265
1344090013
100002734639462
100006773401605
100000187699810
1277856473
1152530981
1841695595
1196602534
1306940791
1020699088
812890331
100001943696536
1423621011
1344035655
595511947
100000453588510
100002537843825
608357936
100000745063295
100001759091267
1441514879
100002943462052
1500729471
100001081365706
100002209011063
1834216461
100000734530660
1043895550
100001288440673
780806831
100001144425612
100001073829493
1449532928
1324617882
798275190
100002195334981
100005098171207
1531690114
100000590832812
747205925
1322257340
100002454895223
1049044409
100000020383688
1333504804
100000488926423
1231307221
783115509
1782665548
1153481735
100000394813696
100000642258516
697107896
510086182
100002169101923
1056521545
1384785772
1513277543
1110412986
680347525
594116905
517877820
1339173474
100001820857817
1298133720
1045375630
574795214
1026075897
654150057
1700003638
1248572515
1069097377
1331004926
1431475397
100003285549083
1841640369
592418182
100001438515295
1124060601
100000584210409
506976842
886040525
100000692007303
1696434812
1521016231
1456111330
1318302169
1375398955
100001269943366
706719443
1648059853
1210975245
1017963568
100000552822100
1401207069
768073018
513626934
595943292
732416812
503738093
100002876937297
100004774811079
100001640516685
1432794020
100000778158431
1612706106
100001380170621
616358789
515861625
1029758087
197100097
631565665
1032377865
509211531
546634561
1171658054
757198519
100006275821018
1360542990
1137413183
1394252991
100000807305194
1636155188
100000222500222
678334105
1096410830
100001243182067
688366032
1120681270
100004244526574
617195828
619766107
1014420204
1516127680
100003317847761
100006524411110
661846806
100000487015691
676775844
100007073821012
1056600268
1339909470
1415152098
100004307739723
1089566364
772446806
100000261550178
1617008416
510266438
100006615277456
1091713128
201982076497459
100000130893772
1338772282
1063793546
1088012652
561196681
509609846
784618569
1189284146
543787351
100000737671638
100001596873906
100006623166585
1328546433
100003393750023
1420877362
100000098684637
1390091903
1098871706
1372831260
1452278454
1768915046
738324044
1635117651
100001185407554
100001195320850
563494500
100004643613962
1337394085
720430844
100000611526832
1373858194
1007329381
1760572720
539665936
1610079786
595615509
1451382447
769316612
100005974898676
100000188098368
1682534069
100000567117964
1449106197
1384783748
1499052563
100000598640810
738461527
100001466001030
1411288105
1584013751
1321654633
751805471
1079317484
663454294
1157490617
597551255
100002196635300
1593817153
1080439930
100001143550712
630441530
1623581117
1152675644
100004968941949
100002393534090
100000145414860
1547113320
100000181514000
100000463093183
9306006
1653592784
100001891063823
100000756574837
547631023
506947373
553334358
630854726
100000180579051
100001927332019
1062697733
1093490470
1246646176
1566397901
649945400
100003361279103
100000810705658
1370215549
219011768229631
100000098636853
1628475143
1102337115
100000696469417
1221363582
1678970629
100005846646998
100000081973603
1552939316
100001770283476
80504999
1256781972
1100410124
100002346909095
1176273066
550935588
100006403784285
567391479
1578078766
1568150692
1065764030
1332745239
100000081185931
1091568132
1406190062
1068194290
100004982140021
1057807374
100000605026017
100000704379144
613066065
1576270970
100006588035217
1337618630
100002072925931
100003711699379
1360510091
708445507
666969023
727338739
1158024070
658729993
100000912696333
100000083534664
100000732585356
100000849615149
1052545206
100000470880657
638087040
1300561272
871225646
1513832837
100001168417289
1045473538
1685423878
100002040428920
100001367974724
681192036
1354382695
100007541164543
100000380205515
100000497611232
1241441751
100000225125999
1661192284
100000550838867
1454853108
1236358037
833908826
518906008
100002225018685
100004434280526
684550098
1066580222
683430553
728465200
1502425307
733469419
1199835155
1444696460
1042060060
580037305
100001014363205
637408438
1358474575
87800886
1500510625
1348548398
576509434
51810378
560140292
1545945266
1330972790
1059624364
16402395
1195863186
100000144815632
100006098554594
1183104132
753066982
100003738201182
1656047935
1075864429
637121205
1435623627
100002387665693
100000454801660
100003745478085
801325536
1224783422
629935621
558566409
55714506
777294493
100000764578424
594783307
1555975540
1826753613
1083335010
1635311539
1630327293
100000353719438
1115725374
100000689420419
1546495172
756602710
100000136841060
1443465147
1009376756
100000864572009
100001256789057
100001451985565
1392098072
1317621372
100000138926175
100001654219044
1850264021
1334611073
1539193515
1381745018
1647780037
100000596540135
60709891
690521100
760734128
617948160
1421897726
1119065977
100000271831127
600128447
1219052037
1250723346
567769548
545935140
100002185877565
1447671190
1032728419
100006481898498
100007449814890
100000676788813
515032612
100000414324469
503564065
678518419
100000062629587
1522277435
1268640368
775305450
673370680
1405704469
1594676336
523542988
1440194589
1406448179
1205456826
1408641761
100001487428957
141100146
546417401
100006607304102
100003189706172
100001109811095
100001446212550
100002326106411
100001495689138
1478270464
794609828
705173864
1391086534
100000481650263
1104729841
1217063233
507536253
21421301
100005665920299
1224751508
100001851848700
1475636577
821559290
1244769567
739379919
1454443188
100005296360136
676084241
1258542595
1581293093
100002229023226
1169974117
1033522442
1166567418
100000566472042
633315963
586750264
706169791
1488289585
100005492916817
510312414
1347452976
562777940
1224812932
100002143016575
100003065041287
1380216584
652862601
1403511830
100004572156867
100000617791044
100001249011157
643158346
100000142712692
123000534
1296631702
100000863877247
699925265
1022274854
1570050710
1344900422
100002480258988
100000407852702
1019866712
550010105
100000484765971
100003332355387
100001219538638
100000880624158
100000006664920
1023699282
100000675493012
575360593
100002885676833
100000639127571
635091688
100000908827981
100003278112452
1142631591
1653824188
526505741
100000234879064
732922236
508152979
100002834748654
1190746681
509122294
1370566101
1150824566
100002648460438
1010334153
100000711780369
506236932
1648677397
1309854650
885325424
100007424444605
1590886639
100002632245978
1727504625
100000753842946
1113294709
755347253
1296841917
100000091269805
1194619343
1148506670
100000150176755
813314039
100001544426313
1360874784
1531230985
1390021473
1103252144
539601516
100000054716726
1172356110
567807688
774704556
594178829
644689099
1003279066
837554276
100006490959922
1516275476
100000406335042
744281065
100000386896661
100000198580782
100001695189232
540072063
531351265
100001672910023
1837352953
100001093167616
100000996532091
537200724
1270243097
751130419
1360344969
1375715898
100000781550107
1371156483
1467040687
747068171
1147680158
100000058481003
100004944756288
1330719866
512628457
662820955
100003301859088
1566486692
1291372225
508018937
744725503
100000613041367
503305358
576757376
508505403
715331070
1728649615
1468406244
100000864460850
513103776
892415225
1394156466
100000552852046
813859555
100002636121338
1216045144
100002309424087
100000811136520
100000609763154
100001867471296
534699009
100003383899790
1669082242
1086640226
1170790939
1222716681
100000613855068
100002381724325
1253763209
1339232565
639930405
700369778
1209591519
100000582446063
513250349
695371786
671916402
696234514
100000155292194
100000585235573
1447920766
100001595857861
633498445
1262690331
626335626
558724778
677111102
765509448
100000104303727
1508383493
100000167153825
100000174995976
1051703130
100001153410221
100005959394052
1425707684
1437729068
100001643394627
100003920961317
100003928579929
559042030
1076935597
618774163
1522299735
1110276182
613657144
1648275975
1316561710
100000138422328
1231270615
100000222348195
717393590
741638343
1458151196
687419061
512950153
100000445435256
100001195374006
1148504258
100000623202881
577572581
100000346635168
100000188424269
100006552338447
1263619760
662895311
100001663831204
1143287099
635370771
607548101
100004100141582
739698059
1536740010
1160086242
856790144
100006270160178
1523643811
1705549959
1375405111
1594530844
100003809598343
100001254289583
100000181849270
100000015849408
1231225815
618968682
681809612
100000805134044
100003512518207
62903544
1425780683
1165407838
1412945141
100000529996863
1417312018
1123223302
1182259707
1379585926
100000143132329
570405122
510016560
1441809160
1174200174
624201893
1640227366
1094193394
540713386
100001698450471
1638425081
1413103625
698780711
1184216516
524500514
100006073771407
1620351459
1457022018
100000238581307
1573189014
1822433453
827605841
100000407413970
892265233
100002504561920
692842836
1340004952
1212684050
501518583
1123233959
1097454416
678134771
675562197
100000247962790
100000016298673
100002790904513
100000188086633
750035001
100002113969386
1672384669
1369771496
1114701156
100000092874703
100007390302210
1125957112
638521859
100000098226220
100001362452310
1454916989
1032021601
1292592101
100006485488021
503613499
100003538123020
1456814219
1738232023
1545674835
100000611973635
1544848348
1271423207
748376420
583048553
100000137715926
1337568084
100000441873428
584315119
100001030158238
725255297
541555456
100000582456343
1496536753
501667492
1324815989
1582233726
100005947386399
1614411750
1084077027
100001489383684
550315271
1290321731
1316043907
1032167008
1028602372
1134188630
1140814124
100003669497746
672607502
100000504918365
100001140287852
605499869
1604734294
694840988
100004944843882
557610639
588074876
1220676999
1379631090
1179232593
1027991903
707130007
1315209960
100003267236789
535416773
1362305951
1478360667
1260013324
1600427388
655981023
1650246239
1155382015
100000382275527
100003944119975
582094934
100004132356798
100001638761250
1652647040
1134171886
100000556332050
100001383428368
100001811097566
568100723
1336813779
1550942783
100005013251509
504985081
100001002617689
1521456968
100005173350955
641943991
1327557704
100000059312310
565124763
1355144683
1618443495
1619371163
1834595980
100001672173885
704717686
703372186
100004939442797
631040570
100000063183421
100001113771682
1322725304
632130611
1823194300
516642598
1129682609
1369033504
1579766288
1313081824
1470591724
1360863964
1535954013
845508321
100001021780577
1063483343
100003197706485
1439587468
100007604046162
1179401314
1757786933
610054230
100004071651445
1113957065
100000750600092
1200910296
100006049264835
1465869117
1802687821
100001180705774
1828104648
1121941973
1504908438
1134024239
1326325134
1296477961
575777255
100000187502527
1263676618
100005833060422
611877052
517558807
668118662
100001277212120
100000619689917
1307533804
100002127325085
100003066863331
100001057153061
658931634
100000169836615
1075856740
1760604621
100001781424628
1497934622
1050290000
100002778002165
1519776229
548077029
100001113703028
1470728645
643375505
1203704025
734232153
100000118072094
1190614704
1591436045
81001492
100000056454490
1515726798
100003465001636
1746978995
516850423
100001302147466
741730859
661957282
1367713244
1525025847
691157657
831805617
100001540426476
100000448010705
100003230705642
1842563516
704175683
100000004909445
100000261955352
512011761
1303821156
758648817
100000333584332
1393893619
100000444882641
1656642263
100000224826412
100004004604687
1144740316
1182489158
590626692
100000441698813
619023343
100001420638683
100000692043736
100001238786861
1068034942
100006098344126
589162007
453597594681523
1073141348
1425495194
100004170602023
1268367544
100000084930540
535260399
100003189605496
1838887613
1656879652
617032603
719825338
100001830554207
100000940161147
634800495
100004962280798
100003525210782
1622392782
100006562507875
1118714396
1024934604
100002488568329
510584577
100002869029763
100001143877097
770344337
1001301339
1078779176
100001217780319
1173555997
1333656667
9359653
100000562171299
659866290
628618066
692907245
1475706820
1343504873
100001734731597
749978126
100003641922746
507766590
100005710710682
100007448651337
1124864246
1716708735
100002231237830
100000049546772
1053892155
1331491415
100005061930827
100005572930656
709456900
1444772671
1033257004
1815851226
547351053
549752108
100003087010621
510002518
1432600523
100001430589805
1025291906
613954785
1468983056
100000575487847
100000735229567
1006180729
1494808229
553401384
717921922
1188390255
1707410240
1794148712
100004081867794
554747082
100000541056835
512179732
722229356
100003593405163
680055243
547533988
804929516
590911189
100000651403017
1544588142
100000399871161
100001116426437
1094506366
1468553168
753030328
100003334526820
1529555532
620455721
1052002077
100000664103868
1808065577
1197589715
1499870243
681221890
511592842
100001051641174
100000001881152
100000347588288
100001108856007
504048811
140772482787616
696896470
603581230
94700335
1354747642
733990128
1825836775
100001659683202
795175192
1539281844
771978237
623485118
773623153
194602626
1427025645
100000828864022
100000319324749
100001436435072
100006434251351
567793830
100005134209234
100000239180337
100000597682956
576352039
100000510487677
100002682368725
1375785070
1159080066
1295270984
1217409998
731501010
1383937603
1724251271
1049466767
604171159
1267847820
1651042705
1116183875
100003293153265
1339571850
100000427663430
509343989
1273560674
1613890490
1333736312
713752396
100006521582523
832624688
100005137714236
1351819263
1352624817
691593867
100001002383476
720607795
1192915964
1312572315
683312060
789409091
1060889740
1367209914
1280914156
1815469000
1285736979
642100143
506268866
100000264735405
705180335
710565820
100001211886571
683111437
100000046673343
600206916
600767254
591872787
628811544
100000248989242
1165982380
703432681
100001993754513
100003463297829
834717435
583127480
100003576355299
1616702515
100001030309074
1613654456
556385544
1578109645
100000828623270
631418747
674517349
1251164146
100004963084098
539536157
1329041166
100000772262189
100000221400231
751588685
1177507111
1074332109
100002334265585
100000035371744
685081534
1234675174
1173568428
100000131307623
1105233072
1406465556
1562250296
100000776941847
644339070
1462317279
100005212569056
6512466
603737471
775492812
1507393863
100001360977375
1299768311
1389457953
100000121913567
100005652819122
100005734633481
500535387
1456784017
1105135624
100002152215839
26726586
100000064503452
100004393503698
729695460
1104086317
1417457874
100000158214122
1490004859
622624828
1038219107
762367995
1632703463
536630919
100000291647669
100000489023004
1602422625
100002623895401
1312988655
699505109
100002147291121
547921201
1038174285
815149779
1492279162
210611484
1426790822
773455751
1710665160
100002661415543
593015770
100000411245947
100005079456963
810340314
100002150690373
692860316
100001068122881
1274054567
704738530
1272506687
1462734355
1022501349
554201151
1039004006
1231072633
100003552470083
1735678218
100004629696500
100000632247709
100000107601610
560774699
1639513354
670705637
1470940705
1088780377
1405133456
100001818450492
1188666737
689326006
100003775727328
1032474787
1202100372
584080999
1615833051
1413655986
100003403040957
678877771
100000605145511
835630062
742145359
100002242224887
100003804618534
100003092148095
1020020924
1025617957
829050005
100001304374113
1080166066
650970159
100000697388493
1246802797
100000445322184
620281085
1147879985
100000309001940
100002833324943
59702628
100004021893143
505442426
1231302675
1323424673
100001286362119
1096271406
585517566
100000030740287
100004135622294
100002633023107
1085520797
666437136
1522453783
1615712745
616401367
749926863
1400448244
615946603
1451811909
629260799
1509965480
507645196
1516794748
575424719
503173226
1551516094
689330136
100000531084291
544860182
1041583454
100004211971326
100000790518383
1627670581
100000312425004
100000220110950
756572770
100001311319691
1381635365
100007655708615
1777732755
1193959703
1357760951
1388480250
1492498083
554814800
1426533674
100001208685394
1077351213
1161432094
1044473304
1221856669
100000773412887
594788464
1771129305
1626343016
100007282657085
100002564608032
1608767722
548200563
100000207427359
1115454072
642400567
674629495
100001478696401
1767687517
100000650911407
1411877314
100006620412449
782349404
1232387118
1458113195
37603269
1602503118
1045555357
501120906
549127812
520507597
1494826694
509909492
648804153
100005644062196
100000491244823
1285336783
8829469
1429351810
100000797273129
1243625610
742684041
681956833
1391149534
1355643057
1453818185
510957119
601976591
100000819975668
100002305454021
100000177906139
543279091
100000829780878
100000718888464
1132717229
100003882513586
591400688
757405178
1649889313
502498924
100004654093824
1249273210
729903241
1845575432
1590191675
100002402127116
100001673468211
657082170
1583380637
1498838675
1432050639
100002952657323
100000046877699
696683051
719401814
1142406764
100005047146579
1553978748
714400433
100001927374124
1247740875
1319451200
1466121227
100000458304254
581710682
100002287028859
1710775265
516831143
100002993612530
100003132244214
1278511346
506774246
635870865
1628987226
100002766110762
100003243758111
1021215496
100002173468438
100002761272823
100001679053333
1673111915
1713464815
1561337068
100000604940084
1534957529
513765799
100000237976670
1846836501
527325914
1596904810
100001984446852
1290713924
100000552952607
100001766151490
1352990530
745850332
1547181985
1049788151
100000564940779
1181935579
1579879627
626219257
760155857
100005476751549
689909040
734811322
100001197227510
1528598157
100000854192372
100006640004403
1005183399
579445287
656632187
677284722
1336390240
717513389
651326404
100001459012725
100007177952884
1105515180
100000371047715
590557309
100003858943199
100000384772010
100000522261717
1634807520
633977984
100000877581250
1012232855
1632326802
540743938
834823711
100000189968641
1448331593
1399931593
100001947033147
1521952267
539645078
100000210271176
1337028828
100000242128829
738883664
787275017
100005483623209
1270609214
1336550541
1680987012
290900957
100002658709681
521441968
1674673503
100000607114242
118000078
100005990678161
1511654422
1663597285
766048531
510087534
889040321
100000155625983
45704113
100001812466617
100000617492034
522575365
71200843
1719981929
1560802296
100000362633254
100002207817869
619568124
1105536469
532220253
594666735
100001386975886
810080623
100001957868870
1197001168
1799560255
718030642
100004885051037
1086176343
1345411245
721263680
770579831
630912127
1544378633
100000218007628
100003738552211
100002964709933
770759902
622085707
1376492047
804055255
100000896336623
561471686
827285298
565042941
1553904488
1525575354
781765600
1368293383
1083740310
1430640516
1560042450
654670087
1578543473
736940238
100004168057202
613711059
100003314151821
100005257692671
688143503
100000780546524
100005170361643
1154286674
1261974445
1245972115
569761004
1666502918
1480112277
808194717
100000214204145
1043304800
1260607746
100002629565085
100002592592701
501014815
509120098
100005925067654
631143169
1431260588
20921459
100001734934817
100000664598473
1009885225
100001506409466
100000475531150
100000705264794
523568480
1633581748
100000071117987
100002458299052
714916293
531935060
100000810025331
1627097363
1383946480
586279466
100002026173372
621648535
720215574
1614537615
672636855
790995653
100001728456295
80505295
1042981040
539603791
640843342
100000492977886
1786780837
1153595183
561418165
1077109583
100000894276038
100000920724599
500812291
1286550389
1168078748
685915444
781650047
100003666259990
100001359873570
678485121
732961270
1365461926
505362741
1310916947
520169071
560708968
555707483
1245843736
100002226009000
569655045
100002816648142
877080362
1132371075
100004757640228
100001133804763
100001447198624
100000019806502
1110369539
528946584
1581243938
100000278368298
1368546368
100000871534599
705756326
100007446695485
827752304
517152071
604851377
13921931
1304600358
1696921364
1453596833
519399540
100000206469175
100000275085584
100007020006095
100000106236180
100001408125576
100001702214587
1127922394
100000245332598
1690793100
1364422847
1176046803
100007151405523
100002591336773
100000389557619
503065689
1415820300
100001704591124
578776388
100001257824432
865780202
100001914469617
546396098
100002485484827
184805288
100001728365947
100000128657828
87200467
1795003601
113900008
775230787
671354434
575345690
637185600
1663692113
100001732591043
100001195914259
555387535
1264891050
50402090
577719099
1092372055
790734475
100004053259937
23918702
544241530
100000605904873
100000225130505
728637471
671431499
1202300245
681910620
1259181125
668176270
1449186763
100000264991058
853394559
1459216265
100000094545902
547610852
555941077
1742160218
100000993379852
100000239220541
100006189102105
100002519357400
1288779635
1128991187
100000170490063
573099838
100000396546236
1469327415
1048005287
100001759541781
1053322322
100000293815428
514050957
782962651
100006934772606
100003082715520
1264952495
513156233
1491255555
1835276633
501472048
699410521
520676161
100000765341255
1344450778
100007453351939
1135645035
1637474116
641521678
100000690696415
1201392904
100006364141756
100003240600375
1787018489
100000602165841
1028823733
549009026
583219663
636649533
571306637
100001698881283
1363404160
100005623694361
511126519
1625623607
1414593358
586721986
1382226234
739344515
100007121286915
100001839601681
596891777
1383819071
100002944457034
1263199386
675203642
100005131993606
1534318550
100001438399619
100000521846794
1613439303
512243740
100000433601818
849700346
574261285
505545367
501335199
599293282
100000686887417
100006772778558
1372245767
1181812059
1367417253
686110439
502069009
538265450
1013072344
100000367356405
100000249081172
1466019293
1485818972
100000898528315
100007103886729
100000676393825
1364591418
100004908364290
1642801596
100003818216124
1348984052
1573261295
729194586
504085689
100000890149282
593854155
190351717650623
100000020467112
1173008942
1667942953
100003467578636
100002174565903
100000012676685
708354583
1477537348
100000828821128
748565111
1082930454
1395546765
668271499
100000318632640
1621549413
100000898165411
718541823
676410258
707278094
1591509378
560441004
1672026418
1065986077
757208543
100003637427119
506793661
1417148175
1640553893
1101288179
100002641721798
1783608119
100006299310064
746257214
100005077568994
100006834732137
1589751316
100004312261571
1531844030
1532861998
100001394714369
560131546
1155894064
100004722282407
512382737
652243185
1821140766
100002503786513
1443079161
1267803369
100000451657050
529690550
581155036
1047318319
100000168570250
530557186
100003721353732
100001448156767
100001728875192
100000930596515
1410107718
100001651525581
100002568875190
675345866
100006545016879
606708081
1209829980
1407247709
100006609161701
739118610
100001632527757
100003613755308
100005382576578
1039269816
1330223447
1143093913
527389514
734221012
100000184376962
682134399
742796963
584287536
649624174
1176784261
549014105
837925156
514071603
1277650606
100001126471846
100006522821782
1057871959
100002688224728
1218053496
100003182790623
706790154
100002991648672
1180080006
1352648257
635902913
100000782682722
564895860
100000415416135
100000004627045
672126732
1820403929
1218791093
100000555921515
1630089075
100002654644229
1009752113
578559121
100000598382088
579449858
1454340071
100000659679214
557840469
1293247516
100003016758101
1297236421
100000657121707
100000573783481
1199294025
626000539
1296072653
664693205
1252747256
100000013772734
100001318256745
1522265573
567813783
678260332
756321411
1350018160
100000592777279
731370156
100001442991599
1653317138
784273089
100000334053055
1338387141
522743981
657578837
635255461
1602386763
1178479424
1441858192
100000641323882
100000347456871
1199786018
100002932975694
100000074562968
100000002232070
616741819
1586358833
730909694
1252597532
1052111760
100006497406483
1593963617
1691340207
1503993780
1034234763
521705080
58600371
1227559533
795485413
1772287284
649385148
1460113380
1629217808
100004458303946
100000197428561
664281151
114349405245572
100000820374592
880070067
136900008
100004378950149
1257714696
100000966873398
1032486601
100001089348650
1129796556
100002204171245
1218069923
1248357266
1151688008
100001834607123
625916981
1168970981
1071273577
1638633463
1286583779
100002789002975
1522059198
1336931432
717926182
1425053588
1179260729
100000284582707
546813686
1636567397
1544301349
100000833629665
763610482
1695606975
1625140302
100005225376010
1504854470
507976820
1405122021
1416673756
1229131241
100000415153512
100001294748027
1187747962
100006467812984
100000393412270
605419868
1377632761
100000168066765
679645184
56709240
1048224748
100005522290088
1267741876
100001210494327
1541717224
570480066
100005061551266
1016238618
1475739135
560621006
840144586
788288923
1651740027
1311848204
624752729
1330666588
1253978222
1771801924
100000195327790
1367644404
1446313426
1812652284
1333249291
1663310464
100001272087657
686115169
100004897837388
705431490
587104052
577677779
1355720266
1068408186
1504324622
652528571
1676617860
688190459
1487964801
197600711
1090086255
100000033071705
615547094
1270526520
520400173
1279941800
100000112842031
1441242082
1634306632
100006125949758
1210673067
1422012697
1252746714
505378356
100005338124614
1640841925
100000657145629
100003625648100
1513224297
100001328810385
164046853647497
100000331807977
100001827878194
804348323
1097795351
1636205812
692877573
611741843
100000108974978
1831944681
689657998
635405333
1711321066
1280510417
747410649
610061350
100000721001914
713240587
501501359
1066712330
1251678925
1345758813
1757258621
100006095165483
100003938186114
1328186229
1603899485
100003181331875
1798825335
588177792
573507826
511310831
1838251883
1530908901
810542359
1811724002
100004264472754
100000143710550
100003247100656
502596244
509018097
1165711338
1074934560
100001045610178
100001403703893
100000175008422
1170183410
1606313726
100000474144297
100000097305745
1421855072
1790075888
1368429734
100000115719753
665932958
510256779
1002063572
1385113553
565120554
1312067775
100004504836264
1275125964
1579778979
1665728524
100000967962750
100003765813207
534625224
1551962999
100001272613391
555400885
1465784962
1420262745
1476455283
625810756
596922995
533149624
1064223536
1455726585
592314266
747993932
599492897
1067804648
100000709429158
503058604
684640644
549375074
1481660153
100000264113893
100003502360577
1445431441
549451490
1180091185
100000573184416
1645031337
1666650044
100004354470350
1357331945
1126237252
1071687718
100000552111428
1223130587
100001492974214
1670870824
100000804243745
644141210
743050662
1318525378
655237131
1113574250
1088587109
896475433
1614402393
594950179
100000222201910
100000016707278
1025810131
1286336498
100000589149674
100000628835682
1488636119
648875555
669558899
100003050143507
100001334178255
564712475
100001283708386
1110987011
1177223890
503095583
685056445
636560452
848055071
100000890733068
626965331
1215028309
1428150118
1456015651
100002344926772
1812344723
1455138624
555591447
100002089935465
100000453375848
1143999915
100000005650701
100004473879317
605546266
308795615818729
1392622208
1055844058
730299798
1017894927
689478078
664036119
1386564708
796875248
1455541057
1750191329
826794348
518884854
599660172
100001155834840
1140585279
100000454282122
1333707253
689720128
1491495610
1485157045
722451063
100000363203808
1348203387
1533451473
100004032249717
733098249
743685561
1373853458
1192374973
629765128
570390214
1335986365
100000578205979
563947993
100007408500430
100006388691003
1448221900
1200768138
100004134278936
1121906171
100000310645448
100001509543464
602840976
539524782
518630436
744120552
549003358
100001284893209
100003813071769
100000373790875
675330081
100001338701228
100003719426784
100001250250889
100007445109932
541120610
100000962987534
1171352041
100001203097156
100004965425326
1267017981
819245547
1317240312
100000844537924
1640148288
1258479779
100000711024397
100000254260340
628136045
1115941492
1345549796
100003163384554
100000587974423
1781900553
100001021174880
1308044001
100003446571284
1071572495
764299547
1514603212
1406580659
100000491736463
100002703765734
1411286552
504242462
1541943659
100001161957439
1208865584
100000864170454
1474414926
857864338
832563902
1788660895
100007021085744
1230679535
100001697915321
100000591562958
100001618113330
100004131912799
100001692451835
1333882025
1549785879
569981408
1008296032
100000632049074
1129181601
100000005014699
660952064
1634166546
630890434
100001206229366
100001276585540
1497642261
100000246505664
557323830
583270486
100000298783438
1087645490
1324800013
505814950
622730217
100001561673891
704890794
670420404
695093928
631732680
588065764
1330112899
100005833951369
537830510
1654779548
1423178210
