614283173
114630795264277
1541810274
253039028080503
734935787
504548962
1559763085
1267477392
100004894150859
100003005785164
1653257485
1386736248
100003309555765
1231420577
515299100
1344311522
577788209
100007253070529
1524071924
100000254476351
49501128
1345531128
1615117805
535792101
100002224585581
100001524502844
1331580087
100000716113915
1522330757
100000816225603
100002312176846
31207928
100000529350356
1377606832
742275443
100000655800038
1496313027
1016626511
610246507
503720492
386756078088586
8329497
100001970437061
100003927697394
619673678
100003191517791
100002132208775
100000249723128
734475644
1013157213
100001855668515
100001871582755
638444606
1660868462
505325409
1626439839
1496273375
564958065
4900112
1634603750
1472427708
1116123956
1797024863
1492685512
100000335303149
100000522887994
1282533591
719968913
1412546537
100000112193389
100003248351312
100002024208258
1805245414
1508684751
1438310527
14201918
800355007
1329017967
1249433528
737554313
100000393470652
1079715339
1523310496
100002123156824
631483616
100003174893007
1645235587
203331729804278
100002233286830
100001868089443
587475224
1396806422
100000291206419
1585923919
1466659759
542803929
622432998
1676226548
100000037263263
100004088266348
1313180654
1289582935
100006003935292
503313838
1413723685
1356724763
554644823
638357730
720310580
100000013557873
1359192285
1326421092
1613940296
1454593534
100000425467053
55600209
608974253
1499139374
861910531
514797921
100004174331677
100004929728724
639086777
2337084
198777600142192
100005252828178
1120301670
1301836963
1122212383
545012649
1229611510
1107445131
100004065124220
100001456951484
576526251
100003860268484
171283089619650
1117201588
1722054653
516678118
1253528690
662442779
136175586417495
100000762199378
643561046
100000715279256
1334512529
1644063128
1646145683
10300056
537234926
1464285863
682093878
637434626
100000315410545
1082941524
100000982789799
55716073
100001096164168
703802822
100003880273057
100003634427360
100000942020083
100000075576437
100002693941188
518294509
1784663288
1038675974
100003998139077
100000490697561
507309960
100004963838311
100000760212861
1286505681
100000206217995
1591435986
1647398922
100001701643833
1407233395
100000500380291
1472834293
100003789217955
100000046590448
100001384520318
1154863865
1624610183
1434769559
1641341350
100000066903154
100000239895412
675327964
100001323097123
765302998
697183511
100000511817633
892400047
524817208
1657621711
590830103
1449204700
1185087581
1310422016
1845178449
1403711934
1353728153
583237394
100001590573051
100000274923941
1533874628
1060701880
1460866770
100001503623298
562716321
188000133
100001882298495
669436073
1006233476
561652420
1612493475
1142808711
100000096391383
664500701
1030876768
1102403171
509123550
100000296601761
677553326
100000790921042
100001618735154
100001120593303
1243325951
1420024989
598884971
100000449379214
100005737445717
100000685298685
1481824192
685854152
421108434629009
100000381002146
519250019
540193667
1120293887
1468583188
553007035
714787246
1046990094
100002581593889
1181383150
100004377336568
542736668
1186956965
763448054
1002501541
100000335254688
784827619
701018738
1050175292
1325049867
424840847547412
1123042759
1735577230
100000258473813
534936055
100000594226214
1231054465
1449728175
710627971
100000683104928
5002985
44400647
1303119589
5722202
500620673
1347124935
675166758
100000695048695
1820601367
100001887012925
100005017838770
100001325792086
1170901089
100001550860249
100000992174773
1458644475
232466703555155
100000258146163
1324936580
1460274297
637184223
100001398841149
501930573
1447080001
100000892593135
100000251633070
1576608802
3604709
1366086693
100003106825346
100000128036209
1685508997
645458376
100000270286786
73003200
1403246549
1332702132
607570309
743674532
542811078
100004965365427
100002184671306
100000541920978
1615907320
100003596527530
659286347
100001394914887
502772306
100001286765607
700927136
100003245794486
100005320536917
100004736220529
100004002848565
559648035
194920717364
1826561585
1027091082
634842248
22901031
1034255617
1814045460
100003682214847
1520391664
100000053016580
76803843
658189898
1071668135
568854815
100005118071643
100000549208189
1533401196
100003323381681
1544591741
1066643811
781333859
1423317747
67601925
1378710092
517767041
1577890279
100004472850710
1104147329
1505648255
9013784
100001475213310
100000711626063
100000588727424
63500356
790766966
1576350981
1079784253
508796494
822673502
1401361717
100000963558721
100000693381908
1595396885
1022706527
100000158900989
11700324
511687311
1330613002
1066678087
550748897
100000507856335
758929941
100000535595173
682848754
100001731835951
535623237
100003728271899
1536423274
100000925946381
700491856
1708437
1057979232
1210447108
27403198
520644834
100003228747403
465311866834979
1663527487
100001090290371
100000890333839
396669650393046
100000200684260
100004242911554
1503444704
834155091
100001669884316
100004163791925
100001212566690
1378383620
800098733
100000350104905
911009
100002952313171
611704467
1105508392
100003362494008
505973764
1011245840
100000597595521
1370776790
100001051044732
100000341416099
100005684492176
100001033517751
1255242778
1588481626
831140014
1273688660
1052993073
1509535734
1831908055
436522389723067
752869997
100005949039836
570792245
1239994788
100000850093951
5129982
552546835
356736181017725
578843834
1526757872
100004582685982
1375686135
100000175106627
1323280723
1076829289
589018311
1520539750
548855653
38006630
681195554
251661771605426
1672951680
138090612932764
284942401555641
719410513
205301217
1176002792
813047788
644325784
100001037694254
1172558616
1644931034
779443852
1390452055
100001719678689
1824344515
16100462
589220868
1268920888
100000834366160
100000699871947
1720627945
240946086060745
1363180813
100001286867196
100002773898433
100003916622187
100001306798351
1488303670
613847412
1557196725
1748760561
1511197284
1503873948
1300446902
100003190522578
199107493
100002827167879
1117311904
1548191702
1583136403
197990813553186
100001307205550
22608184
1151019944
665929699
1084561749
100005847041968
1520873638
1030595401
887530253
100000172483778
1457181795
1349891453
1412959479
507911839
100000397764895
100001100666659
804144482
100005009580763
11016561
1067989822
1439280752
100000032902355
1491504862
1448197325
1612576948
100002964992021
27606739
100002047695017
500018104
1456519062
100001486207339
1264240177
100000344964106
100000425116070
100001862180892
609156576
1057651517
1342185198
1387732391
100000599131087
100000189490426
1033093238
100000498751753
1215282045
639150819
100000176867208
1264801221
1644902909
1343237391
1801615565
100002018435618
100000897453312
213000214
1836842524
100000343317774
211703555
446874478695105
1015136127
829349468
1851403999
100000780198166
1018658301
720622634
1040036253
1399387364
100000551457759
1019413143
543906247
1648290138
100004183122013
1114674043
100002878731630
1201664051
749905213
617491652
1777232141
1564339465
22901022
741869249
100001905664877
100000462421427
100002864332375
100000156435629
605950552
713290583
1368804909
100000953848539
1018733663
100001328121638
1236306450
8848876
1265046026
100000191731564
100000523330498
1004498460
1380480092
100000220314332
100004962001308
1434951183
1278847795
1486314712
100000452970874
1654279993
100001972489838
100001504501630
1547534284
100000786054120
1065115048
100004103260989
1156573811
1707293005
504060942
1186749024
100001847201552
701508026
1024765442
1039016786
100000791434166
100001554371116
1340149616
1631071536
100004391070918
1431001070
1474824566
1026950861
1329618718
100002281661568
1367379933
100004508671896
1724402892
100000107380473
1518332886
651671851526574
100000490036568
100005344872855
100001380365778
1634803460
1480267850
100000733255240
1319274028
100002219552345
1319580055
1144245487
100000004673279
614360298
706352197
100000214643858
1390674229
1255971954
1105757482
100000166160770
1206062750
100002216112251
1242921483
100000728648674
100000133428673
581055487
1327355150
1413883605
681258359
101944061795
1355171785
706960377
100000966101247
100000036341146
1001929279
100000767528203
100000115880229
139091316170964
100001728481106
1088154611
684485639
100001407340844
586908715
674455379
100004955797154
100001788174616
1230330081
667375988
100000843624653
618372380
1356861880
736913490
659424537
81500407
1415121758
1248962020
100003290049460
628297003
100000491917851
1519274737
100002367806681
1035431232
752933002
100001596943036
733073071
1481606757
1822071600
601019040
100000215799336
1529052521
701334451
100000102150295
100000902447437
556108424439882
100001845226418
100002386937818
684675543
514622238
290400868
1445924085
544349294
100002222712768
1610438356
825840628
648752114
1324265601
1086504368
100003873283518
369177923093004
100001314376381
100001865445155
100001462294731
780548979
815669230
320514817979924
1623267197
566356475
606337473
100003377731313
683783171
1469302964
100002312223910
795067776
176207159100853
1479934546
100000577540099
1102188670
626228631
67623083760
3428449
1320697845
100001983718388
707893533
1310757871
100000832013749
1231590552
14002289
100002901401594
506435897
100000219327874
100007467902874
1596920520
100004473901051
1182627716
1288812017
100001457546507
1013588984
100000424576897
100000473056982
1508666521
168899323164639
708581576
100000574873243
521189112
1593660655
100001165645737
1368830172
1243457632
688152272
7024360
100000732731928
1648321647
1285149225
1532101724
755258297
1508001166
1187856181
56602215
1118752552
1166301296
1683457205
511905657
1215693363
100000102471371
507093841
1052628139
100000243219917
1152554734
100000517102190
1410356676
1375894742
100000917941318
685396487
666282250
1419430725
1131035175
1327920698
622131772
626799541
100004047838080
1190121157
1039866247
100002209012107
641595462
100000846553928
600707213
100000406683593
231462096867748
100003067863688
1468754928
100002567633170
688164610
1020972221
1244607729
1424090310
100000599577919
1409476739
1612573794
100005028182190
1324651814
1451288614
615856247
560068921
100001255391566
1507108477
100002401451797
1473589103
15700156
54705760
100004991130466
587716469
100001939388901
1300901767
278004855658040
100001024471022
100004758360122
100004657054188
1668352716
100000962574293
539952512
100000409755354
100001241570893
14213628
1145640828
615559528
100003267817601
610359418
537131934
738856106
1668425373
1338630314
100000266223059
696325309
721685102
1268311536
1735711371
18804092
100001969485098
830853467
599815969
850579639
666162162
100006466896161
1196107390
1022053005
1534374733
750225983
100001563641386
100002461906700
1665016699
1126107652
1143442082
1563447023
509292489
1411575159
13001090
100000869337469
657408702
1781019037
688163510
100003914001916
672071591
1235482816
100002234684165
100003263139957
604363034
100000590271861
1482040182
100000071467490
1030563160
100000717669367
1814995540
1104246817
100000660520051
611214064
1014207315
100000840807080
551053763
100000956182817
1600636385
100000229573265
100000874423874
100000966222491
1503152371
1153760174
669395986
5217709
100000722990673
1420814577
1315644199
1285321364
1637405608
653120696
100000404017829
1097991095
45705961871
100000041958993
100002459766135
100001444753483
1237133241
15101600
100001759788662
592161873
517621639
100000520667459
100003549111365
1385205867
506688503
1630660997
1233294209
100002615671053
100000685968053
100002071271279
1134048259
100002112324034
100000284060348
1054652984
100003572068186
132652976756095
1343514433
100004007837541
100000226177625
731601147
25902557
1054508066
821930654
1101394135
661148613
100001068606733
100000008178993
516106112
1320986073
5302073
532980976
100002724581070
687011063
1075801973
574585942
100004472736060
750543605
570622972
1223851933
100003655206423
100002240459084
100000385477000
100001113877407
1410266115
711713783
626150165
560853716
100000592482340
2312926
778349291
100004674401822
1219575441
1541169914
1344034185
1466115870
611220465
100004461511130
100001288200589
1579535224
629086100
575703866
1920648
602276070
100000566225206
1175427806
505572323
640017729
1199692942
1256700342
100000010726412
1344294618
661895511
100001535201815
876855371
2217745
134293626652695
1456950141
1642782270
100001914319185
1318834484
1142910805
100000909963233
721085859
100000045981988
100000389028060
815497430
553252478
1502730123
100000293300814
500037901
1537149364
1112981056
601675983
484312974926061
100000512749796
100001420987969
1361195785
100000016198189
100001166209858
1380683246
1516149189
101725576582651
512873253
1228331796
100004542246529
1148566252
591499833
514608708576351
100002389668882
100001884032669
1052073211
100000421822170
565052112
1164458812
100004167281165
100000919323926
100003397903746
1275095040
656342331
100000011797168
686198519
100001165474043
100001819595693
662362813
100000465544377
179574968732369
1176051239
1222885287
1033886928
554935652
1473439384
100003583178164
659425430
100000134116564
1319383589
1658450936
1005120592
1412201216
100003071940218
100000157644949
54501362
1454569576
217964318289641
1529974547
100001220428908
1174413610
523755156
1715962849
728751075
1124756564
558584728
1059641298
558135690
1417625185
1349621614
1426924452
239411526182149
36867873977
100000211285814
100001249230882
100000056316211
100002605449110
100000586594205
684632275
1525485377
557597564
1080512523
587151224
100002466282999
100005045354023
100000342018081
285753967080
100000316693292
757182817
100000439992335
100002453281437
1080069606
1167927076
606045967
1196460355
100005292281788
617738626
1195445618
64900114
512466696
100001514865425
1352736115
81403427
601308896
1208811136
784325031
828624860
100001255931202
1073113339
1310073467
100000079453067
1415424631
100003234994058
1187351573
100000217051547
684967471
1366594304
100001199278296
100003753116906
16807800
1517306618
1104334737
100000447022333
1144405411
100001923521413
787147287
1580781062
1600332
100000298725413
100001941664097
1459704869
100001836714462
1572167582
1063390314
1604346580
1358213508
810740396
100002248922564
504394344
123089757756788
39602820
100001430058781
1239364662
1128093974
100001233839200
1323030048
90759999443
100001198944612
1158526942
3613118
1842870027
1110207099
100001246483637
100000022368795
558215109
1435598070
1245948422
1522479354
100000224889815
100000712193201
1555536055
551951081
100000771203975
1240535535
906845723
1671107861
1667612522
1679674679
506678274
100001217063666
1343490055
3301824
1459266526
100001530881730
1133498487
100000441043732
1266900076
599991921
754736881
100003488931480
1266696405
641358639
1465789444
138610099573544
1583404440
1645072344
896240611
1579005876
550935496
747283213
100000518808519
622682364
100001306784627
270263082988230
580974080
1211843527
100004705480221
1293400940
100000499394581
1499402803
11402574
1573506752
100000478481902
100003809674032
1707986896
100002026397054
100000089015772
100005038531807
100004094412307
1229330010
704268906
100000233970947
100004048064896
100002935836201
832174545
1496534804
100003555892062
143600035620
1309901548
620344811
524497622
1035304366
100001567337749
43900295
107384496179
100002891337422
100000870856283
638548638
1380579532
531829853525265
100002118022670
704217007
1049346797
1562105153
100003223648923
576232331
100001876358845
100001476415907
796891111
100000431735069
100000692666140
211772392275273
670956659
1082735365
23100541
1090911316
1440558662
597540808
755986557
20607663
1305766415
572138768
725147705
100005476323431
1377410368
1362420052
100000174397379
226622020801419
1300235885
1307988646
803170056
100000344781082
15500896
1557112969
100002437084485
26801801
1115217775
100000768393514
1002735458
1212700770
100004626997654
1239972152
1347013349
25713972
682550374
100002128322622
100001199263567
676513902
1601565417
1503884864
664291960
682943616
1432876903
678764651
353799598049523
100003022539189
1153124443
731930657
100001049576509
100000056374269
511332221
555556468
1412981658
100003173156129
1159815348
515880235
1140708106
1171394537
30501933
100003767338597
738131278
172001116
643719391
630140069
712916857
1195805628
100000083574591
1226862168
502622425
1162433033
1031204848
1190897374
605477572
1698790815
730216352
535497660
1062691725
1565076530
50903528
512304315
502907866
789047829
1302208156
1167533658
590531410
809217298
100001213736882
701559141
1519292706
208893845808430
1144171343
100000227642578
100000400778354
628828452
11800465
1164823577
1127527314
100001794990157
42413495
1218044915
1563568448
100001820875981
1325951873
100000130828447
1163275668
1078141315
1845466490
1152144136
602409937
1078824011
613267775
100002503414287
1771458098
100001213756747
325219047533396
100000892782044
100003044006171
1292010020
100000112312169
7412530
259600440820999
100000381738105
100000861934569
612554282
100001341557338
1156455992
100000287049535
130490346978427
1247451953
569288032
100001005702626
535645200
1772713445
673042255
660786514
1806552828
514143924
100003261821656
545429560
9600157
100000117160989
16501302
792190569
1334807521
1148331075
663329480
1573893241
1569397927
100002732697133
100003097796496
1368203886
390295117714364
1763307019
100002128584631
1471082797
1179409254
1147218850
1380438857
100000165022411
100001130676062
100000244042522
100000930108886
100002993873396
1562747127
100000199015451
691232359
100001988218480
586383606
100004769460584
100001065903299
1020708710
510170804
100000556615477
633224346
1752950543
100000496106866
570210347
520595721
100000525103547
1639342837
16408131
1157648887
100000536884965
1582692356
1552972954
668985098
561939390
1155255639
1268363598
100000373353920
100001514872574
1661586272
21601898
1227012757
100000658945927
1344807661
100000853374830
1031931158
1360741164
682056188
1388954387
155068881308630
100001081593645
1157264991
1073587872
100001579362390
1475132103
100002891887384
1001493753
1097824568
1270686928
721617126
438727242902969
618403101
1243923286
1174029993
1693238435
1587253648
1159479565
1203507163
656039698
100000054215146
100001362900149
100003632452223
1462817800
554482996
565761715
568785231
1103748560
1695057660
100000476486087
100006220351477
1328340832
100000504072774
1327686317
1327087879
100001256906200
100001553413774
100003801287206
1848325830
593140791
1607528526
3708101
1305162006
590342175
100000591251217
100001537937414
616557122
585203313
100001067387021
100000497952886
733009486
100001906803515
1646799230
1139777743
1093044064
1640333820
808268451
100000637335208
100000545601823
18305365
1019202021
100001228441469
100000741577531
649568723
100001289681862
1462044849
1500360292
1671597536
595078257
1560316974
2810378
1400385865
1169427644
1593220188
639959624
560306341
100001840865716
100001470014505
100000442614079
850550088
100000922669926
100004196404013
100005501102945
100000648810037
100001117421914
535815846
98853806214
100003080568886
100000230615493
562975578
17500551
1088925165
1223195034
702149982
1197685307
1640195088
100000871373707
100003699194023
1314631249
723300991
709331790
549798596
100002818851529
1139220581
1066059422
100005181127686
1634272389
1426252496
766503780
1297989580
537592661
1090492509
740855099
784371336
100004560636331
1426860055
100000251463018
100001851776474
207065616015069
555166617
1300033910
100000798936461
1678915864
100000124601787
1002131337
1139536479
100000156193603
555583581
100001385601791
100000902287799
100002915205212
1204892559
106318306084614
1541203894
1465767301
100000333863928
548816014
1381291406
11500413
100000433282538
100000079007086
1656717456
41703107
1078485633
100002937542341
1197703355
100004037298672
100000949560430
100000912578263
100003633780147
1035854835
1336428434
554763169
677896460
26308225
100000125522148
1205517320
100000552812556
100000029606853
671513134
552356283
1112730946
5732904
1247546843
100000814922677
100000464420212
100000568900602
1826114591
100000202764390
1562790397
1101504827
100001222625710
1082200340
1795077422
100006235476652
100003906130756
516131242
100001655354936
1091628270
1381071253
1400477984
643814081
100000179465137
1259714054
504193677
100000512522856
1586192835
100001911385064
504250294
100001729378019
532496346
100000529463689
1391823570
1151982238
1786018033
100002508268932
100000016391584
1702801702
765673842
1320196923
100004251637928
505258593
100002515514074
100000353212041
100000559222479
788217639
1449308512
514799854
100000888212899
1607253432
543456392
1175417168
1131164801
100001902136987
1149330143
1158792957
100003641828249
747579791
100003793109189
100001586081105
755083241
100000103117079
357511977690272
100000892342005
1112149029
100000116472004
73102535
1108951643
1119140583
1807985541
51100327
1272191725
654505113
544818809
576422193
100004074080337
1472067402
1572801310
1413637875
414187
658600079
413854972020841
1216815557
1023602061
1204084462
9605816
100002352063276
100000998739232
502502361
100000687513153
100000566264882
1502974752
1231310991
519678377
148076335344262
502373123
1504120982
100000761910888
1504565188
551401395
1012629522
1178914770
100000600308450
68111720
1415931688
100001792768332
100000129795685
1474182100
100001569601369
1042530066
852260318
672205332
1303077051
1267255835
1271592317
727647137
580303219
1589207967
582021552
1251477094
1499811436
1157794968
678213355
752823961
1563215573
674374715
100004647576581
1173568071
1074406519
100001665878537
100001128573194
100004274103357
100004667280752
100000418677720
100004081320187
1716879796
1665788445
1514629948
100001229676743
100001230375481
1213405741
100000059411352
597046637
589245696
1354567431
100002442101342
100001773614746
1244831777
100000182187246
100001816209361
100003226066487
1217084038
2907712
655113709
1160096960
100000225351555
100001578373886
1081412518
1137729581
100000438459263
100001753187177
618212298
100000636290530
100003393198074
1070320676
1634040724
100000163635702
1642680739
607438200
738435707
1413819498
1295602938
1315690917
100000336424310
100002010886858
1088520014
1332914279
1592631077
748792067
1206391250
874845180
1269433351
851860182
71101582
1116399725
1158385555
870205544
1448564631
100003738507683
1354722403
1386579298
100000222911705
1465899852
100001208783361
1468743184
565355021
32819952
1524151992
1372355626
1187360140
934481
100001763574462
1514689845
735356929
100001581768815
360203960687222
100003493252810
1001347841
705792862
531550934
1360287291
100003254784124
641330626
1331200474
100000120675959
100003245791438
100001754917590
2330540
649913495
1033178326
1091962895
667287888
1451949061
100001533722420
1106766081
100005036016370
100004149281530
100000207732365
100001076167352
551627170
23102265
645614836
172290079471070
1386445324
16000970
31209540
562153904
100003713449816
1586910800
667411214
118488721555092
567082980
1346019903
1409110326
500681304
1571680503
630584652
100003340309008
1344417881
1623595502
100001500567542
100004149760465
100000862383878
1048062779
1324170952
100001230606807
16109821
100000014331548
1072291239
562421352
100001593371795
818824030
100000569472047
15503740
100001897421457
599930973
562117511
100000221575823
604858948
1277145963
1349051054
100000156536704
100000625178431
1737824157
718806236
100000036570508
16722492
1409375227
100001222723683
100000201646262
401128403328685
566996755
100000995788864
100003994945042
1292386063
100000263895189
100002039531191
100003952015685
1127088044
785565552
740015855
570378358
1469825515
700854311
1632017294
1054137740
603095791
1032962765
1045537146
1137698103
372077859547064
100001535714563
43700444
1268158773
16000836
100000532817268
100000778983872
1322910275
100002447669065
100000583817708
1317035537
1051367506
662732453754811
100000938273338
584416960
100000032212443
320257621367351
100002501352803
100000081201702
100005158423508
1370381735
100002007670852
1318445701
1363220686
531701524
733317886
100000262243834
1307736395
100001420526114
100000151003810
1445654867
100000242599297
1523885609
687551679
100003945299067
562815293
100000913625064
1350572902
100000435980220
1624748996
100001404956439
100000894167466
500427456
100001951673213
555134915
16800124
593858852
21311628
1827387795
100000209254602
556362857
1773774487
1138424034
605717386
100000532171152
1230682021
573330763
1789868925
1610327439
1424242787
100001079057816
1486482772
100000721231632
1283800964
123605367821254
100000258754706
100002138355617
1690911999
1000666112
100001912642791
1167066283
749757225
1377501971
671180994
100001651594802
1513811750
1170396995
100001057380174
38601234
100000978236514
682645635
1218442378
100001242406774
100000121040485
100000548525459
1502490025
1192119525
29900436
1296267285
1039534601
1431032663
723194917
1003778196
1318707669
100000497728460
542167339
100000237822611
1057654926
100003970277056
569651815
1100739386
100000282100630
1237550252
100001573210545
1827172945
100000851464786
589450110
1203470
1002593139
1485857371
100000197904584
100000080221220
1324095130
1317176476
100002146158721
127004119588
1392365892
100000345137738
1788918552
1174500921
515482553
1300775889
497680636927609
24301046
51201408
100000155332401
100003844774186
100002552654985
100000722277118
577894456
565174205
100001436173441
1202959627
146372102093788
1042633851
711988422
588555215
100002793388322
1180737384
605295862
1155241482
719482911
100000124634745
100000103744008
1270728521
517290283
1622884132
100000919871505
100003380481878
318659641568650
108181819259847
100000893373983
1239700114
1472881523
760098795
1013886580
100002600800480
100003312490498
513016667
100002669236319
100001168817834
1551264494
100000089609077
1285284207
100005011003211
1000610785
588396119
468605383193930
1616363655
2228040
655588000
1029841727
760954150
1239390436
834552537
1383704967
1373575490
200289003370791
674686726
100001777913248
40788134609
100001636556118
11205282
1354131182
100000671677452
618069272
1281844075
2285
1503204521
1126788086
1309048147
100000279828022
100001564639069
697867841
561525674
1213272128
100000095474844
1548935133
566676928
100000270184029
100000139642021
1296267082
1486545587
747406342
100001137250603
1633428507
1467812647
701198819
726591342
513745727
7010977
100000026121242
572750793
100002825721392
1037245381
632909434
100001250020250
1288962484
100004161430693
149118941827271
100003708878491
100004947363636
46902322
1246718484
526847597
1547106488
582837972
100002558727818
100000588741825
1415215543
1227638079
1108350093
479256752093335
1562301719
1244730174
1507927010
1634546202
744406621
100002204694866
1594067657
691191636
1158662538
1064640072
100003748273606
100000626212833
733240622
100000766961172
614340656
100003012535701
263673460381527
636873764
1706991030
1443497126
1397151793
1375363243
1213061113
1797397952
1102325087
48915217
643386233
100002165599906
562725344
100000594879611
1242150881
1766542349
100000121353525
1075009771
512319912
100002413453735
598861076
207995502626081
151086355094253
1079883770
100000147183988
107580385932450
1149925507
1047729304
625591152
100001375587683
1192369272
32819773
1613060853
1195959548
1093476612
1690940042
1453727090
100004934617997
100001750251433
812363955
1184420412
1245048987
681271606
1040007364
514020782
352632884814169
822352387
1277262171
100005406215307
1051540758
100002569866995
141227375959947
125873174115755
147112145412460
1297061788
1000792242
100002197898422
1141800251
100000335305293
681814982
830149014
100000202668056
1680879426
100004994730359
1473353581
1482722779
100000903236868
100000322849041
1307820511
100001447162421
721552746
1284748180
1421319482
1759381707
1768948384
100002665763813
548025187
711978848
1123735941
646061667
1667269222
537872160
100001525352162
100000918349429
1145936202
1067979701
100001958927800
1315519134
701411788
146786422111039
1140854587
100001510549458
100001164504321
555735050
100002242780170
100006108187089
100000527108467
25500842
1415881211
100001771861346
697762046
100000468604118
1613684457
688948784
100003194070426
14002262
100003737242301
100005323297210
1363017510
1353638318
771134991
100000963075594
503512912
100001184603446
501935757
100000156962673
1004448763
701556612
100005746501672
100003279028571
500174689
100001816440670
1843682331
663748040
100000462270654
524803589
692647044
50041802208
100000447461062
100000140544294
515224897
1305830498
629497820
100000333566757
667032685
1207598612
223620084398830
825545767
1196942833
100001705316524
1798926420
100004669233147
1481794370
624675792
100000159655904
641223349
100004272218262
631536979
505500472830360
258679144170903
1505028965
680327859
1168028392
100001594831264
18800557
695547983
100002218784182
100000159303452
100001152775870
1057800966
1068664263
745760342
2353909
100001803874616
741393824
642437598
1463850195
100006146886745
193954567298903
1535832357
1065992948
595616884
1502581208
1379496925
1497561990
100001663673547
1332277089
1823442471
696020298
643495395
100003574522476
611409430
100004064154491
11102205
731555443
58000767
1386680017
1144170650
100000675294830
100000348120638
100005334123680
100001253232622
100000449910294
1652271816
100001687087704
1067168132
100004244828528
622190551
100005006920089
756546023
1321205570
1814803323
100006337680867
1796818764
1403250786
703953804
1558202929
100000022121869
583192737
16411342
100000189995851
100002214664747
100001957478809
532213536
100002204247492
100000628752851
1032905072
832515270
628671438
574180149
1099287245
100000462273751
42002318
827798503
100001928248785
8204340
1281130108
1785860655
1480725799
100001810545876
100001283032715
411630
100000603575302
904415173
1210012634
590767470
507538070
100001223783514
1395911536
100003642793946
1419041720
573979819
48607492
1338456168
1290462956
1026685096
100005001042242
100006480213789
1406904930
506568264
100004271233352
563210903
535147349
667205994
100000196939494
100000165078719
1646745596
100000180460932
100000627675381
1173640127
100001351861231
830464083
682156788
1369277392
100001291974805
100000169947753
762797575
1614666074
533207034
546075300
100002574592076
1425384644341914
1229848183
100001526190960
100004605759161
674445944
1344728857
1544463361
1411932244
1664936377
1848330094
660562891
543347422
100004311913403
100003592365971
1584732552
1814964302
100000723702597
100000120336012
100001643732634
1163636055
100000775151587
813257574
573399504
100001082486871
100005061972711
780535617
1438730906
1002785302
301513029866506
9220108
100000282136967
1610846192
100001429623414
1645796140
1322763767
1292513244
1119825201
1079451775
1501989832
100000337296328
6308189
1362458543
735918816
100000212948729
100000362783424
1445024585
100000842388608
564079768
513479451
1432382470
100001332201300
100001270869268
616880125
100000747670767
100000778395511
100000901073727
100001156912229
1265349960
100000962147865
100001002508949
100000636141218
100000853896137
758112561
1601254934
655155235
100000173226543
1392035954
100000775101915
1118176477
100000699747653
1205611448
690175501
1289971399
100001869492319
1073665202
714458259
209503762480986
544724755
557187601
1409955750
692023683
100000001741839
100001535059061
100001789833532
693045315
508134193
100000450165181
100001972267771
101044556610965
100001694016520
100001528034466
1596965324
1169590756
1241122916
1298735257
1578413702
1619951698
516882226
1367206614
100000868790199
100000319389502
100000775509129
100000421436148
100001762205029
1007214132
100001265210218
100000077990052
589677802
1537098694
1559183692
125421957487783
1279476454
100000551633761
794062976
100000481720057
100001535456888
34207341
100002172057670
100000245461095
1599625282
1461750168
30512511
1445996161
100000901605409
704595263
100003318047757
100000662635123
100003923485641
749219244
1113015714
1572081641
100000747330581
100000936925524
1165393199
100000703887480
10900298
100000914714424
633216974
225749114117616
1406133176
1488892708
1380415881
1408924
887825331
698101403
1290182201
600355542
818975488
11707654
563748990
1150030566
1422911334
1428541745
100000710854561
1795750059
1549144072
852440033
1106090661
711691564
100001047292104
97859073495
100000694393955
1276340795
515394732
581052688
7961128
633573330
1702851
818110256
1528535151
615290566
1352928700
1337392793
100000903730644
1073926513
21905698
100002218573325
559142331
724803757
14002841
258677220927446
100001667535155
1020065936
1499782377
5618223
1201365107
8902074
658863101
1058408420
1302106778
1212932328
1585200458
728365899
1628792693
100000169794528
100000335825085
569662322
276655474659
1417892078
17001464
1274553345
1613231567
1349253385
1098398412
1671139844
600928856
100000385747845
1847171472
1613620141
514066159
100004094808185
813559125
1425263226
1552103858
1843888073
692814523
1349318564
1080890727
1193693272
543824210
100001866783017
1699220779
100005149414313
1251988996
100003929638833
157557884371558
100001202041820
1080578787
709464950
1265064551
546406514
100000075585807
1293852496
30705689
1067281662
14000204
742488218
22001301
1249495436
851195342
1432860575
100003710307677
100007061640662
1259206319
100001978057883
100003868356051
699300648
15900002
1259287868
1352314948
100000161013246
100002807525387
706450283
100001184743121
1552908759
100000542861282
1181256774
1475417566
831758699
1616602152
100002683089544
251590164924941
1031959106
1517769225
1311122587
614182775
100002610641088
100000735303725
636023096
627535312
1653021563
1466375069
534376138
100003086016962
1543843600
788568409
671002387
100000550867205
1275066245
100003647841199
576250645
1078067899
199992870034844
100003957739563
100000559016415
100002551508792
1585135796
1108689892
1545638255
1678643854
784177429
100004651770261
1560391124
809817490
100005741344811
632055865
625406755
100002616724757
100004449096501
174059579364745
1372483293
684212256
100000125751705
1375940025
720339108
1191016700
704354539
1424933514
1444460054
507405987
100001223832228
769203554
100001317583940
652641628
524776984
27901689
100000205596917
768394014
100004649820032
100002589278195
100003524019779
100005369797095
100004414442192
1031273104
1745052761
100000632119748
100002135283822
675712311
100001028466237
199101919
100005094553738
744751941
46607663100
567707105
100000515597337
100005331157696
1150989765
100000544111396
1356798314
649266559
100000968739718
42700466
589353622
908405573
761907672
100000739010436
100004228477387
100004043118866
272050953146
788730275
1210853798
100000714353728
1596460803
1161458546
100000484325844
100002299271768
753900572
100000426974777
577336397
1644817915
1221095322
1519039471
100001278155258
616651757
1275848718
100001686406775
1607306863
616611770
508159986
60714706
100005260334429
1209282121
1234170007
1446467267
171663266270116
535822135
100004073684886
100004252423222
100000464915221
100001017847432
100002231180838
297800023
1372322508
1542607114
1304565396
529146826
666570466
100003979506846
1546449605
15719799
100002356492889
589511765
100000157658976
170951059593829
100004506553646
100001374635184
1120230377
759829697
1010191647
787995289
1033353497
1354226554
134725673279429
100003155803370
100000973720725
1376413117
100001401754556
100003289347786
623432390
620928226
1103547156
1138506527
100000512948726
100004617670661
597090642
1210546
229788100369922
100001019854161
1021735002
59505495
1786195529
100000089313933
1425311262
631786482
1553850122
1331444512
100000650022007
100000334476326
592354011
100000353441172
555144502
1625157616
712749564
100000199115104
100001939682044
54704859
1479151099
511874432
1335916540
100000246719453
549654906
671107119
100000051878549
100000432804137
100000863021623
574980849
505997123
100000394601488
594438786
100000889964233
118610234908746
1417562563
1538987060
1554071447
1496048168
1195723856
488760464477297
100002062615609
1323880481
100000577301536
1249113479
100004470662822
1666795742
100000120369420
1764831508
702203665
100002231102570
100003126980029
100002822915872
1399253855
1640178939
100000311476997
621218118
1232601862
1439298088
613405113
587062184
100002982352264
100000203899847
1440990368
100003753511814
657981418
100003298934052
600039491
689467556
100001906064662
100002546199734
1235243311
2259309
100001616152512
100001162899104
100003188582764
699202942
645264217
560690664
550073340
100002879509145
1414860717
1166763936
594536259
1406656694
725364019
21202757
100002058086456
100006485080976
227516887276842
1779165814
502047972
1046706510
100004124641737
667598015
1523574604
1583364891
1036532057
569643644
1789414511
1174519018
762354751
816955611
100000203323477
512687165
1189418852
100000854681608
1445600461
100004028299285
1073996331
100000592077258
100004714061602
53504663
748927053
520169737
100000205767643
100003158800730
1388509114
100001234028759
1409361598
1361777212
1446313565
705985680
500041690
100000675513410
1648817567
822253851
1540854656
100001971906884
100002364259454
100000678192651
100002069479108
1061756890
173602379
1433538803
100000232474319
1485249160
1148941595
1488953929
100000890825563
1548720066
100000329811307
584078365
1323744244
14215661
100005139725066
1214799208
294677150634121
1301723504
707083875
1021195211
425564120828983
552346502
100001178282308
100000643932766
1734764917
507174662
1221103947
504717718
736820687
100002651346400
100002771086401
1328291536
100002381712326
100000601227939
1640217056
1566642916
1553072255
1535408279
100000183091424
100005106824215
100000786478643
100003030748621
606592542
507157119
729136076
1260736364
100000081505890
100004415041643
669572341
100000390855058
584775207
825160356
1125182910
667570515
1088572985
100000096475149
1336372129
1367504023
1578962484
100001827625516
1408996946
561239009
803565570
642978757
4903266
1512161824
100002506676568
1474219801
738555003
100000092262298
59602270
740450150
100001843823811
100002810714020
924948
667129828
100000387070406
30501782
1042816360
100000081972731
100001352645336
1063270754
100000984849454
1272227788
1503733858
1325645691
583471998
1227019757
100000501675093
1816579743
209100407
1011402858
100002140302478
100002197193352
100002203400097
100000583925659
1583513560
1125330906
698593807
100000058845840
100004670289523
35400685
100000088438184
586854751
531471455
35400689
1175052924
1316452246
100003018343542
1487446803
100003721767615
18910306
100001424684545
100003883605802
23408824
1777660134
100003275784986
42412139
1232697627
1620325883
100000179447981
26508101
132501739
637492557
100000135499421
588464754
1022401864
1562286111
582757425
515853834
521014898
1176447694
16400223
1784384028
102861
100000416987418
696811297
1198050140
1810514
1461712928
100002785657550
484835451585147
100004621295690
515002277
1024708198
17900306
519079087
100002134489532
647325826
1397470342
51304111
1496289009
544015815
1021829702
531349123
7307144
100001725581470
100003488898216
110407858997302
100001863820171
12614564
820885723
570233852
100005096370747
39600773
1015484311
1525548914
835519859
1022380750
100004345601317
669759563
100002518858285
60709342
1741186799
728591061
543037816
1803920424
557442448
8222083
502857497
26103131
100005811731041
1154326230
692832153
753042902
21500060
100003958215530
100002919991117
1069134990
723426911
1049975150
1159627773
100003355537505
100000091313978
1149924015
1337774867
1173000759
100003743929881
1401792468
1475613923
793064126
1251990133
184706118296863
100000724946242
795318344
100002044907470
100000586411007
668888202
100000908423830
1463295152
861235012
1550720998
1310344439
100000431343947
1362875889
1738935720
100000059914362
100000703871838
100003586135971
1513663815
1240249410
100006680551477
100004951154335
1790514331
100004563341039
1037742580
100000770337153
673757872
100000518688480
508684566
1127094153
100000213376406
100004276692436
100001457535715
100001049350581
100005047324453
520112419
1630244961
209801446
1126628895
1163625754
1717490038
100001536355126
3114182
39901898
1668272017
100003316473879
582227526
1158872083
1278407395
14807130
100000549649879
1159047634
1075684512
100000689423723
100000733902605
100000705537403
100003773243562
100000585934954
100000606808682
602297373
735211768
624137783
16718343
1598229420
100000038530876
100001146596327
1237200153
1214796410
511714707
100000404737157
1454663072
614862737
100003703403555
1003155834
100002720337082
544344126
766767839
1795745747
1684898163
100002081557889
100000964837906
100002720645714
1197394868
1630489123
100000040461800
693645788
100002854736816
869350719
678922878
165600464
1491830356
100000604932371
1378443989
100002581307664
1320108465
100000020581973
686775131
1072701114
726864247
1067929325
1553107001
500357100015332
1201031619
100003932884235
503769368
1195988863
717713108
1016633431
1369158454
100004753183123
1572406221
100000970865404
100000590770120
518265846
560540428
1453202991
509514632
1553735316
595010679
580241970
100000659138662
100003471172611
749865093
100003287216941
100003778964366
654641785
533777081
440673782679169
100003701436987
1440890618
1247358485
648086588
100000123405417
1314260857
1598445990
720830095
802967574
100002288603269
733798133
1070895900
1331550207
1711218240
624246358
100000141819762
100000683515140
1495670551
1104722243
100000236474081
1458366978
2007219
1491720713
100000510865302
100001379588617
1127362975
100000210009774
594559594
21306089
661140385
1130000176
1058892856
1786191888
826844637
1498417671
1253832971
100001203690451
851854582
100000267198534
662740336
743303576
100002968361364
19717835
100001406337730
1182332490
1200429408
1061196171
1406872550
1395275814
100001588596138
527000313
1197452776
100001966200762
1371562229
1390616693
100004228838032
1352945064
546361942
100000534467430
13753239
1806436624
1025987201
533482801
100003213986288
100000000755976
579760281
580968237
610067525687435
539313007
1531577243
100004425751616
588176067
100000563744011
1709501995
660308200
1094741043
1073237934
1320553611
100000062711022
1121636160
502950304
100000781043731
759714610
1011600456
701016551
100001733868071
1270164666
100001315010993
1447917288
1313872661
100001537700840
688536342
1356262132
1524683206
100000416884125
1060048696
100000754732209
557579226
1015188802
1421365720
100002608196716
1358427890
1187886316
1123301778
602229771
100001406806790
1139526896
100001535413485
832297157
1453959157
805809166
1189751407
100001360261813
641293678
598994690
557122727
750331228
100001730597256
1662746413
771539761
791728393
532046105
1470570608
152700443
1754630213
1707523516
418236771552809
222872791084902
1224341443
631700954
668249997
1297420414
100000772306492
1327443453
100000462494272
1233003260
215301275
100001243791754
1462622872
1192241858
1626527521
1140474545
623297722
723117422
1198097316
197421133708788
679849916
100000195125420
633384374
1361988100
100005419350820
1448650500
1556540500
100003563881827
558675372
1140730757
100000336900520
100000225062941
1573034151
100000517268178
1270386425
1466007311
100000518813617
729030648
1852005441
500474930
560921603
753983723
100001302353328
1626889819
100000545812744
1192271862
1606788069
1542675584
100000270203032
100000352447693
894780640
100002394203472
100004907886265
100000466448591
635960700
100000980652038
1412996488
1514550014
100002347174967
1331832036
1570317116
1275017579
580855064
1003823569
558872518
100003585948280
516786803
100004574022801
606130246
100002399904114
1806289
804510573
1550953626
635881758
100002482992905
1192463189
100000033624350
6106080
650565299
1147977948
204080712972481
100000412989510
563494086
688320779
100000989855031
100004196764215
709755881
500181623
701763218
1313481936
23420510
1296036294
633683385
100004111240219
1078516710
300418133354577
1310374214
588767784
100000777356334
550844373
1272367269
542344742
1732707153
100001453502700
