100000554522768
1435018167
1043966114
100002001082749
1311624883
1375043284
551905248
1514569808
18106981
1641881011
100000911553330
1817985112
1671366540
100001803116336
100001135206025
100000064382476
5002427
30818841
790758794
606948515
100004068619152
658855218
746715900
782259447
580135781
254732527962383
68100628
100000042448493
734475644
657047114
100001871582755
100003214759869
100000868956137
512463598
100001125162246
1634603750
100001711140015
740535577
100001164433276
535497660
1805245414
1086110915
19701770
100001132942540
100000567446750
100005585201162
100000184307604
887285396
1456099895
100004675089459
100002482329133
816727
622432998
563296846
1615028242
100006003935292
100002207053985
663994946961671
100001658213394
100002580875508
100005519552970
1212338244
100001442987440
100000425467053
125233320984972
100001862576430
693110913
1674581930
100002732626004
1784288721
100000504355950
100003929834458
1655426126
16201871
1007540680
1223508467
100000762199378
643561046
1769900943
100000530746332
100001159864166
55716183
100000875146061
677871950
100001478604788
100000616447839
1592340026
1738556422
671642274
655547931
1524763245
100000101522547
19602232
1578392652
100002036968374
1319925094
100003652668998
100000368583298
594714047
100004567987877
1424359318
591670885
100000834388299
100005423198312
1408830516
740360430
100001813398115
100002263485567
643597313
1003540847
100000761356714
100004630333159
1378782336
324965771132
1457172153
1074011367
100000092390316
1579730947
1472635699
100006911532037
1481824192
100001883812002
100004703285213
697021304
100003760250384
550254052
1083203476
1028216817
100000700697486
100000413597143
3803534
100000324781102
1307365391
100000214210368
1546909624
1638098224
1050346716
100000106564080
1198428779
100000761910888
1278250393
514915020
1209027204
100004473785627
1607342298
100002880827871
100002370201403
1365480186
100002499286485
100000196205369
100000362576211
100002586761683
553866845
507432385
529371470
594266871
100000291059365
100000450402541
543325641
100001306798351
162700530
100001853646579
1032606903
860795510
1285560989
850495022
180295465357631
612515795
571737361
350681991688854
1236157229
1145736482
632919888
100000858275872
1423317747
1054167723
676028123
100001381872593
100001577060393
100001123268612
100000508857357
1425469232
100000821785029
1441707096
1187050135
1004149008
1004623460
586165139
100005925850120
100002257932042
1484689107
9412241
1851880788
13717610
100000401028641
590911342
1455186988
100005306559381
179201764
100004140816089
571219542918023
1727603061
578913756
1392318305
1590572810
795353481
100000800637109
100001083399042
1622032305
1452995543
1438838274
724803757
1021792731
1359067602
100000687303186
100001839973828
630435376
734132463
33901529
1759554549
100001964372670
100000557187256
100002923682523
100001262050933
1464840072
1709876491
100001575094498
1680227055
100001530737342
100000137783784
100003196071388
60709957
100000481723213
100004454734979
100002539503572
780112007
1269144452
1830832839
525768177
1515840646
1434292176
1300313847
640178320
100003975693721
100000153936368
1457181795
1462187440
1090355870
100003110232500
100005300138837
100005009580763
100000140235833
1439280752
100004042372721
100003947665130
1029490527
718575659
200289003370791
695508287
1231568696
100002698047094
100003793164134
1454839612
745152673
229016190510760
1138618179
100004097143024
100000156916774
100002179035002
25803099
100000969849521
100002385614113
1347814175
649421864
100002018435618
715559023
100002316910489
100004059214220
100006883471885
100000125565074
629717001
100000047150110
656205924
502020417
1316042909
740524001
100000762375773
100000914576022
100000156435629
100000463841746
100004848785973
1065535805
610241547
1108338539
100000687572641
100000273456253
100000907511930
100000304058452
1768887294
1759671808
1618153847
661919903
553010541
100004026504505
1485680808
926646
100002876929016
100002814469878
1724402892
683194442
10400732
741276273
530346376
100001550108561
1251448329
100000189657989
1818837296
100000467894187
1206062750
100001478200152
654143160
681258359
1479635719
100004480988962
566685202
100004862682489
100002681540767
100004031440098
100000563718020
610161307
100002459175563
100001407340844
100000431761918
911583
1419755389
1653895615
739295796
619555003
5302066
1497319481
100000698235304
100000139750505
1458533353
100003322725709
1492305522
556108424439882
1063306578
100002372682727
100002566270472
100002292764639
5522981
1648563516
1558870144
1171214981
639943193
100001350084264
653807863
1760301100
752050292
1103385140
67623083760
100002666132368
697627425
100001330237189
100003579728705
640101425
100001518173327
22017994
1212655643
1529431199
100003562793239
1264833522
100003517207874
100000049271244
100003029507781
556604679
299928456793296
100000330042983
1614231945
1796454659
100002205146563
1446271729
1331070100
680243310
100004041006211
715260675
584995204
100004613796660
615856247
100003713135384
602844397
769857930
100000713805321
100004577078098
54705760
1669396443
100002163141833
100001941384457
160649264126497
1165826882
100000116720819
100001888968199
1140158927
606348877
670763348
557580605
100003330681565
1307610137
1198050140
43907266
1379894391
1647889422
100000693822312
100001385102645
1547481486
885310124
100000515358109
300224666712446
11800465
1222237539
100000998751582
1311140923
1030563160
789603664
100001472709593
507694620
1206995588
100001250147018
100001326367543
1046533910
52001603
1633706596
1178724148
1187960190
770619183
100007009471142
1673444893
730192717
100000701293861
760722859
100002261358395
100002680001379
100005529512859
682832135
100002214191354
100005100692783
127004119588
1377562322
1168863040
566165412
100001620198992
100000232041877
100000871308222
100006542431268
532980976
1431109719
539210395
100004333113171
1603369442
1148786611
1320494869
100003814155777
2312926
100004674401822
100002683597224
10101725
100001005655288
539525344
840079854
100000371734794
100000081853810
100000826710019
643845616
1027029882
759481869
1270142080
100003274117724
813019965
100003736697825
9302931
100000045981988
100000230752453
1301146429
1393805973
1724288372
650356952
100000206249062
100001777359922
809026683
744314389
100006284887020
1052073211
29243583041
100002374693534
100002120927565
100000957015641
1142661247
1282472494
100000306904847
521010882
100003521782272
100000342242002
508735060
1851968919
100001908464750
1161077172
1506975532
1291543458
495119587175443
100002151433979
703164666
100000345087236
619422657
100002229938416
625530997
100003481274752
100000913746857
100000420574228
100000249610812
100000115955603
697887075
100002377992421
100003123428540
100003270785550
100002169253153
1008265243
100004794820573
1264371112
450359668339970
1488934760
786075190
554506721
1311525346
694791886
716220664
698261463
843440004
100002415553983
100000493871821
1580781062
1063152980
561582826
100000141282877
100000626958302
1508995948
100000021650869
757421858
100001165035579
1003337271
56255887611
100003759202527
1460075032
1446935233
417841938272233
615974013
100000224889815
575507712470984
100004364823434
72614314
1112700008
25516607
510037550
100001530881730
730114435
44802909
100001727395707
1001929279
100002554150254
1675493138
1348914733
10610461
100000061905870
100004919040336
100001291921253
100002601577268
100001156501429
100001863756209
100004098234675
185003421
731511921
506990308
100003817684099
100001681839868
100004488551085
100000137123900
1380840007
1087908029
1284780422
100003069184885
100002088062262
1234098546
590670166
643998802
100002847537699
639415390
100005532664217
849769706
1344192151
649053359
100001897879540
1456190748
100001366524775
100000431735069
100002785357972
204791281511
711552693
171795052938030
1107236540
100003817862259
1423185387
1227425635
100004650010975
1219855939
100001683409224
1368194634
1445122251
1374876794
100000159894593
1368240369
1080582803
687912703
1527289753
643336747
100004097986428
100003712499052
601647030
100000032902355
1375475325
100006635464400
100000677252782
209110492457562
1176761645
100001739056497
189703871146413
100001008857534
630140069
100000837918218
100003578615232
100002557454391
100003814730546
100000904868457
508852796
1601853677
552766895
100002234127739
604395300
100002585706565
10701331
599890549
1429397104
521263983
100001992850411
100002194527356
208893845808430
100001329472501
100001002790473
628828452
1401674963
1128283819
1128001897
705164912
1218044915
803919760
1079785104
520452782
1340084788
100006454400379
1463526622
100000756008076
1372938431
732556991
8365343
1573290506
105900993
280633843740
100000979540197
1655624529
683040252
100000609034898
1455285822
100001596030813
100000878125278
730698125
426902177367102
654943429
100000396998631
1130041400
1246585600
1147218850
100004369591397
1438227280
100002134880746
1698147822
1240278687
100000240994021
100000809592893
100001423387411
100002683550511
1026500182
556476576
629360660
613193139
1380396291
504798194
1344867250
515394732
100004984540791
100000043592202
100001980364780
100000586594205
100003549727982
631582906
1108845708
100000927748459
100001996571899
100004085113375
713666666
564417129
126899390665142
1018531291
100000185036084
816575584
100000669697608
1131100179
12815451
1204060042
100000584565306
100000327786211
782643161
721617126
100000898886591
100005156790554
100000832892041
100001133809286
100001026146114
100000125435721
100000112575005
100001142346933
100000055808019
159238777431079
100002164193415
1173997565
594393456
100001192425021
1683812424
1069183909
1537605135
100000497952886
1443102539
1595740831
1467535324
584915800
729333484
1328860705
100002227714972
100000985302420
100001364520306
1552815392
242176925473
515220102
787520095
34901355
1446194569
100002573612689
337055293064346
1487401671
100001874735275
732785595
100000722241828
100003082604878
100000144444735
1223195034
520387218
100000359586070
1434769559
572465505
9337374
100001657998174
100000918983792
100006182743401
100000218306647
1685868436
100002928240536
5319436
1486701949
501421526
664870907
100000251463018
100002699820294
1647729501
802504311
1458230439
165000833534865
100000813800574
100003774793659
100001079670717
100005427787187
557556780
100004782786178
100004069951859
100000335254688
100004574731444
1316023049
1595370789
100000401013552
100002800309115
100002864541388
1311661105
100000976973076
1460760008
689439474
1302607269
1112730946
1119102798
100001946548446
100001224638220
100000994932263
668533553
1393514301
622547798
100006346081423
1047692591
1687072645
100001300537824
1375387133
100003014249101
100000784643698
518425893
692269385
507921326
518065313
1212000163
1065508129
100005076153112
1498668406
1413531423
73365908785
100005675292496
100000155001920
100000924589543
1001323454
81400492
3603544
529276613
100000302166052
520169737
100000092744960
1585478372
550302685
100001202554463
129300970506349
1363551261
100000081972731
100001682637465
1260502965
100004020654941
100003584967492
500078984
100000029538655
776641701
1151355819
18404223
100005218231392
48908384
1364746923
100001231740701
1401413380
438658022844155
1587798413
100003032096522
1346798331
100001437031476
525996857
762489183
100001676891851
100003333199327
1509918522
100006412933185
100000891585930
100006695611496
706030078
1617410339
1785692683
100003497380605
1278925375
1447917288
1430448136
1296457046
607438200
640390316
691383407
100000906763090
100003551798290
100001901678156
583829122
1431750700
100006646863380
1154842037
1492685512
100001766424060
100000065060872
100001100624057
100003786116339
1357907309
100003873998730
1491840109
1512231240
1138446283
591305081
551027679
3207647
100000737678776
14000204
716877944
688307860
666186893
100002282766782
1304565396
564418623
100001402002086
118488721555092
100006691928973
100001160687066
511087398
567212470
100003941409550
100000182506039
25906596
1243272848
5233964
1848319720
100001891811895
100005006324022
1406667856
1163165252
100001230606807
100001593371795
508691335
1125835699
1289000953
1258572982
24705251
1384778406
560506514
1590576881
1377501971
589534627
155660854487063
1533062184
100000535805527
100001057501708
712776163
100000397752242
198600230
1645600017
509473690
100001329026897
100003156110372
22402402
1067212403
378334722248190
14000117
633244877
100000018617791
78400328
100001971328247
821064919
100001387318865
100001437875467
1419681504
100001141047268
656765789
1001708022
1656027062
1713709216
100003209431187
100000010726412
1636560076
605717386
556286780
100000894855378
618622608
1520735605
1313366772
100000696272408
1778593645
1334666810
100001912642791
557547778
100006214061960
691842878
100001031330368
1376746734
1465632644
1253741590
100002559050612
100002765825288
1369584495
611754256
1736335640
100002171937768
100004712593273
1274160855
546744700
1620313967
1227073767
100000844088783
826090369
1402748695
1803181343
513558433
100002487936780
100001436038221
1557369731
690496543
2205877
1217199323
505735795
100002359612659
100003921287239
100001456148835
804465757
100002413412002
851189683
100006084669271
100003699173575
683231333
100000320403149
775229459
100000085593651
16310586
100000913549707
100000100849121
13611339
100001984531039
1000610785
1563474397
100003123554896
100003465737841
77307039
1029841727
1382308244
1747247454
1308602
1002476450
1801461395
783228346
100007327320793
100000197880416
1619635773
100001341404729
100007027322111
1793982628
713262758
1220394268
555354014
100001915945489
100000943416833
1088192066
1584981896
1123926697
1358775568
100001517313759
100003573304978
662594224
100001029938080
872735496
1259866199
1290543657
100000411173347
100002837633877
100000273464107
623014
718676909
100000685968053
100004161430693
100000152617154
100002858866871
100000140689453
100004043150424
691273673
100002360783618
1142797841
1566267495
100001567644309
1322562776
100003777531850
1028167456
100003661498788
1698681595
744406621
100001181072523
100001576492274
100000814706046
563150033
596166444
13926461
1794704257
100000912008139
100001634548991
576494401
1008127268
1317241163
1410619604
100004860306910
1392793332
614377549
100002793388322
100000145293384
502680741
21411679
1199718733
1029412448
1526892776
100001789430311
100006730171679
626920493
503911268
100003636987460
1327860023
100000601637745
1195959548
665599854
100003334651227
100000286259347
100003187383810
604935103
1297061788
5523873
1369940995
511435379
207800409
100002906430530
100004102392284
100003534047910
1284386809
100001031003524
1000667720
100000455629043
100002990418235
218588618158659
1179300134
22305016
681394725
116946361716490
1654215850
100000851357651
1591064472
1298594630
100000459105600
1506731257
100000891781804
135580933122268
18501536
1784208445
591495150
100001771861346
1586871555
503279965
100000171234007
595481876
100001959722901
100000810412829
688192330
100000180460932
707286383
611401962
1340026287
50041802208
649587911
100000752961789
100000690159898
223620084398830
609299630
701696664
100000517367775
685325993
100000462787919
1215333745
100002867654064
100001868347706
12428184
1024867571
745760342
544880804
100000061578533
642437598
1197684208
427981073893090
1231600023
100000295908040
4501660
1227651746
100005334123680
100000012375030
100006298782967
100000605848219
536945477
1440150191
539619238
609327912
100001618782932
507918755920977
100003774287033
635316970
100000645854049
675291351
100001805415827
1207681069
371666006226253
100001928248785
1032434530
100000995703709
738067017
1122416363
1186624515
502152778
100006483762327
541687642
1399717014
1370748516
100004271233352
100006198819696
100001068124077
100002245086703
100001621040024
647984947
100001146721246
100002265965795
100001737519949
401647343235478
100000129565026
1028085121
1811276572
1280672338
100001258706490
100004488480587
140871506107467
752806591
100000659149700
100005826241216
100000938600973
1088929843
100000804737271
100002867843379
100001449855556
1438730906
100000282136967
1322763767
1079451775
100002485979057
670761528
529057698
100002678991437
1618773725
100000524712838
1489865345
1339590039
100003798955295
1473265094
1529946223
1230473635
654006240
100000051227609
272050953146
1341130575
100001290143188
1226193812
1118176477
1574841644
100003395764303
100000143952295
100002831755124
1413939758
1079897982
100001247865784
100000794865523
749723798
1554157753
1256332038
1317813624
1602356951
534178636
24399387948
584698377
1649706455
1435583201
825693
1618561209
100001641273085
1207633557
1569678556
100000077990052
1039691227
1244804216
666362187
100001201795575
100000815376464
100004690624746
100000206462921
100000966414569
100006715860877
1418500931
100000126669030
320079694731314
559938677373996
3436208
100001602782811
100000600502666
1314555744
1595824668
100005877703795
584692813
100002743964450
100002842814176
1508160628
1461450583
144000312
100003313529067
1020708710
100000716028792
100000049101979
21905698
542121869
757000954
100003094938150
100000071806686
1070238269
46301654
1349283606
100000596080494
100000395488830
100002372670959
100002953528599
100002349072810
728150236
100001569566045
1394708619
100000858840493
100000472036767
1372553113
757889092
1528813973
1194752903
457253901030235
100001914647199
1273621134
477972915619779
402657209794486
100000540515222
1183475249
721603831
1572318594
100002707351035
100007061640662
100001019105465
100003868356051
100004431222919
770086707
100003056372141
100006797791679
100000362310384
825538874
1116393959
100001104275046
1031959106
100000664969291
541789343
1657006846
100003282693508
1799835192
1533669836
100000187664050
687449212
514867918562448
100001335933586
100000204560178
1438556151
1269206996
100001660635377
48809870
809817490
66804058
661805987
1325542356
514535023
100003298578013
100003835141641
1192202353
598062206
1814921320
662214546
23303158
710872259
1721034458
100005795022572
100000909509220
1346433723
100000104713248
100000604127658
1547636432
1355882888
1018101311
1046621497
1621489668
100000167623502
1835199525
100001648391377
100003596080595
100000432015478
100000621852529
611835334
111281548959674
22914601
1055212046
767127481
100003979506846
508108949
1617429670
100004506553646
1554401930
100000269968156
582089483
100000270595572
100001133374285
1109377519
100001925804028
1003463018
1112388324
1734108506
1424386660
1235243311
593672061
1489504194
100000943451262
503800795
100001001427343
515727155
1500185152
1510313771
1479151099
678668166
100000190689075
212904035462079
514048961962264
1220456762
524529617
100003289695308
100000004184796
597090642
100000933389582
1027304814
1353161837
1569017758
100000440055480
746452848
771182814
721554665
1701541167
100004357783059
100002046553959
100003853591513
647397308
811403904
662217455
764870571
100002982352264
100000017679575
100004011203299
57801940
1000463152
1311786076
100001254122828
1037264709
1297634501
100000296346563
533537343
652065482
100004245154732
100000708467421
536515296
100000567733883
100000360671076
100004745432962
100000245028588
100000140060548
1299822278
100004495958298
100000509839208
1037376869
100002054107615
100000468200934
62302808
100004527272257
676314602
100000675513410
1595833207
1628824521
1540854656
1426163496
664189733
100006578526799
1301697658
1100229183
1301723504
606065439
100000612438639
603303925
100005500598947
100005171523740
100002012255069
100000055271012
1426758786
100005190310931
100002235964644
1260736364
579049129
1681274955
825160356
651731250
1625796188
100004562921065
1549260945
100001811404479
100002506676568
100000246719453
53002176
1578364170
100003318522758
39200951
1277332583
100003288357758
1551815576
379893398734569
185001526
1400106404
516784632
1272227788
1188478303
743250465
1005510045
100000091303973
100003266850319
1277091734
100002295791474
1531792522
767723975
1524730205
1773773240
1038271882
1357689642
100005665274055
1008814882
771537574
100001293360144
100001654370149
667117169
100004677254558
100001557969847
726726331
1200684633
1102221131
1847296246
100002498646479
100001439984129
100000526175518
1519127
100002252767769
1001944481
100000630905455
100001276967363
1125183180
100003515490985
100001168588757
100004370893238
1155330071
1741111482
1449576816
741335169
1567147674
100003189687445
604873226
820885723
100000965083734
1508773806
121804536
100006206286957
100001623647221
1239636064
1346893735
478975968882163
502857497
100000180724238
1554987327
1421217206
100000958764712
100003819432467
100001181017079
1623542002
611214925
655901333
100006106724516
1123301778
793064126
100003548461470
1410679040
693421486
100003865433866
100004106602752
661541891
100002044907470
100000586411007
668888202
354066887983673
100000514101616
668106323
648127198
1824598740
619797222
1019925879
665380094
1039315258
1022223840
100001830374560
1516143482
669115005
1398327101
100002543688675
676606264
777562729
100001809231505
100005658483734
1264256769
100003768063635
100003067013317
1263910894
100002666102625
1138826341
100000690524145
100002416765103
840850612
1189050166
100000906083281
100001385974100
100000538550590
100002081557889
100000591355700
100003476449003
506539407
1169678360
1651490916
34593571104
1447080001
100004165479115
100000410131740
614524689
1422522680
1022963714
1593385250
100001977182352
636773743
100002383254731
1563386608
720830095
780243599
1585926516
100005052391950
1115464098
100005323721696
100000464984194
100000844684961
733798133
100000983347366
1358316406
342677142536347
1307952157
100001968636458
1495360101
2509792
100004781894415
100000558905129
1096560107
1274461018
1848251556
100001816046871
100003909258287
100000210009774
13004921
1300301037
1058892856
100003212467337
1584051643
100000391278317
825547165
1823442471
100001514864567
100000004931832
100001659139737
100000946504802
100002587779998
527000313
100003760657809
529638983
100001196289896
100002511414854
1441466831
100000393985522
100000929688378
1346126466
100002254637650
100000529053833
1260507157
100002105866384
671617272
1098020732
100000313584822
1114898692
100000072938166
100005669132376
1223404019
100003953117541
1386261837
100001470902549
100002263293288
100003029586014
100000683181513
545545412
1066282473
100000364723416
1450159638
100006386443237
100004798149528
100000223708261
1821342908
1463761707
100001406806790
100000250133140
618937996
1447420252
1547241271
6517504
598994690
542454911
100535044239
725364019
667550992
128440080582590
648472793
100005118788486
510808239
100001359086623
100002891507466
1070529372
1071125403
633384374
100001736346800
100000856773804
100001203626506
100000647840044
1044144164
1060590060
1239694668
1503878037
100000590041711
26601554
1070649492
100002162083543
776899927
1372847381
1217314657
1082112327
100002116418357
1402211844
100002603677048
1554471116
1452172369
1060402429
100003047018129
1263399198
100003585948280
100004118770850
100003124572711
100003930729490
686307780
681241388
681858575
1591069031
100001364018599
1324366594
1205326087
871915144
100000470826330
1473762968
100000901823924
100000630623901
100000082455758
1485974780
1086810057
265049313578804
1732707153
141378252675
100000551457759
1307611450
100003024548170
715135782
1025297876
100001289400700
1089974436
14002101
6007598
100004535912949
100001391398845
100001638827536
259573620741998
1062565710
1476766621
100000701201708
1817138306
100004233302588
100003931769232
1213336816
100004027249150
683475317
716764017
100003836081864
1217823429
619127680
1347336627
675910468
100000302700726
100003719470097
100006502763023
1077306415
100006029592108
763705330
10125430
1245387914
755493096
4900112
1219808252
100002542385621
1357596140
100000255251050
1598177102
100001506530305
133940850078252
100002024208258
100003747529879
589252832
391384340941838
100000159639614
100003572961413
1523310496
677516908924993
598103334
100003546409724
100000544142509
100000479971740
100002615019562
100002554696346
1094456903
100005347963818
1019414067
1474195015
415181
1399368659
100001188240696
703973194
100003919602104
1104261995
100001124312552
1150384583
100001667919309
599042292
519140411
100001273027797
100000529514795
100001923066626
500961459
100002406506241
832463492
1108689892
100003762150735
100000112156881
1831110595
100000124674936
100003295182456
682093878
525754041
100000411773401
100000593341739
100000168095409
70697329266
100000354834938
825323339
1099448704
100001910557655
100003126054807
1382767733
100001013374390
1326881032
100001323097123
643312270
509538502
74501327
100000980207635
1185087581
501725601
1722231105
100002939224390
100002058086456
100005089261008
100004475523188
100000132343522
100001862420193
1460866770
678647029
783008744
1621938025
677553326
76233994571
100000530346370
582744461
425564120828983
140405792822682
1033792044
689267974
100002843968937
572999268
1011869246
725374148
100004057114973
1084160724
1323571142
100002581593889
100002120450141
530020408
731719474
100000260860942
1397298149
100000350687852
100001777893867
100000097017356
100002887078977
702006465
100001105155532
1566669795
1280006375
100006486066431
678372049
792649761
555478354
629898043
1103074249
100002285245228
793310593
1781637693
100002366840802
1566965887
100000154119899
1461054081
1695542920
100001192410439
100002440909242
100000177874508
19604100
100003152713966
100000620210943
574028024
100003596527530
100005320536917
1218570463
827643717
271171229659041
100000662230210
100004929571912
587728330
100000282407282
572254599
1466516365
1374883743
1421558972
1653999977
1285353188
418491021532488
1703832549
26309286
4901962
1125644985
100000461313821
1276581699
1556290717
767430318
1399624960
1267496321
1658829106
1198127360
7101127
1078383592
672107306
677791347
100001161828504
100001455296513
649472872
100000584014758
1400590967
100003791155970
100000760255621
100004242911554
8902074
747749682
100000736839518
100000386233954
602136287
100000316832820
1657423578
100001020600192
100000100603990
1376775589
583341223
100003379576156
100007210470174
1049615906
1483811387
100004342655427
561681516
100000649276269
1423055154
1421332109
100000461678173
1577374691
100000989599997
1474457269
219002786
100000829489892
1446995649
1442544914
100003385584038
100001516129235
1299917718
1349621933
27002316
544597680
584558806
524776984
1373895243
100001719678689
100000038165166
1119313881
100004896612578
100004054335944
100003325232414
1363180813
100001494135672
515703311
100003688431743
1267716712
100000621822383
1569276366
1456923666
14701817
100006719143146
1581633592
100002827167879
100003283645504
1588293988
1161333440
159290274246921
676913226
1042745368
1644342810
100001616313697
100007405811549
100005847041968
100003327671891
163821880368114
1572991204
100003196075571
1541659335
1318422842
100004652047474
100000626483243
100001854360401
727603168
100002047695017
1155363320
100003503780551
697425267
100001318302175
1599138961
1101870361
607950466
100001218568406
100000127075305
16316223
6223034
629137712
1114674043
100002878731630
160100947387020
100000568086469
100000275389098
100000691944323
694096455
100000522491245
623092721
504282929
100000523330498
1002653823
100000601545927
100002306005136
1302613217
574445122
11017986
1059322947
1471516252
100000772428377
100002470296454
509869087
35404901
608707379
100004274230617
1604002503
100004328895184
739719427
1031528965
100000460184729
100001163421483
678845906
100000504605177
708816629
1375857868
100001274365520
100001983578003
100003810243957
100000424380455
100003141771541
100002218281437
100000177156017
1062924525
100001052722402
49202002
1047592199
100003834250434
100003251287899
100002259983448
1490796938
515621230
701833200
23441595
100000269452015
1348954264
13905754
100000550912675
1117444082
100001648297251
100001560229241
100000117418383
100000365541614
100001281927540
100004859199914
652149975
1211402517
644275730
100001285736599
100004115141960
100000157096017
100003273390945
1291039342
100001563028301
505153889
1134164952
664233826
100002121971856
100004516292739
1368352647
100005580880204
68103978
1006516194
1225693966
100001633761828
1722850666
100001099055147
100000165221434
100006153695257
733739183
100000883933790
11608610
515778129
100003837304618
509664920
507347509
100000511564830
100001499138024
100003986702529
1321706436
1186968334
716322088
100003118498141
1252375136
715151195
100001454434410
661585304
1505682330
1173504977
100002524644725
100004070853272
100000988971314
1752981285
743927053
519574673
568805452
1652438377
567268996
100002516987834
585362566
1007753079
100004636962003
1490933733
1303269612
1589409406
100002559695291
503172516
162100111
100002950472197
100001451573081
100000601304044
1620072632
571763396
100002371452752
1332721323
100001558480719
578704847
521141414
1155702710
1682531209
100005895781821
100001596261748
100004303566697
100004300651047
100001001710614
113007182107846
838146165
1437077074
546799869
100002725540586
1163917305
533609426
100002461906700
539089342
100000428678999
246875472889
1824202254
100002833187858
100000121500506
100002151469082
1235482816
100002189177431
599085592
607960249
1328725753
522570964
100000484185758
100002354136271
100000899970748
1153760174
609150477
1280220177
100002235265917
100000548015134
100000404017829
100001533639697
1129190280
1334610274
1383024548
100000509711724
1161564361
100001274021856
539152881
789794239
1362106413
546102205
1386203204
687006010
100002091355358
1422557212
100003806808790
1846186079
1514115218
100002724581070
687011063
1036249447
621488379
100000522612293
1468754833
4917678
1219575441
100001238109114
100001033422611
1291555408
100004217852395
100003906545050
100001300787092
1779828431
100003217481662
1562094506
100001319548976
785094287
100000059178049
719880271
1117324099
680864975
100000798844814
1146914167
1033936841
100002023296434
537132655
1142850103
5308185
554559608
1468041083
2212337
695307036
1032810174
100004597924440
100000739259012
8841002
661485934
100001166209858
1245305686
100001419163374
601404103
521241758
755258297
100000033954620
100007372023080
100005278658907
100001227497020
1277540272
100003922675857
614612783
100003976761785
861890388
100003961025364
1194216471
1027451627
100001786606266
1426012371
637146433
239411526182149
100003935158912
100004035765372
100005874664281
100001622560328
285753967080
100000587011210
100000906067655
13002266
559373909
1027950655
10203548
1539261300
1361777212
504080902
100004319403696
1840117467
100004863792282
1255148217
100001409724215
100000066122206
100001448118474
1333301642
100003518188891
1624069144
100005064130095
1338804382
100004882412707
1158526942
1378343058
1209250310
100000015333045
1389385096
1170396995
1245948422
1572255153
656184279
1347781197
20004553
1132268274
1716086896
1759911396
100000681020529
100003910795399
100004465206896
100000441043732
1266900076
1120471321
517270574
100001690029249
100000064085985
1645072344
815180202
724623299
100003297455635
554056468
1569349060
517659033
100003555892062
100000423517802
100003878297672
1291834123
100003954097324
100000157723493
100000858403715
100002118022670
1434360146
100003779746566
577009664
100000157231074
1054569908
100004959841180
677652989
100002022610801
100000412283819
100002858156723
100003063264793
100006182317607
100001029368478
755986557
100002418691399
100002923650538
100000571794101
1077247291
100000735301250
100000837446427
100000145868813
100004084040807
100001662086423
100001890557753
100004658983458
769824080
628411774
100000870152715
1011729869
739363354
1843591813
1525535112
100001914644945
100003251564310
1652433947
769226741
100001280358714
100001949391735
1399141405
100002127860886
30609009
100003956499814
100002464789832
532219457
704795336
39608860
100001200903496
1121723260
643450615
743497007
1141699927
100002429159187
48506777
1169051655
771749675
1302208156
100004407332708
100000547515138
701449146
636823892
100003290486114
100002306924236
1800705351
100001120264875
1009983126
1399511339
1182939671
681372692
100006175567533
100002025204763
169899376397323
100002503414287
100000869053644
100000171788602
100001213756747
100004567601133
849975713
100001509173428
585425019
1235742710
100002931200680
1432842372
1448535829
100000028734661
197348660309415
1806552828
1143723602
1159873163
100003297070288
562275890
1292400061
100000772624755
527066200
1445450199
602086892
1231144331
1009989642
1391869949
100001022957255
100002138261134
1563310615
100005585771462
1023971840
100002109398608
1335876605
100000480835313
510170804
100002149285623
100002834051233
70400896
100000274512425
187300354
717098505
162555133802952
1381467948
100002647311092
1154852733
100003810099643
100001336795930
682056188
1842795444
100002435402227
100002329249499
100004508794451
817698549
520487770
100000103163293
1001493753
100001217734425
729050115
438727242902969
811910092
1693238435
1381178854
572522287
735187261
754639577
100001362900149
100000221677467
622892284
100006492575069
753873365
1455236151
1008557251
100000687310564
100001553413774
100002886397717
1787050302
100001547103351
100000224780559
204210756362973
514030604
100000905728343
100001408475069
100000232933780
1151932208
100000120097760
1550070169
1359844534
100001754614018
100001240854251
754676036
100003331633851
100001840865716
100002253655165
1130341995
100002646180417
763205695
98853806214
705016259
1068215361
5524940
526685392
718908268
100000000958055
39201799
23601699
1490690057
581062069
100003634996435
428079113876118
1265525814
100001121731914
100001257747802
100003319947158
100005873882811
100000038217912
100001851776474
100004066122365
555166617
100001614451932
100001311744857
1007871839
844732369
1729657448
211203951
100002176261184
1521526708
9902201
100000796421288
17216881
735810489
1188364630
1793042557
524468652
100000552812556
100002192088873
1661165773
1575829912
100003931516405
100000159909527
789158528
100001388320486
100005439490488
100000201300423
590346528
1848170728
1157210306
100001911385064
100000628423332
75201099
100000016391584
100004048963829
100003255720309
1451180284
100006295444000
1172656119
506170999
1553993970
1070256569
100000026717036
633030850
1095060048
1650248812
100005149144354
100003611068763
100000841699568
3625740
100000394030684
512318607
539594774
808366
100001086626055
100006342305281
100000686818786
846320463
100002352063276
100005153522911
100002279149443
100004006350943
513677460
514600958
1108246317
533171559
798635112
131123000241353
100000562381144
704111302
1391674712
1011919293
1760903925
539216190
208562309155700
504890775
1533210688
100001460143351
1199628837
100002087132656
100002967955305
501588980
100007334264319
1450654577
668735213
1389464712
100002020113830
100004667280752
1614191875
100003283017500
100005631212546
1168474968
144208505592361
1353107748
100003308747796
100000683779205
100000766117675
100000546471920
1658213438
1052101716
1396432368
100000484592969
100000561835557
100002387526717
1422296864
738435707
1658194802
1415092852
1574093139
1543765802
1779091182
746789468
1205277001
100003220195037
100001534790615
1589960199
100007195443928
734288533
1358617493
1608920555
100002176274747
100002088071959
100000563555106
1124785480
100000684675216
100001513415088
100003626580896
100002440688973
1506088262
1451949061
100001452647520
715469514
618067861
100000763417892
1351391204
100000242392889
100002003656144
100003188582764
100000217767923
1779348451
100001226884822
1491176935
1330613002
21306552
100001500567542
555082946
509218024
1647737351
122202751160481
100001508428934
100000447254987
591251202
100003655437779
100001131462753
1394235331
35400273
1273807734
1614665455
100000935552277
100001730883552
100004038084678
1079858612
1524338703
540730384
1627357586
1136460163
1313115843
547009148
100000287545292
100005158423508
100000070305249
1084232993
100000490462438
1629265503
100003701105412
1412180937
100001106675224
725420257
100000473273337
100000450894274
100002534449988
1184260392
1769918809
1409464484
546047976
659584342
100003846523217
1260366925
100001381765534
1363860788
100003664031056
612837734
678640996
1814442122
100002807661270
100002210605123
100001144860419
1277350436
100001517612260
100000978236514
100002395504419
570611272
673181774
1292749492
100000787194789
100000316724611
100000826602220
170009636446138
608835494
100003360211643
1429489905
100002666693334
100000514704181
506998242
100000732261227
2307640
100001692562239
1841474432
1488857990
1558891516
100002605847599
100005889612392
324639010973238
100000324325097
100003863043624
1798721018
100000680554855
100002948043036
100000247348515
100000570923902
100003514925987
1390687177
517453845
1594123252
1078830260
561113291
513131481
100001332794494
100000738572171
1709633611
1201042171
742691487
701932743
16600241
100000267103884
100003892822320
42002944
5103857
100004935039254
1789868925
100005772914035
603077007
1283054643
100001445289703
1140159440
100000327500426
1349745899
100000103403979
355218957865267
38424026
724899670
100001369974043
1222804032
100005170479881
1554522175
100000144857438
100001859382498
617214823
633871748
100000458797126
1118312638
1535052941
1305339260
1654448773
100000026121242
790905899
100001206654547
100000825150404
616151517
1054462465
100003473739059
100003007782861
100004655441518
1554460927
1258656896
1012111194
1487985723
100000920558685
37105299
100001208661170
47907183
1415215543
797985471
1645652746
1548572193
100000654931246
100004337621432
1245307390
1244730174
1496432651
100000968067903
100000041656465
1158662538
100003706116437
100002475017297
100000958910261
100006247294976
501759356
759118152
1033863382
676478712
1097316254
1356798314
100000938762964
1549705667
1325772281
100003642053666
673362969
1378000064
505850445
571996748
23443262
1318292505
1261522401
1697146823
1245048987
100000869213151
100001706417917
1079553588
1125684770
100000014562374
1592325600
100000078526676
665306082
764768759
601294616
100000268859042
100001263723206
100000700257887
1237412571
100000560793469
780683561
100001886446127
100000466122247
100000519192033
596361180
100004570298679
60714706
100006546457716
100002978157651
100002423611371
1160947723
100001033002170
596691094
100000988684510
100000766624270
146786422111039
100000595053123
100000677499571
20002160
504803934
100002785312785
100001788325062
1184502044
100001968639192
788638170
100002276176895
771134991
564537073
1532542975
1016068204
1259755755
100000402594520
100005746501672
1249113479
1320557157
627531571
613672429
100004764125160
1596224567
100000707091157
100001433898614
709699182
49656581518
100000139765922
1228434008
508134697
1608973828
1073625720
11714368
100002175514859
100002082627741
731825037
100000125031711
823320370
100000274752397
5227130
100005385313203
100002059248220
100000004767694
1345320565
100000804259955
6408173
658481178
100004605606797
842893280
1637526901
620485164
100004244828528
100001406337730
100000287380948
100003982530172
1058225629
100002201933496
100000730309059
718385202
100002762640264
1568499448
100002911561387
1458151101
100002850116635
100002815004545
100002941587645
546774544
1037931549
1071715793
8639036
549592604
512619394
1519680443
100004724862413
779922925
792465523
100000133896899
100000327987904
100002256480208
100000939678588
1554145631
100003322895550
100003740192082
1122400611
832955430
100000261199128
1536060049
100002186052281
18915120
1336763069
100001436686901
100004149306723
100004311913403
1694652541
100000799155881
100000790076913
1163931033
834964805
507580647
1581487873
771855583
100000408360325
540452591
644846282
1232690909
509656506
100001629534764
1380983641
1606308367
100003863064332
100000271498857
100000458296089
100000790443811
1063248640
708141401
100000696946570
849720500
1244607729
100000160546295
1372494340
100005910843113
100000741020447
100002380922857
100000639368922
100000220428785
1010402937
660767096
1619646861
100001210288122
3112583
108154695984578
544110379
14214888
1320787585
100003874324882
1837028417
534505838
1393498014
100001925814629
100000421436148
1087694247
100003607240903
23912615
1265205236
100001769884947
100002592955377
789674003
100003754936579
1698764281
742194810
100004466942642
51808713
100000994930402
516707860
1133588324
1355730519
100000476102987
1788683387
100001040662484
100004892736830
608942736
767726803
3625851
100003397903746
100001448372308
100000089753533
1343964943
1516129494
100000093961606
661228800
711691564
100003147641282
100000664807118
100000741458180
800387626
19400121
144000405673576
1633440949
100002768004955
1683204250
1320732127
100000138803495
38600089
14002841
18910038
100000089863110
100005697243596
129700030
100004144651778
1802191016
100000727954616
555643114
1097362235
100003067710550
100003195329042
100003185622312
100000493443973
100004048303190
1847171472
100000080331776
1712997874
100004564386348
1363299241
100000773757008
1690466514
100002623673415
512764697
1232740263
1497672806
100001412965244
100000910805892
311775252230077
757897195
607499551
100003164767115
851195342
1121340095
625945175
100001978057883
584703009
1092420266
100002807525387
100000579584346
330971922747
1076526079
95991301187
100000107546897
512252946
1012692839
270202083099511
100001605837880
1365967203
734179627
100000962165207
614182775
100001998100721
100003964522332
100005875052160
1173228651
673807618
1652340014
1361994430
100003235080872
100000466155421
501683208
1303759867
629761294
100000293027472
174059579364745
460788267278368
100000106600677
1844043733
100001096381327
1134536499
1344914665
1241342635
100000905085292
1411910550
100005014119017
100000532800538
100004048203070
1448043558
1664272816
32812874
505268349
81504501
558621494
100003501915615
1455690883
25909667
100001135637415
125898165129
100000646855310
1219771322
522713057
1523154151
100000976071540
100001167574639
1470835401
1461741060
100004228477387
100002272570044
568368943
1619315608
100000261617924
1524492962
100000175711165
719149310
100002070917775
100000259820751
74000584
100005182514152
751377746
1182950054
1677784813
655558873
1612493475
10039016
1163266767
100000326809863
1576222523
1683644298
100000738063520
1345833811
619456755
131651780244952
1539917575
100000870358167
55503888
100000855082784
100000438572053
574008898
100000508607850
604953559
1622058594
100001037423275
1734599101
1384014598
100003609471741
6300994
100000742828939
1563006235
1481587338
599979114
1274530256
1576552124
100000387784070
100005416745251
100003839787885
100000438187711
677756169
1199427697
100004644755999
100002905026904
1811038219
1201370282
522022897
187908213
529081795
503966706326049
1353480030
100000802548381
100003761946646
100001177622203
100004993392393
739472691
100001172692979
100000752689457
671004076
1607259407
594213013
1064086578
100001243264056
100000547642644
100001302566935
1822267
100000577584415
100000482480592
513341970
100000888914984
100002425073154
1618621970
100000645413608
100002231590551
100003772593544
100000076038894
1589946277
1193828036
1648539156
606039329
100000666031670
100003138160323
559148228
100002526217361
100004124641737
100001484483611
1235055926
100001813115312
100002249362620
1152427229
541964002
100000144711633
100001219554207
1846605005
577664019
100001238734377
100003742011665
574704716
14002262
694324091
1094322797
100000199592857
852399428
100000082827940
541901414
1453691868
1718720876
100000785102146
708413898
632346451
1084933974
100003828447949
100001575583396
100000474332171
100001343661710
1189635638
1156050348
651862966
584775207
100001059323956
3410021
1834773633
694171774
1190666349
1144706792
1381260055
654386431
560438341
100001289552924
1549028496
100001211885148
100001658957206
1325110226
1172016052
1520563030
14004719
100000084675022
1117570976
584936703
100000419149765
1151635497
100000047899320
100000506926162
753451252
100000583900781
835670602
733304921
100003925692236
531471455
100001057546890
16411284
1495800932
1265505105
678356383
100002567633170
548691727
100001632194118
547071030
1316826898
100000942716736
1046795360
100000797565859
148008275333526
100000592946178
108617355857643
100000015336055
1566344648
100000537070891
789470576
1553007187
100001735239643
1234416007
100001342703812
1054270132
1607705872
557442448
500474930
100004498333494
1167142397
100002372137558
100002650957903
100004701191971
1244855054
570996127
100002393282063
1559678396
100003564597197
100000361664123
1331203009
100000205310230
656955821
100002076665737
100000128313002
100002152929161
662671099
100005249703541
710430602
1094686373
1226895800
100004080143639
859300415
1713142910
100000419502376
100001777236762
100000312302488
1027653596
209801446
31204129
100000276020782
100003736246751
100003982324328
100005679402770
100001051202762
100000872308113
513409088
732156624
100003616111112
624382536
1325204581
100001537253627
100001594683676
1160211163
100000884005396
657791744
100003199228484
1449685129
536710074
1489490756
1561604746
1578750146
100000132489142
1514550014
100003671447869
100001913017807
100005341724251
100003614851432
100000492782453
1372711258
1192121149
100000250967094
1512114853
1406036994
795293490
1706127413
100000105404602
100000517039150
100000516214097
1660771779
697787869
100001433437790
100003122867240
100001022029396
100003321883182
100000590770120
1762943907
1255149632
127375475946
100001805723933
1546431097
1625439835
644900474
806693549
100001145077347
100000123405417
569934623
100002817472510
100001027582381
100001543641042
1181241753
298900005
100001160346530
384688278331343
1011255661
100003187681720
100000130082635
100002126226992
1410826534
100000723932485
100002411285870
1290013239
539247642
1114073243
616098386
1159143072
100004606540394
1246320725
100003497223255
100000259483703
100003783497951
1708416
100000837157594
100003213986288
545520800
735024915
100000040787558
100001654722436
100002821879334
1230451797
1246311464
100003467521554
1190541307
511539591
100003819156236
521038085
100001275684584
1153474415
729047956
100000900501727
100000436027547
1424663273
23428606
100002181332499
100001990872255
100000379147000
100001434235329
683415194
1307377788
100001967898976
100000594846671
100001535413485
1656293232
1634791584
1504578021
540071797
517670338
1075775710
804952
100000816609254
532046105
100000223205469
222872791084902
2349794
672264092
100000774625657
1194319611
100002431248694
1508867
671652133
719178397
1151929528
43401745
100004446703237
100000594879611
100001040858065
100000090826693
5612055
100000629644610
100000717124446
100000082122908
832297157
612029448
1406290034
100002441165535
1642143352
100000211965161
1487105113
629438128
100000816225603
100002291594340
100001448523610
1208453
6506034
1197394868
549238424
24805447
100003799894875
516786803
1601593073
100000533222633
100000145934961
100000879825629
641570194
1708174
1145525235
100000319586557
100000272867714
100004857010516
192439720721
100002026583767
100003215824583
100000968739718
1348340612
100000055243190
504548962
1431693200
100002630882667
689805251
1393592326
683342591
100003309555765
1774167011
1588865292
1467726031
100000147146204
1338756826
526890025
889895300
100000450425214
8811617
657066892
1406292506
100001995466066
692146455
1430475606
742275443
617513098
100002280598233
100003077005550
839420332
100001970437061
100003563356432
1363823624
1316581578
100002248081404
1671681761
1481123769
668277350
1041974706
1407160296
100001019050906
100001644002693
100000249285997
1165894441
1535900860
1386814792
100000873295118
529257191
1168611573
100001731504079
769643306
100002323593939
2522432
542803929
100000509118297
1484232522
1056996081
1484546323
100000172890582
100000907182940
550677402
1259959395
100003894497789
1697198665
100000526939175
12113690
100001181079455
100001587234531
100002234504026
703212780
100000283023923
100003562838889
598752894
100003860268484
1399510301
1029998223
1480791445
691870109
1388460057
100000558903970
654220683
1509880086
822235421
1331951774
100000368773048
540337596
513945328
19606739
100000212587575
100001442600819
1294031251
100000449079392
1375394229
1482145721
1223184683
562510973
1832572821
100003789217955
1211843527
1346650562
100005104024657
100003624784175
1535093336
100002932334422
510011288
8209773
100000478906674
34308942
100004297291706
259600440820999
1002499260
1005653072
100000698170672
100004020773460
100000439031488
131480350276817
100000496106866
781082344
100000577161844
603139167
1504172286
100001329613664
100002860099602
100002914650119
1328485075
100001899674838
1056499912
100000858493575
665085867
100002267441187
100001925098882
100000213300709
100005009461433
742173993
1019884828
100001717748816
100000063958944
100000124963216
100001434489753
628670091
100002722396672
1036736696
1275941987
1781712082
536641878
100006327700744
5518797
100000200538581
100000561799275
100001220893187
1170901089
533849221
1180504131
307082952724196
505547080
100000449798553
100003724253219
100000950921183
1823815192
1324604140
173000577
735776317
100001655668756
551479129
100001997423723
100004050264348
100000892480353
1640856717
1657214440
100004508102695
9801755
815248394
904330592
1814045460
100006215554147
100000438003264
500628495
1348904730
100002518840190
100005118071643
100000461374435
100000977044824
629797038
100001519065941
600543841
100005599063988
100001086676034
640650882
100004979383750
100000573906051
100000824105345
100003303254264
100004888753442
1034493116
100004283886905
100000747092256
100000604805883
1551213058
1683750412
596875416
655526251
100002574054989
100003946130805
100006212143158
100000669878843
100004084086870
100006146886745
100001731835951
100001647860465
100001974129070
1412864632
100001441351536
1181134846
29000353
100001810545876
1576895555
100000785028759
100002182182631
100001616790376
100004056276735
707010531
675391151
100000355737415
103200127
700581164
217900103
1631035552
100002445500484
1011245840
1345683409
100005684492176
543517855
100000033476882
1141374491
328658327156398
100000177674949
1084026200
100000850093951
1407878233
100003118380173
100000955850995
1097109545
100000060416151
100000214643858
100000170749516
100004537950430
100000122037053
100002043945764
612940730
100002468206334
1431966508
100003344371839
1060347568
639250276
100000724579152
100000569261226
720598092
273055096268
1012958437
53300300
100000608327469
100001218755432
583938780
100003184094757
11016561
1448197325
1097530017
100000032069319
100003867631835
100003151977879
1034780844
100005716057320
1117941942
100001882595659
100003325461900
678819877
1380330058
605500234
1511912402
1510152781
100003173156129
715374492
100000047463858
100006645393709
1367533217
1361771201
1130529603
20900741
100000055779890
585712946
100001096588039
100003294810259
100003439855255
727358570
537261463
1427914573
1280071049
589741941
1486020021
1259516102
1348310532
12426223
1649077007
1730351382
100006428997885
1321243260
1074993204
1797759242
1067339076
1571900642
318332888244096
425786724183641
1384719164
1266045705
666009388
1098318006
100004936627018
100000186187310
100001564996275
1478718724
11714189
100000784001166
1173961298
100007157820279
670117624
100003072159538
100000603802109
100000762398319
1476166835
100002008622047
100002183588305
736505803
625342475
805715500
100000133428673
1307151862
100000122622764
101944061795
100000686548069
1031204848
507139884
1047217539
562027715
100000140690667
1342553039
1717911868
1191140245
100001650405148
1640940427
1074083152
1553346239
100004833998698
100001337131367
684485639
371484702881399
100006523370611
100001860971235
100000257543049
1057400506
100000127218638
1078170187
100004353878817
513060984
100000505528593
100001847201552
100001911172578
1061047515
1213108663
1595907632
100001504114747
59500125
1134355051
100000384201527
100000983832805
1339590190
1325045391
696346825
72300436
1514610855
100003510012040
100000558724999
1533866896
1518720376
770535150
515229538
1737983035
100000882988808
100001899301135
516918480
100000100952237
1621767154
100000234294807
732769237
100000596148820
1707523516
153295548140732
100001635850119
515059176
100000061586821
100001444026080
1433976588
1034036653
246016825539440
192966694087908
1786724054
1266472319
1026810404
1375894742
100003745915181
28600140
1090822482
1657967489
511515859
688807353
572130721
501212136
823901099
613751063
532599504
100004871345470
100002835678788
218715064963845
1110626599
100002471677342
1018151757
39402358
660681005
100003027177822
839764525
100000221824210
1664682655
100003486053483
1081174863
100000382101894
278004855658040
1109927227
100000173190468
100000471327448
1804614661
1268311536
112228699765
1238284653
100003121429692
1555155557
506722509
100002010584837
100005616036145
100002123927984
832030005
100001954246306
1467111740
1795609312
1490812688
580015115
100001903560243
712547211
100004023238570
1019765376
1785353375
100000027985454
100001092961417
1325520176
100001035287834
1173121483
100000528807408
100000495492158
579823331
100004079633695
100006617594443
100003453657242
100000654012199
100001962208332
613186895
1552733333
344000029
100002615671053
100002770020199
100001422395577
623643182
100001141053100
100001273774691
606193363
503890160
644909987
1485439212
750647592
100001680105772
1101394135
645387176
1197393457
100001741616658
100000618369267
1299668550
100000497074602
100000729170339
678971342
100000312001514
1478010218
1075801973
1800318
1460419378
100002939456412
100001780198783
1664096578
134993399861263
1413921288
44002080
100003326460281
774467003
100001162009384
48900533
547978044
276175725747271
1092143730
1344294618
100001656016271
100000271354211
100003490278493
820685460
1046479333
100000079195254
100004694231636
100003256030013
100005367819289
1359881769
100000326271643
1077645438
1229130057
1101467773
1019084740
100000688194070
100000663431040
100000868790199
1282211174
1831175664
100003479663487
100004926246613
1773985526
100000261706802
1599062292
100000097776221
100001576902094
176836457163
161852127305052
100004014913036
54501362
1175021664
1819214841
100003295606764
744751941
1426924452
1110954895
826098723
627572972
100000182974139
595787714
1423593634
821555556
100005772434369
10729930
1468839159
100005105974556
100003507994552
1569374106
65535875108
695814117
203760862972761
100001708925580
1772732474
1474677233
100002968275344
100001923521413
100001610959926
100003343371083
1548424610
1339341022
702149982
1283525102
100003800456833
100006740229207
1735531870
100000493514785
1385631266
1295835320
100005927520319
503768789
1371184630
1568895505
648474911
1794078488
100004407822886
100000585934954
100003595568236
623420423
1304466494
1214678080
1378134699
739757962
1602884143
1560617916
1653247896
100002168376553
100002152819946
1353783996
100001836829562
1027720336
55803633
1104078922
100000102653215
1079890455
520818922
831385174
100001531374176
1499402803
100002178806556
35402666
606735711
1707986896
100000563971585
1356723951
704268906
100000350333732
100001995276314
817049626
100002646154229
621909124
100001567337749
1062531565
1810049067
100000156922782
706802899
1456912720
100001827728606
100000345897836
100003015023620
100003170036131
100003942009425
1130540982
581471502
586169691
100003345042198
737825644
22009645
1245348245
100003749228492
100000530301774
1408959624
130781960355476
100006856536462
100004159890719
616840867
1085524924
1471750573
1012701889
2247841
665732333
1249595024
100004454041153
100003368692529
505134232864450
642090784
10905194
686111048
100001096586286
353799598049523
1214607530
100000865002492
1501210960
100000841583139
100000343317774
891260463
547002752
100000665523753
1036609194
807776
100004944991543
100000956208953
100004589160874
1788615069
527508595
1495071221
100000007238098
567437345
1478984298
507696015
517969032
312911725442198
100001444938195
531191369
100002901401594
1729453342
100000535403764
100003693416871
128890960588543
511790929
100002316671631
100000793455559
100000322380602
100000035164543
100000905808782
583705150
42413495
5520381
1629010128
100000818816393
175440309149737
1052854213
100002877942208
183700313
1245837565
1762427506
817347206
1668367640
641329163
716496817
1277280854
100005602926921
621916207
535645200
100000172552345
100003222688006
667873520
100002722111932
100000666003540
100006791374242
1538954414
100002294233825
867365552
785615418
100000342927096
100000357879887
1315452743
1374330507
100000020048868
586195367
1179409254
619571789
1748986335
601745095
745060486
1133094216
100001499811246
100000309033554
1326279401
100000307055958
1643711212
1673705873
681777602
100001566498242
100001422892070
100004026771348
1365920483
546783836
1315820290
1548692838
672160263
100002135243272
581903298
507870344
100002110267164
100001104541781
100000537212384
1127022613
520500408
100000529786974
211512648988502
1662107107
100000220124186
1591243295
100003199307579
100000360639773
100002891887384
1485651900
697852611
1542883209
100003680021985
1057170029
100004093372068
529293220
743028721
100000706268638
1124910513
100000700848455
1686880162
1111140248
1556618589
100004296282530
1146633605
1571899868
656976914
100005262009027
1681860825
100001323922892
100000223355763
1714287288
608396343
100001310046509
100007313411916
100003677781060
121652737904405
1390728596
100000806167710
1625989289
100000671513687
100000689897704
1399110041
1087963535
100000030666098
100000381563731
318689252921
1064083847
100005123858003
100000282882485
1396384002
100003686443701
1640195088
697195071
138701577
185001103
1034804680
100005268642095
1519634951
100004219722426
1066059422
100001277957466
542156219
1604192655
100001211663680
550865360
1047729304
100004560636331
100001485232122
100003139022522
1589172472
100002926389477
583455698
100002675040610
1073632264
100004364885825
1107035752
100002966089434
100004881852329
100001385601791
100001001647451
100000719055028
1116930062
100006461135176
1552920981
1665597056
11102205
100000962471482
689563126
100003504189819
100000085840929
1086336305
1446484664
100000736881187
100000350267939
21713972
1101504827
100001222625710
100002862915070
100006951993359
1492386504
100000627355164
100000457393412
100003603471237
100001334795099
1818939393
3210884
1485553968
100000024738703
1640854506
1206517722
100000690692578
1158792957
100000296446872
100000223389386
100000896622773
1598600400
100002699217734
100004395488757
100002475891351
1813510802
100000178144020
100000204217648
32702643
100000992023546
1423414178
1591898328
100001463820210
100000002241606
788568409
100000338295892
100002661554293
682052761
100000412100175
594887328
643871512
100001483840743
100002065311371
100000182551722
80100774
100002220670017
100000468007102
100000679524193
1464593685
1668142932
1249803228
100000418677720
100002659565487
100004535983520
100002035390322
100003942583262
1143334641
100002406095986
100005053446155
765004163
100005334010715
100003784930929
1779238453
100001690882994
1150275952
5234369
100000983625183
100003862687345
1550953419
100000693780961
732408990
1516287398
100000335916240
1476410693
767625133
100001810433755
1143472167
1360678015
17500834
100000932593423
100003738507683
1193221732
100000194027515
100004951383359
100000650343805
100000222911705
100000131659904
100000310076780
1206327105
100002169656282
100003564054621
32819952
1053791710
100000844176121
627795428
100003391652789
100003112257532
719643899
677956332
100002470772623
1724638355
100003305834883
100006348912632
1833844625
1281229127
1075848142
1024800366
100001100500104
185380853453
1183623357
1219285889
155116717833411
512561017
215760785183261
100000132870341
803544913
100002083303503
691499878
100000388170909
1801467637
616773222
100002595160512
654350357
386532471383823
100004191404635
1168895033
100004111501203
1409375227
233628336711054
100000364935667
772691434
100000181377195
100005943810678
1065115048
100000756154016
571857344
570378358
1104009419
1054137740
1255844973
506915202
100004080528011
1109781880
100004194726238
1126253673
525884101
100003127381414
1300276538
100001441577667
100000080432599
100000293703173
1518373987
567225419
625994283
1746542028
542429424
588108378
100006542285066
100000688258039
844823305
668053732
1101720030
100000107888158
1112915433
1737656512
100004275462560
515866779
100000209254602
100000023255992
100002624890947
1175221545
592569262
100002570020248
1283800964
100002585898895
100002018029576
100000258754706
1052421902
100002605286948
1369703337
100000324906899
533646972
1204341627
100002140942362
94800289
100004899278949
623938715
100000790887391
100000239521482
1407166300
1063635260
100001602843471
1381178942
1744011156
1725379135
187400077
508066388
1183030500
1385391744
315263461843774
100000432593110
100000629314729
100002436302030
100001956327361
1274910046
100000745197264
876000424
505410276
1318418537
100005308020044
100000185499342
100003461431303
520786103
100000489513894
100002633310538
100002562711787
497680636927609
1110477632
1182720743
610321197
1770716115
100003315471565
1653391434
100002529683419
735125140
551810300
677006042
100001105506885
1148119666
1428669664
100000109626620
100000615117007
1439797731
1454954520
100001128573194
1197607132
100002069257608
1639827581
100000919496806
100003451855864
1058859045
1726202727
100003969044226
554260257
100001122104142
21300264
285652811458920
167011913378839
870360383
100002414518368
576648059
1675058352
1234560006
2201200
100001258775759
100000543778115
290000984
100000500420139
100002041926328
595544216
526301786
507883936
738245841
119900687
626403145
100000476033693
541362334
100005131183389
100001263924947
100000230254567
559006612
1599570393
100003964094113
100000606414127
100001279698135
691191636
463977717049099
869590220
1599830474
100000766961172
1826820140
100000887112417
1332128520
100000566026733
597513212
100001630071646
555771335
100002652192284
1156747723
593962455
100000348609892
100002815257298
38311348
100000019278064
100003997491140
740900244
100001925075274
4801293
771509626
1649374802
100001584866514
100003703994803
100002261751461
100000745664780
1146805094
1207962676
100000461953201
100002507080045
156663761888
1255210021
679476567
100001603433464
636899846
100004213832331
100000620051256
1176331130
100003226442046
561569885
1733658222
100000549164384
100001369802577
100003255474550
100000032167275
556461768
567898851
557516856
100001427221276
1243504412
1312766457
761337113
220645344657806
100003532383577
100002245665696
100006944203759
885690183
100003838890655
1248521941
595185224
100001510549458
100000503509185
100000509719920
1517431876
100003096036343
830260234
100000136436680
665805340
100003988216521
612898927
711245005
1427670479
1283876268
522911690
512055931
100007452541417
1018914943
5504639
6105977
100000233880835
100002240619514
578008979
1632855389
726620296
1390942376
1237980168
100001367288473
100001186767598
1334940228
100000901881734
1082342831
100001297304048
64402951
606624331
166289673425260
100001017796884
1406710114
1525909092
100004107163404
1494294740
100001046509438
649372221
100001393142155
100001575968779
1103508042
100000624698673
1352945064
1319711086
1469376567
562499374
100002017210400
1121781540
1423895296
100000107510293
100003145178869
651826807
100000290777270
39000896
1207043066
773624654
756546023
1321205570
100006337680867
100000334764690
100006108578024
96021635618
1835114549
100000913455655
1072832878
100001393696426
100001396330978
100002190169222
100000597465146
100001507195494
1102506214
100003018255992
100000297023377
100000941455385
744472970
842459801
100001717942558
100000222501531
665935641
100002384713530
100003251163613
1643722777
100003694592170
100003345738854
673669578
1275096371
100004004167118
100001488924165
563210903
1064679528
449285091820896
100000682059704
1013952401
100001608381085
625100376
100001583213178
100001319359685
1025530527
100001079537483
100000372686059
1037854937
604736764
516033359
100001913831245
280614022503
1729678077
790637481
1489360696
100002681865706
100000134588858
100000370455564
100000074153221
520913207
1469813032
100000002783414
737629476
511170216
100000729572618
100001652556745
1316049222
100001850591647
904105516
1402892653
1517704950
35600428
153683544666866
100000672288778
100000160573260
100005277695958
100003182614083
595141213
100003960332078
100001332201300
100000459491418
767450211
100000393639778
100003362494008
604865401
629911782
1205430173
100000424914882
100000336011402
516283796
1081539950
1072908114
100000664233570
1564665576
1344034185
1446171288
100001508255604
41101184
689301780
100004956150299
100000844818306
100000527509711
100003724568393
548849066
629555313
1189380929
100000540466813
100000904357827
1399808415
1029811823
21800591
552761421
23102255
100000901605409
100005836740208
1700521164
1142336680
100002616387601
601831083
679982039
100005715402009
1408924
679590384
100004461511130
100005956380616
508744599
735760870
1049614734
100000238255252
1641759689
100003830150455
100001789994720
100001768518119
100001527528675
530588669
1250262022
514082455
100004212884100
48606028
135700609
100001895049880
500870830
1434345204
1379348287
100000752890180
100001809965196
562062086
1579235814
100000887278957
100002980420757
698687967
100002202941040
330147123742274
100001522764807
1846312678
100004575810926
783275216
46302256
1058794221
1465672076
100000300546929
854235407
100001202041820
1070785919
100000600620859
100002174807675
1239870018
559711282
510039220
1719294278
100004056090174
625675091
224934364270965
100004126149399
782923407
507772242
717937062
631761876
100001676060447
1013518535
1279541787
100003665752761
1160737040
100001517743220
1326851345
754620044
1405224848
1204452878
100000537849760
1085839296
1840845240
100000226661657
100001248793148
100005741344811
1837143527
1711440960
100001563483327
1433280346
39604267
1554289259
275400861435
100001571588887
1790525908
100000237046164
100000215236038
116505221761958
1633377575
1130485340
100000256176241
831432043
100005036684216
100005389442085
100003300627809
100003050779734
530080516
553238043
100003669180496
100001045170948
1150989765
100000163934326
76003844
100001388285344
1463874586
100000490042637
501022629
100000714353728
99200648
508263867
500220463
1245097970
100001939213878
100001221560359
1518070935
100000651872315
596945565
1037513889
56009735
591544064
712463958
100002640182423
100000291129206
173488316061529
100002633997280
100001820050002
100003629357695
1205160039
1356736986
100004075189486
100000462288460
718586599
100000818221763
100002113032676
100000469146396
100001219497147
821637490
500063216
142022682485685
100000654190357
1720627945
23303496
100001145506619
100002484789713
1553850122
625719960
521196627
712749564
100002091661423
1794081494
100003707457257
100001507131775
828425689
100004857874017
100000191407249
100004032797612
100004935371846
583585565
503577347
100000043530010
100002787028882
100000533291650
100003124633559
1290010504
38305518
1666795742
748295588
100000309251607
100001131902355
100003901828111
100000892051353
743993591
5202247
1079624739
100003573852631
100003753511814
100000181144555
100001532259858
100002532060629
656745875
1262512320
100000504722204
100000220406689
1200703696
100003299463749
1026135451
517947424
423781734302811
1660471602
100001863661775
100000413339234
100002897763420
100005378678544
1322140618
227516887276842
1395293400
1430485793
1523593713
1659635582
129230123799546
100004653390112
1417578800
100000697754113
1364867969
39512119
1345967473
1404878165
100003149981546
100000863831279
100002749583639
700364606
1435
31406604
173602379
100001698855608
100005669105611
1420586112
100000613929198
100002069127453
1376015211
100001127763077
100000933690596
1112389195
1356042918
32102752
566656283
4800756
100005142040733
100002951270890
646773173
100003221202975
100006556866581
100003200870493
1413716148
100002335897775
100001251142956
1458270077
100000130923466
649330499
100000652476237
693864908
100003085567075
1117111382
8842992
1488464953
1258605209
543731604
1546460961
213137
1341365553
618883021
100000784706262
100000052473994
100000153417025
100002288895511
100000565962530
100003730729578
100007656876471
1425247065
4945750
685205495
643675953
18710666
628298992
1017435703
545436331
100002107620817
100000930387926
100004400372838
1535985253
185856842871
100002737590229
1561885610
1433005426
1373850005
100001756424678
1226791640
100000214209468
1160220578
564493442
100000702781843
647597041
1693189457
100003909892067
1809036530
100001111046072
1593481061
1141410115
1239532011
100005927405487
100003990622563
1480824638
145800042
100002214064806
1452821951
100001371376622
667123331
100000004149463
728429695
100001122908032
689330089
1220675695
100000137450413
509021613
100005811731041
100000823085723
615450708
693299313
633555296
528003838
1088670628
1451222678
100003355537505
100006179526475
100000477012053
100002126065093
544725328
100004238321875
100005752124258
770291697
745064007
100000383386044
100003423372774
619027289
609888784
100003086281286
1656276608
100000788666246
100000308865581
625045785
100000366054710
523412381
1343275246
100001862737891
6821769
622032194
100001333458092
100004276692436
100001426432880
1834044895
665060631
1441837798
100001779190351
100001473431101
100000126898980
3603595
531353711
1279781907
100002707387071
1337672565
100002113775992
1106103899
100001767492594
746580766
1538043752
100005526733172
100001705436055
100000038888464
395771460440857
100002003157442
26307567
100000150265152
766767839
692723546
695594392
1379103684
100001428697650
1378208816
100000301262405
1216950498
100003513778371
77902366
187627438021336
100001238218230
720261514
100004538943920
100000813155356
513016667
100004031062079
634405596
18902891
100005133601877
100000549654437
100004091340036
511465605
1465904853
100000137323135
100005017116025
1176857365
1330125869
1042813930
100001388157332
100002381636704
100001228077758
539871501
100003690795544
100003755117041
100000781801338
100001458667036
21306089
689320938
733065591
1253832971
1077667770
1565716256
100000512229863
1152306996
1418646386
1029303428
100003540436435
6826679
100002633380559
1065077227
1320502294
534041262
100003753075650
100002686434712
1049637079
510484165
1531577243
507302215961768
1724062677
614596002
1467066434
100001672633263
805228
1157441454
100004046915603
100003376055965
772970516
100005448423277
1301089988
1354013365
1768767875
691884261
716750718
1371360791
1558425646
524071283
100001747378519
1358949729
100000114023019
100000408793391
100002231102570
1150125767
1694305215
1373820197
1026976485
100002645701715
100001824284404
100000021325954
100001535201815
100002461501973
589725740
100002190796096
100000132489229
100000280286766
100004331114855
1302114782
515433587
100003542562118
100005714463364
1043127278
100000714565052
1089008327
552510651
442976402414985
1260510988
1038879189
1612106540
1430832393
739906417
100001981820451
100002165547363
100000619942609
532035312
591779789
709755881
1306917588
9403352
8845298
629248137
1249464483
100002795302851
6014756
532818823
253039028080503
100001643938312
100002568897592
1048158081
675049185
1139343889
1750279804
100004388263937
100000824758326
598792671
100003314807767
561311606
100001142198930
1134128094
100000046590448
1412022080
100000065046217
1169153119
481155688591651
1348335929
1792458011
100000012464882
100000542676952
503739259
100003771164488
1734245501
100000411923592
100000215667035
1568941476
1130221670
1438310527
100000720512052
1090494211
100004732898816
100001910630832
100001703028478
1226545813
100003826920243
100006672847669
100001775568035
100000357482134
100002849176755
100001536803423
1041420043
100006460989235
1512728372
686435785
100001587978847
100002417769015
100004088266348
1066779439
1426208193
1012165599
1129100660
679444473
1820926715
100000603644230
1372105609
100000299286500
1274599490
100001532074146
518978228
511963107
100002209069399
1009662419
771319934
704962111
100001236445426
720172894
100000939165347
100000527282838
100000195109295
100000135300237
100005242923396
100000962944789
100000956182817
100000530801348
100000565359245
26516864
100000211750954
1283597301
635037880
100000828753144
697924907
843637835
1376411795
851300320
1017810105
100004744987550
100001340801227
100000219921775
721275294
587160524
100000359003881
1245480006
100001754917590
1472228743
1705726390
100000961493979
1310073467
766802831
100000500380291
516450156
100001617003172
515948194
892400047
1223604720
100000502875195
100000075582014
104200878
100000987715835
1303866306
100000506481465
100004568921529
100001706163715
100001258402736
1452361428
100003664792857
100000306704748
724349809
100000163075448
100001189807678
100000236474081
100001120593303
1187825714
100005947359574
100001523628826
100004140851236
100001158752365
1567882409
100003449517437
585784619
100002072675520
1194687036
1550164617
726702476
1093044064
1597174499
574053003
727612516
636020566
1625197874
1181708325
138081796240625
691217979
1352895563
100000564991028
359103524105484
555389005
503539035
100002322207731
1044720095
100005783261231
192918967425980
787895110
3423085
1313200964
7904254
1578225139
100000218506246
106792576100273
100000451023507
1448564631
1444051400
100005284866518
1238524460
1328092441
100000873050691
1332702132
531290001
100001082676858
100000866674715
619670605
1109690003
513826971964351
100002816428163
1412274884
100000475970503
1034429822
100001603833073
793640275
805203
1085746024
100005913811647
100000597277991
100002457638573
100000602265735
100002490507532
100004838291110
1461321773
100004476851362
105173862581
62024311546
1127612111
100000764326817
1286580409
100000101541667
9013784
100001750251433
582214027
100000511283148
1623124841
1116928774
1446742076
54500524
1478860595
100001277198519
100002891450108
701701
100003922522318
541144261
328670867450
503229478
100000189995851
100000756987361
563555013
100001432004036
1036267134
100001132088472
642940589
100001538160786
786976691318152
1597699772
566553675
100003609999160
1205611448
534590853
1618610748
1438681619
100000747600883
1339764141
531047107
1025401232
100000483292354
43604989
100000352342513
100000716092587
18810930
100001848192646
100004047947356
100001205644856
100000482090515
195683043785180
622150908
100000112142495
109184940232
1839439736
1340940173
100003959334986
1540506322
1549500892
100001221262821
240946086060745
279828895451374
733366083
100001335683416
100002464329588
1628701143
1241885524
174866029205226
1355967645
1542213782
697058588
1503873948
517996484
823690083
100005442906256
1832718448
100002268250574
1425645034
1837446495
100002139887471
100001857916185
100003751186794
17206344
580156531
1759735138
100001881496511
100831086686467
100000674487811
732277006
1519117049
1019700090
1443639318
100004501208448
822201449
580962632
100005638054275
171824672840353
751103084
674943823
817592870
1463897840
580445807
100002098783014
100002287390644
805184936
100004688850942
1180099189
1287924954
805747509
752174107
583959046
1371562229
1450280262
892880164
121527431202788
100006049922995
100004674390704
412426818822296
100000141476382
100005532570126
100000636571806
629504204
100000134921547
100001273129368
1193123399
100000980394863
639075726
517963271
1486842020
100000198003045
1489318253
810969895
100003568585284
100002077690332
100000800938461
1795894081
560212488
100001114410662
100001169042114
1438764272
100001070497272
580098396
1459217527
206402798
623575425
589284748
100000486046631
1695748402
100000462345937
515688963
2709436
1582702919
100002864498871
100000447646489
1053450153
1185187757
501641195
100002216019750
520014486
557291159
100002065165780
787608076
628766069
480697678718586
1021887914
516596863
100001422309801
1289556755
100000001686382
100000764326672
1521896051
297526010283059
100002462246234
1576823853
1131372867
716467564
576458415
161434510646885
100004394644016
100001296178574
1191544524
290400868
100000166507316
639772227
1817147407
9606323
1347415158
100002786899042
100000232074442
100001865445155
100005203652441
100001097937112
587748839
1229467783
100003850143126
1833615130
100001224725500
445780762104987
703084114
100004137641703
1313810294
14002289
100005664934086
143705152319154
1261204314
100000663580168
100002959712525
100001610037606
100000568840649
100000579129572
1108005924
1834425754
100001932584985
1845421957
503781683
1028108074
129312487162908
571941892
100001602317443
1053294243
100000449166481
100001609471021
100000338823584
100003165691482
100000768549824
843568560
100001791964994
1100422456
100004240748401
100006034986035
1322169402
100004902998581
100000752173877
560068921
80601233
100001213325536
272398186138982
586311400
100000962357542
1382241447
791390216
100001746620526
1517315030
763024997
100001140849248
100002062389144
100006438414352
534594087
409695
100003848967960
100001389671372
100000429540484
100006466896161
100001420922364
529698769
100004007252447
654723045
770970149
100005992213635
100000468034983
511441022
100002582542029
100003787557440
1303296734
689971694
100000948120557
512676353
745432261
568185694
100000027319790
100000493413985
674054438
715415793
1180360596
1842136001
9410019
100001887224140
100000705313509
1148439997
100001759788662
569092054
1135998525
1058406478
828959675
100002609648079
1585130973
100004007837541
1630450919
108181819259847
714665192
1073652926
546580578
100001153902157
587584269
570622972
599585705
100002240459084
100002138221755
100005319340828
500562050
1340149616
100000072677287
100006298230847
1324426498
100004055147985
100001221312736
1354385212
100001120692511
1251144608
7024360
100000199867103
1403371507
100003495414565
9624420
100000746891776
1002394731
677080729
1303852424
1696848458
1638745969
1268167084
1180903511
1042341382
100000914556258
100002070523304
100001011215242
100005017113531
100002541040574
153286501527479
652007852
1081879156
1079520261
100000465544377
100002492065837
100005838932953
100002983246405
196713297067955
1275065092
122619347814411
100005572934102
100000656443840
100003127454871
1824323419
100005065172250
100003768037793
1352901315
100000590657165
100001635634906
1240907334
792649829
100000771555065
100000033283183
649625469
100003098248034
674495633
669387988
100001883263459
30811138
1506577217
100002453281437
1167927076
669280253
1477150285
100001869772800
1609072172
1424031940
100001985475248
681440266
1752924686
504368933
100003753116906
1521185708
100001452186062
100000775254247
1572167582
515468634
515751048
100002248922564
1261390674
547569408
100003892354413
1111366528
795184026
556291715
580585854
100001816977016
100001478175991
1294393158
1555536055
1384455718
1598065904
1470581805
100002809193380
929824
1299694775
1418996754
658079799
137169223077824
100001273713403
1133498487
847519081
100001394988888
100001675607371
100003138989015
1322621609
597012579
100001826513698
521700616
598368481
100001788623077
100002189581554
1071562333
529380532
100002348149291
516416797
100000081944352
100000436370729
691425485
100005038531807
74900010
648323447
708146489
622471898
688272872
143600035620
1378869888
1661397422
100001562948974
100001007344185
1525310049
1200611000
100000729925758
1827175293
1280441586
148600451
2520412
1645940716
636761313
1289529810
565343664
650902761
100000884198451
812600650
1776946381
684965294
1485696791
886200435
1380330134
100000202418724
100001690606243
100000127730312
1474786725
22205889
5514521
475297109163508
100002721275544
711085919
100000426055233
12821482
100001912569889
813876879
2261107
665080975
100000459040042
6402490
612009478
100002368652763
100001410586288
531209747
35405614
1136063539
1061900299
249142068446542
100005772515812
100001605512480
100001178277711
1712637453
1102711010
525581583
1435645247
100002135534070
100000134229961
100002875271970
1158955975
827069183
507408230
1459160545
100006785174441
100004833582268
100006237668750
100000809626051
100002233955694
152842451395261
1512557642
660786514
106863239345545
100004481889685
532112919
1034619631
100002110625402
436546265157
1300064455
100003097796496
100001471530557
660529755
100000826662762
1808236839
100000244042522
1345909540
100000163515864
662923364
1100523541
1490312301
100004769460584
100000400778354
100000284820993
100000922125805
100001642904401
100003371594884
100000207942239
100001981044170
1273594380
722979363
100000091037561
100003371844012
229670663792522
626319609
725261219
100001676495605
100004376711748
100001437185989
100004647878568
100001629952084
100004279083572
100000955500660
100000393987762
713376229
1033235453
1097824568
1266990018
1665121772
100001417609341
100000140471020
1619000959
100003632452223
100001714748256
1257127429
1410513793
1597112208
100000185205785
100001271791847
1551429596
146486335394372
1262629994
286865524747887
46603737
100001476040062
1720719142
169801397
100002510589943
1500360292
100000188269587
657508826
1560103053
1097296112
720118436
100006268620508
100001191576794
100005501102945
1678186183
554103656
100001261328193
1360021290
464860053548529
1132256067
1541927440
1551264494
100000616392570
100003489927507
875030095
1838742614
100003801128173
1321500162
1496635520
1422844034
100002046163226
100000722986653
100001577945934
100005869863011
7816057
100001822517518
100000320830629
100000262684905
100001041318957
1472067402
580743133
723407282
100000197678397
1114766958
100003243624189
100001690905008
1321253118
100000303424994
100001776774822
9903330
557797776
696692494
135242046503275
100004427495918
1822967913
1238496939
586391239
100000178512231
1160665043
1208566349
100006250986713
1688190012
100001796272305
1575272889
416193165119434
577636934
100002265653647
100003635343928
100000147995354
100001037925227
562338789
699624376
1498982911
100004403402437
1702801702
1240183837
100001868870080
100001096349114
100002044163760
1607130100
1520460
100007476283182
1221498032
100001455156785
100000234903184
569642562
347547468668747
533287601
100001417149546
1168852036
100001609905582
100004314433002
202876
1456956187
1609506200
100001848868200
100000439840489
1576248239
100000967008008
100000445047247
100000618637383
100003200628033
100000932474544
100000303814115
7101799
100003603897941
1501162696
100001218422839
1439774188
100000173923096
100003311791695
504211954
100000218058132
584352788
16319178
1006655224
100000647666550
1711530105
100006277782727
100001347913735
100000066422742
100003342519992
37618900
1212215584
1696262584
1490300094
721745486
623584204
1652712709
100002593351288
100003806612495
592347721
1090312877
1827104589
100002162009267
1662115953
100000374548137
1432144279
100002062591797
100006417244056
100000778972542
100003097556587
100002171036213
100001615812130
100000752319464
100002934908733
100003083941585
1383387126
1123939889
759320595
34440
1565806988
100002652824025
1357275657
35401723
100000546954904
100000479188130
1064764792
18800996
1211475130
1091633595
428518640547005
1615656803
1435634249
500577097
1314252752
574506789
100002923902493
617098660
46020772026
100000392243609
1468743184
531091493
537797154
360203960687222
1212003331
1304975942
1362516026
562392113
7965121
838803999
98901875
1559937547
744863515
1051960326
612032194
1553525354
1115163483
100000900178251
100003220302932
1071776846
100001410518678
614084250
1007851089
100002305418677
1413951966
1423753805
100000213557165
100005242207401
1164315383
11700324
1613816542
100002001560292
1477787757
100002869527248
100004149760465
100001470127663
1235355428
789664125
562421352
1174883695
100000172483778
1427941069
1450328822
1454661852
100000448777431
1051745267
1441940383
187152554759489
1581293093
100003831136222
100006224670672
100001503005003
10400542
100003793175994
1413883605
1779078937
696950230
1248494221
397624580311352
1071607597
100001535714563
100000125522469
668265650
100000583817708
100002939454200
1155330436
1836886693
685396487
1453993873
100002581307664
100001241332790
1118424831
100000372956163
1359858053
100002748507500
1222354035
603500837
100002752091345
100004622620099
100002321340534
565691247
556362857
504381279
1607133660
1679037266
3611179
588284828
1743812653
100000677390654
100000059024896
100000103743431
100002226943384
1213543855
100003932884235
778592441
1000221753
1508035712
100001886187231
1472333151
100000565581499
1004390166
647181692
100004120447294
100002523256634
1742882542
1670584080
1191946767
100001036157132
100001323998850
1485857371
1500254240
138610099573544
100001830290492
100000484323961
100002077245456
32401993
118772718156604
100002101035842
773797328
100000257305232
100000913079083
1462817800
100000042223833
100004778702204
100000831592629
660522255
100000355227291
100004444624464
468231026558976
100001300042096
1131805563
100004638007876
1512422467
126679970703325
100003380481878
100004782331276
708565885
1364916667
100002166322366
1025435322
100003790367234
1619589950
100000043822287
1179741119
1206030571
100002164775994
22010028
564393524
100001777913248
1602114942
12900970
520418060
100000718276338
785628974
1106719031
100003829167920
1069247104
10722306
571344746
1138424034
318555941545125
100001406737019
100000918738824
431588976927454
100002478420614
1071086199
100001633581537
1658291991
100002476578028
1388105821
660939365
550420077
100006753393042
100001135602517
597877224
1130251215
100000246627465
678686348
1000630528
539797217
1584215974
100006380711102
1336113899
1243560011
1814725640
665773564
100000744260587
650174950
100000476941487
639390782
100002961288481
577788209
3403956
572519856
100000724694002
100000081416818
1306997408
745611577
100004963780100
662561378
564107269
611016227
100000288299418
1179208271
1358385446
100000120543475
88257446733
653899516
642762480
713573738
623784096
315724048503839
100003385793509
100005151732056
1232898479
1158826139
759245557
100001812637775
100005155334404
16731145
1571613298
1680879426
100004197511583
1651086847
100003686801562
100000050352383
100000927996334
1103642424
663488786
532556995
375181322590573
1271004501
60715052
692843384
759809288
777490692
1235036876
100003121782030
509102834
826448533
100000714681084
1604794279
100001356065246
680446734
553125756
712248
1018491127
1596585314
100004904830886
100000180428545
100002092114372
100000229001286
556574594
7307144
517850720
100000639823695
100006398744086
1286997969
1301571829
1738935720
1087427326
1051405230
1083660019
100001390479592
1592827145
1178278508
1641371910
100003064333015
1851326633
1320076996
1218405702
855574589
100003407016533
584734425
1108500136
100000336817748
100003317874648
1539278252
729307921
100002504859084
100006500778448
172084162805100
631033504
100002447147045
609419738
689006992
100002424010501
100001038006915
100002456815960
1188076019
100002675552542
100000836460861
1434854299
1302691150
100001008709627
762154486
100000003107072
1507611856
342263415803543
100003041574566
100000510060542
1155996786
141153779240769
628671438
856909576
127527753972683
535880312
100002014279391
100006021067316
100000288497519
2723146
100005232005275
100002160491379
100000688992617
100000063904274
100003740857214
510380047
1301797728
1057362229
100000168541177
100003825868480
697698762
100000329049952
5706407
100001794109546
416399
100000847731751
100001493114188
100000174173005
100001416407635
363365980377666
175894919114882
100000196939494
1388383789
1320335519
100001604016933
100000125992949
791840594
100001512864057
100000759887119
100000220588053
100003960160612
1540663638
1106959355
1045651284
100000331757769
100002450252476
100001047546071
100003883593617
100000327849935
11701790
100000110293638
100003063082824
100004250947873
100004476243676
839970028
573399504
100001606454302
100002162033733
1249841412
1384197634
100001305256892
725527511
100001230961954
1412320246
1225604921
1198518775
100001395085599
100001086042281
657860609
132855737420
1346095922
100000227960004
1621993682
814280242
1662251963
100000304744507
100000783592599
1646692236
100001352402045
1601254934
1779859352
1842652839
100000023804974
746203682
1131281748
100003556827773
100003734229291
100001213988159
209503762480986
589353622
1184596590
47300219
8381118
100000632408917
1595113164
703664356
1507393316
100003194020141
684028185
100000664242186
1358061717
548855653
507699786
1368810380
1113015714
1704323918
1829556824
1092630202
1246470449
1555506241
100000773945079
1344170600
3201581
1266983356
583946724
794763717
100003788681862
100000608240841
211416942254287
695920303
1654750038
100001551114994
1318934385
100000383511818
661873136
1478321907
581052688
685076671
702705801
100003093868760
1656823691
1045975951
100001280710464
802963517
741722765
1545620341
773364095
1424055083
2024664
1194333089
1657052818
100000824252404
100000335825085
1098398412
1009062594
3623604
100001713666572
1034175231
100000345354894
579160273
1500185012
502725290
157557884371558
100005207710130
1039016786
100001985179836
100005008682716
100001240671614
1045632914
100002358462651
1829273316
5303827
100002902250307
1552908759
1526585513
1150326125
1327168991
1479009847
100005907394169
1647295262
100001567727964
100002347158854
100003900495936
100000258237313
100001466215483
1044809778
1618368806
505722148
100002558727818
1171244008
725254684
1674977821
1505590732
507405987
100001317455011
100001621818534
100000254742577
100000836172532
100000578423560
1418898006
1553343401
1120346409
100000400552285
1421410972
100000111716231
100000049961398
1262637316
100000425057063
46607663100
100000103727851
100001494073385
157262350958020
100001971851553
1529172580
100000858275231
100001429801199
504316870
100000180612522
100002005502569
1066956765
1596460803
723249950
100002924041989
1694793350
1399998312
1227055038
100000075124435
1795531386
100002743519575
1678159635
1279416599
100000222055816
100001664771916
1262709836
1510202304
1320518526
1410441087
304600009
100000157658976
1215282045
1195960013
604483470
1381606097
1137678448
134725673279429
1378944687
100005349824360
1194994312
627753276
56602400
100000188406991
100005895181570
535898277
1224560047
643536848
1150837512
100000516275375
100002443095151
100000663273779
1427760119
65800217
100000642076751
1336475132
588975181
503241559
100001115450987
1274125841
100000432804137
100002712307463
1265517971
100002911918791
100007220353798
626671931
100005451374258
100000002781816
100002109809147
100000270797370
100003653445001
100001671186198
1640178939
241541589295602
100000247349013
1142108434
100000875335168
100002688985017
100001207502868
1157493822
1143335690
1213347293
100000308313113
100005048947493
1217010068
100001773947201
1419408599
1108925138
100001616152512
100001475612681
531390850
100001334113953
1414860717
1207707
1779165814
100000587232656
524000032
1523574604
100000087023642
100001306672152
100000173432689
532316527
1034058256
100000203323477
612815225
100002342090668
100001361424816
1533013358
1661963588
1259494569
100001155824648
12615813
100006057458460
100000314557192
818947267
1649833027
1016946060
220021744675507
1024873115
1193418909
1021195211
100004460287654
100001523147436
100002806461994
139179284923
1684596247
1020461315
100004452996825
100002843855779
100003234994058
1330939835
100001840914985
100000727407883
1485460660
100003851479886
100001074914991
100000393771822
100000658315382
800098733
100002918693801
1230845072
729945685
100000672240793
520270588001404
31980756813
100005493579672
738555003
1015536337
100000963421775
1096036549
1579860862
100001867431362
626570894
818335022
1608573152
1322574457
1499296149
1556540500
1320030859
1388051853
100000915712206
1228421874
100004659914234
100005973457302
673330301
100007395993421
541977884
511121852
100002104138757
1386618825
1322337222
100002380419957
100000566711141
1305191858
100002141815378
100001113877407
100004621295690
100003240845934
100002677563474
100001659605430
1421688605
1448521633
100005163305178
841047
100002663096605
1508472881
1657823308
1740352404
100005102706145
1327170896
1302065887
504394344
1313721393
1278437370
543037816
1647603940
1306071043
569616409
100001796047668
100003743929881
709554453
100002253695278
603401559
100006993996728
100001807625804
734456583
739350530
1222616
100001031464067
1309214488
100004842900695
1409775173
524945959
1596018446
100003674589768
505500472830360
662693791
1067542322
1615972314
33788
100000665042394
621496127
1447570484
679555316
100000933582535
100001488342735
100000378506508
100001538808885
672387273
591394277
679318672
1307356431
1346208648
1297312532
100005043160222
705008860
100001072857228
100002481979096
100004015675295
1338140923
100001649559770
100000290044164
771889286
1229522517
100001067865638
100002073591909
666323501
100003378736913
235602083245043
100004263962638
100002350768498
501569369
1805018985
100004170492205
24801129
100003800154481
1327121612
558473002
500357100015332
714562449
508614058
100000301222853
100000455683485
506258998
545295953
532917066
501104544
1330898598
100000610362472
100003635451177
100001450918063
1268170834
1399812615
535150062
100000038022809
1428657139
1021850485
1605406963
1082251690
740180182
100000510865302
100004786093260
100000218738670
605444668
638870949
1342274810
763384546
551532096
1472330015
1169750514
1226398696
1445605385
284060461669104
539313007
1456372258
596896321
100000838050873
100000350897736
163269587037982
1661784601
100001416623671
100002303574135
100000062881569
100001092427401
599000801
1416709689
100000053373627
100001812057096
1663537084
100000043692836
100001269862824
596208703
100000119166858
100002921285281
646520156
557579226
100000262834129
100002365951000
168999256112
1786207080
100000100817323
564870428
100001035870712
62411859576
803040622
771539761
100003771030733
1146721194
100002166848637
100000322809533
209582055771475
100001205299789
1539230691
1087823146
100001782095122
100000615417523
500805270
100000284765829
17601818
100003618983650
286899314757561
1227669600
1437006637
1477172054
100001688493840
1339656195
1664891277
1621813313
100002945217436
100002608989732
1331929032
1340802185
100002785657550
1410533439
100001520297546
100004446883478
100005499540940
7917622
1038191774
100000216022064
100002007449026
100001337808511
1270558038
100002068455662
635960700
100004041576563
100002587876102
100002363044344
1169980910
794140252
608019107
100002053548181
1048129740
100005878361792
515557460
100000961646616
100001040802930
637248765
100001477218731
100000855350669
100000157873718
1500877461
100002308148520
100001604522972
