747664079
100001503142273
1686731967
777696483
100000166677891
100001688442602
1330725880
816997298
519161784
1484957852
100001633472561
100000208862818
100000911553330
566814440
100002175046801
500876918
100003286407640
678211643
1203502206
1152055123
591593299
614102305
1442901366
745557143
1740667665
100001449620930
1518800389
1653250421
100002494434716
1302611471
1506307516
100000550755866
786102032
5201370
669539924
100001873073428
100003005555205
100000174574688
6803409
1100773578
1190694593
1523670029
1622242331
31901951
8840481
100004541163803
1280826520
28704745
1400920275
100000129030343
100005063438496
100002742978167
630230051
100002466501723
100001299111259
28408416
100003210932481
100004523107445
1327102864
1314821028
1251330295
1564787501
1476183843
100003854561602
503935189
579647067
100006094593026
1008696324
100000524592472
34115168556
100001449860139
19508498
1452465973
1018261952
100001028913939
100004400524881
237032519754824
100000543170615
100000453256786
1031196885
20004287
1058761264
1672187214
100001129978540
1354892676
100000208740187
445954295425170
100006732934921
641875586
558921594
22015710
1197270903
609670102
1299853091
100006500079567
100003072796878
100001296107879
1563678923
1630101239
100001993574549
1762072516
1453568101
1524015131
700815214
1080625864
100000887352577
100000772642785
1273355532
526758352
1348307118
100006435775482
1223350943
100000106911755
100002361584937
1298960086
100000266645623
1532586232
685544081
700370783
8372025
2020844
100006161252762
100000780626491
586746016
100006438858489
100000191928230
172275962817435
1745630040
571071207
100002321503599
533433278
667595551
100000524887650
522465087
1191124319
1419857010
100006461663093
100004142525549
1050300087
100001505885344
1526964643
100001436066001
509437641
1848318439
734737111
718740803
1297336198
58700123
31007849
100000221830805
100000273237597
100000396513390
100001233390885
692948286
1812289187
1173180001
100006820170546
1541414503
1513303115
1091421504
1355521161
100000208936022
100000117298656
1750048099
167576536630101
1392446452
1422639288
100000381073975
1260146844
100002502309584
100000667503835
100003245006784
1389356968
100001224195769
1487301815
100003794386762
725972015
619372158
1377202887
1111031582
100003319719786
780122757
664330105
1450554857
1057920120
100000228157280
1056046098
1096800038
100002449747243
1121059255
100002320757407
100000064478582
100000355699914
1044312059
100000166003592
552896939
1583495842
1498903816
1491027109
1325897053
1605365427
585161665
100000604125281
100002976349062
1106142536
100006462996599
5202334
244089824600
100002559513237
100001299195903
662651318
100003751782268
100002848700264
1329287704
100000475445282
100003739369573
1651560353
571847638
548822829
1442382952649968
1276080327
553115421
1113522018
100001071922787
1269949921
224344441074416
100001240549403
529639129
100006806108653
100000295321106
1315465846
1219251160
1312783764
100000347297167
100000323378338
100003144810019
1470464473
582981851
100005760966097
1247915967
100003381910870
555240468
501343237
100000319446525
100000149604822
1374663812
509308180
100004009541018
1245685989
100003864816584
735369370
100006420404568
1405042116
1196911089
1586906238
588034190
1006740426
723175934
1098706928
100003709846633
687580832
526490119
100000041665419
100001193629820
100000269490969
105389486163837
1525223769
100001163630995
1397475826
688774497
100000839538085
1844474024
603592945
432988220100692
741844157
31400160
100000015884507
1156350399
100001535268543
1716498446
100005126113967
1796787795
100006612280015
1467643554
1506927751
738780703
100004513447051
1419233496
1180957706
1748453578
554067939
553440399
1614541393
1393274174
100000011595887
100000488464106
1042666330
1354234777
1287885477
1007753467
1531566763
458732697543357
1300981483
100000917187693
1708592285
709450246
1106201054
100000346091873
603543802
100000403656050
100002581343025
872995614
1249822895
665014620
712663376
1306772993
565295400
100006113106658
100001282445999
1370733627
1545927459
1218783406
1487575363
28002526
524435482
1059992530
1555070525
100001846894939
100005004613255
100004652704014
360196787450587
100003735423756
602164301
100002698723022
100000734568975
100007448413298
100005531019574
531217881
100000140297716
1409837698
100000481486692
100000220068530
1042359753
1201159105
100004160443100
658469516
100000127104437
100000517330438
100000165371453
100000116426431
100002718239010
1297813736
1288699218
753713254
100003329886711
700712108
100002385590414
100000101375055
1357946747
1503622476
1753585724
1420327627
573374415
100004775767739
31000917
1550362947
1196450741
49302035
112600198
729000550
576492759
100000258230607
100000288380997
100000657337210
100000329535790
100007430771087
469387503106715
543235980
1441536758
506091202
100000060348522
100000178621678
1216327521
100002635875635
1009218700
1412006574
23921652
1151488193
100004578510982
100004222985923
772407667
706657305
1433147537
100001501487341
200138696245
100002603278543
100001158725472
100002431702323
1474996692
100004089630339
100004322022899
100000473484398
1260422537
100002833754733
100001149827934
1445656129
683790583
100001922912592
1595192278
18201138
1631103730
100001877027006
538297729
1449431597
1421267531
100006457465110
1124828288
100001521851892
1018309229
718950852
1179544176
100000334039728
2732206
1093053715
644517963
1301670850
100000793658911
100006405632735
100000124279215
100002162681500
100000905048697
1513536212
1073675173
100000403981288
578725731
100001889992375
15917496
1328382535
1842914518
565057241
1060999025
192312907455822
100002299480391
1826274833
1055151552
1610850594
1444112735
1673888809
100000557351314
1135681173
555061767
660880343
100000710079673
100000037391414
100006893406308
1361680229
1459264290
1112684321
261624750533812
1577065493
100001560932758
6905551
1352869067
100000155443737
1008443923
100000565212652
100006268021645
515674244
100000015992876
100000493183239
100000721814662
1614670106
671810056
100000443504188
651758549
1714223824
100001573959684
1280837452
100002690813603
543092599
1266060063
743864898
752335045
100000195376212
576489588
100003846519193
1538925030
100001091659427
567261139
574585942
100002060335507
1160535915
1213801721
100001687203282
1051526725
100001450669821
100000554906557
100000060556450
100005647350232
1344040919
616309222
1510177792
1279637307
1787678958
577288856
1074815509
45001357
1227536089
25718434
566643453
184525891739105
100001580226582
100001498703428
584664852
100000121743868
114472798706959
535562798
698057336
100002563192722
1546696287
1258602094
533997077
1360942191
100002049090035
541296470
1107617660
517141972
826225262
100001949690080
1539751260
1481151473
1230726238
1533915972
17302185
1068169864
511718917
606818084
100000573262143
516850474
100002295096329
1839049056
100006280176313
100000736034445
1415881460
75600356
646777361
1342884984
100001208701742
1337621498
100000026174194
735976917
1095185881
1095810370
1702992941
1411505977
100000503565646
683455637
1545708506
1115331430
1786340705
1275081799
100000109042265
100002643755275
1419821384
60711494
100001726849422
1610891696
1552773097
1553290747
25002468
100000122302746
1247941812
100005314837360
1443845730
1217727855
100000073713180
6811323
100006498108029
100000539893301
1313734535
588759387
523440880
100001372211651
100005771822245
1454141179
1416105146
533889219
100002763024767
100002436865055
1470412669
528601406
100000931399281
1835096510
686868688
514730845
100000216465365
100005042550293
1406971889
629889711
100001043982057
1034892067
1441296853
510624848
625525305
100004975475023
100001354566798
100000967658485
759724395
1030501953
642769228
100002721312527
300846770042477
770529503
23305928
638671244
1660478120
1631756591
1632496318
766578191
83600322
1561154941
653975617
100002994744970
100007051471920
1351765114
100003978366506
1041471477
100004155001108
100006478847166
604894112
100001084493828
524693376
604326872
1466425660
100000108417150
283226988437311
24300217
1063993123
1044690361
1488432585
677514482
100000134529080
813088227
881840721
1110733380
100000560550186
1189549712
1100598661
1413577526
100000004523947
1034677424
100000039678536
578560728
100000440346128
565218955
1425825904
20608270
1338390653
100001253275645
100005477139867
7933971
1268058073
100000871971045
1273794877
100000449232895
1516801972
524295922
1546655882
1144693236
1360867642
1198623624
1478433876
100002752635265
1229376248
1634215597
100002361355453
100001500979991
1062036140
740427625
788144880
100000422846651
100000845882734
674946843
1458570578
100000605324334
1399751432
523992406
100000145769015
5704320
100000084438522
1412112272
100000860937558
100004216964394
1488615471
1191534729
30825882
164796050229771
699665620
671150070
1226757895
1386795309
100003649207786
1125701340
616917501
322658441118311
595718501
258435930841931
1588522900
681390751
175172725861152
1268244218
841185343
100001638341174
583462545
100005524534863
1312856747
687765365
1022865570
1280020030
590168201
710201374
194308192
100003475259035
513040841
1683622133
1143195934
100002653870735
100000125839236
1750808345
100000573728929
1745971269
1141404583
100001807459070
1530697102
100006280051978
1124461439
100000265912194
1249527241
554710062
9014109
1410437750
653415013
1183555053
1125151663
645750083
100006784833915
607000966
100000226105313
100005685671625
641179843
1177189854
1466290004
1548125631
1054297602
23210896
100001152252563
1178782969
100005790690883
1252178333
628977915
1058445893
100001848500898
100004737811996
10618649
100000578510615
100003297765113
100002017443426
502200929
1073539102
505415355
100000193731160
507343365
1255060235
100003217290701
100000905054279
100000154800817
1386195344
591960902
100004909932149
776343291
587963820
1521758454
521604488
748602717
1652930637
719943667
686010642
1208524716
534766622
100000758880823
1012323303
100004591566590
743860558
650889547
44013239
513620593
100004315445565
100002064634468
601704108
100007179280621
700124101
100003383137670
634526911
100004554010593
100001587360639
514824198
719478328
1455889239
100003078829425
100000006038277
100002331620671
100002691522029
1778218086
572580245
1038440965
1567446338
100004388404129
585786206
1127452147
1459395702
102322813175136
1360596077
100001604807338
1197177658
777253800
100003094791360
589882755
100004073793030
100003050578302
100000964332669
1413649053
1555216651
1524246068
725875871
100000547843242
1657884007
1213507754
521434312
1063729487
1007725279
100005481938373
1398009611
1010479747
1601090421
544924747
100003274555610
721997824
100002961159943
1337302298
662177554
1250905809
1147779656
1032364291
578481578
100004619670789
711439645
1660342709
100000734743806
100005524931163
1623073232
515273485
100000152136575
100000657398927
1060615257
1060615252
100000392764423
58206460
1127095027
1487951103
100000152551044
676606878
100006430776391
100001013920080
100002200987355
807057574
100001126028388
100000611914080
370127913061848
1495161445
100001254514505
100000404384810
100001669434876
695390047
100003111533718
502000935
1462595179
100000671037049
100000673348009
100000807972864
1499769226
1446571366
3215366
1141518731
1222605810
661055884
635876153
666571578
651810860
100002650550032
100002069831514
1509211200
100001771654133
100001113999774
305806449478663
1503572924
100002317411963
20505659
100001750907784
100000153884632
100005953510447
1433886923
100003842881755
673455617
513068659
1597959420
100000202932627
100004154591313
100000034399311
100002045831818
1533940955
1557056054
1556442599
639127062
100006292991499
1134307829
100000121960767
100000163152750
1631778080
876840301
1350819223
100001403747059
100000150534534
100003096385636
100000668972393
100000736103866
1637647315
1226797613
1766583451
574686878
100000398427298
510728051
100000084443384
100000443933720
100002595213863
100004935609312
1391034192
100000092135210
1301865909
109547939856
22013439
1047397134
1214751495
100000230923422
1565783040
100000020931713
679610886
618315903
100002285006748
1501582419
202200357
507928956
100000819953710
100000519681401
610718951
755689601
100001818955114
100000699197572
100000110911445
100007061859178
100003726911891
1794830162
652006456
100001829047810
12616798
570602433
1608518796
100000813486549
1014125821
1192388009
1235465182
1138550945
1391586433
1544031971
100005276861547
1669672451
563445176
754145134
100000486852612
1272515286
100001810818324
574985696
1184899063
642245906
619002645
100006810551751
904740556
100000728183806
100006179820458
1657830056
605025432
100000552690133
351019832652
1134851036
697901277
1268946636
100003033134469
810125321
850005062
1746169053
718104845
1803974160
100001794783864
100000706538441
100001200493149
100000649087635
100000532153565
513873335
710009367
513873627
100001191536372
100000143563806
1323900006
32204641
1149631246
667405832
100000516037785
682724387
100006603305040
100000535590019
100000104517226
100000150379442
100000316286245
1027660917
1555110336
1045436886
642851189
1673347938
1541353367
100003236019216
100000302992830
1508360781
726141864
525618524
1004472145
1428050263
100000035401598
1673257052
1085334771
1421208534
1515881927
1470684719
1365427480
544613230
594952148
100006537884567
1418823491
629538028
1252393631
100003337268037
1328635002
100000226102285
100000268534230
692236054
743534437
1740164656
81404692
709290006
1506927915
550156522
100000281854359
1113833928
100003524584303
100000585931934
100003402070522
545705285
1842462962
100005520190707
501754872
582325706
1315898426
100000411515810
718246495
1505700280
100001108115306
22909682
100000136664076
100000173561587
100005030970261
1039891676
100001264285925
100000131744683
121506166
608163644
1372925323
100001499756845
1651695479
841364569
7800116
1333343682
24616107
1179327978
100002252235363
100001804723652
516084744
100002150465693
774835158
100001375484119
574771346
173448406027122
1660963050
100004155043279
100000013509499
100000197467187
1483461370
819805223
1020004025
1446085175
1420733529
100003307274452
100000510220742
1493274241
100001721001886
1346557349
100003239179519
1785131028
100000727203355
100002572531006
100007441596300
100000217474162
1069226352
100000009375385
100000574824283
1226224562
221137064631419
720185379
29606109
1360326652
100000586561420
100000107390390
100001499655932
89902285
100002610729351
535651426
1464532358
100001123121210
1473662586
100002211566783
641299469
709298276
100006315098197
1091052322
1582317116
1365454565
100000258630548
1783971758
607156270
1210683911
100001180565283
100003828278884
100000343201895
789110149
1320637238
2703964
1568073601
1801770601
1422469570
746076942
633748197
1208285004
100001145854999
551577360
1835444793
684506046
100000996677633
1301282093
1004621853
1148817545
100000223592354
100000193983677
1600623235
666483267
100000410410288
1608919142
100000341187173
100002716707275
1448421034
1783082027
1571151901
100003712201113
501210430
1286410579
600746267
100000761197816
100003687349387
100001526960749
538219589586478
629530231
504772496
66800730
171801638766
100005197536397
100002213826865
100003154667840
768294030
1475324455
100001614647187
1618991672
9110323
100000690525323
733677225
1850022337
1375060058
762354860
100004481520173
43399254806
1453847079
1537113595
1540651348
1361075971
1213107300
753655261
100003353211527
100002534642701
1092378193
100002326908031
1345597290
100000805255185
100000148475130
1494323454
100004299490906
1621800511
1174969267
100000057829434
1150135636
100000971230895
100000257363665
1258386375
100004010031064
1537096845
100001563843730
1027536527
100000175507914
823955104
121043
1140510165
100006754836465
626666688
100002370785675
788983034
100002479411944
100001331666558
1629420777
1799800929
100001230260158
390277597740056
100000552272592
48808626
177200407
1382400012
719255498
100003684002610
100001875973702
100000171466721
1784660134
100006716582736
100004142643981
100001951918930
662357200
100000355764092
71102281
1602832449
100000260867306
1023808923
100000669875682
100006792581561
1384823616
1352766993
1669607261
1194552079
100001271313426
650015633
1158341737
21048093341
1417153679
100003609151720
1478995085
1180545378
100001259205398
1070632983
817163011
100005991844757
100002515355883
49006110
1446283864
100000345360967
1645733445
15700877
9007688
1267297182
100000173114917
100000681403972
504184248
100002025623833
100003388573850
100000090775920
828685390
1041114967
1157805516
100006711811689
1466063377
1154227842
1289101045
1319522303
1466125842
1374316033
1242540929
100005852378359
100000477861710
1220329617
100001618124230
100000242407344
1408149787
100000950422051
510629675
1048560074
373711636085225
726294170717508
1193379079
100001245733208
1526133826
1692151054
1110275080
1294440171
766270339
100004870874187
1077737072
100004073920894
100007019550237
100004575305123
692904880
100000984219843
502286101
54300432
100000382941804
1140600943
100000723687893
1096135369
1136027009
1205634139
1388826925
1172411397
100005814630761
1046478885
745542039
55601115
1492359259
813883023
590785349
1077881284
100001496198173
1466684345
163561847005473
1548158352
100000694350499
1646603271
100000142732233
1475444025
1517262978
1421875427
100002572852181
100000475434370
100001959110872
100000468279264
100003687004000
578665248
100001941093690
1390582531163806
100000505035396
527414777
1324363630
1356491675
548006972
100005721394417
100002880042971
1304392816
100000595917851
539390683
1127862136
1561315809
1787697034
6834437
100001583005344
563470469
501739091
1453150168
100005609160739
100002055900599
100002222157126
640545694
100000967334306
100006299680196
214901266
1551411498
100002964804717
147479155284078
100004321595805
636185903
100002715991546
1260516536
100004322104075
141647095940521
100003406211229
100004833944020
500015129
100002580713105
1013139605
1642030102
1586545095
1829104906
100000850101437
1205064221
100002148573960
1712244135
1589442237
1505438342
200332313452813
1533332699
645401691
510655655
100004825063887
1494997198
1300464772
116501246
1668832605
100006164503857
100001871284096
100001565450678
100000193540740
100004422004261
515799573
1070981015
100002010747628
1692390194
1430739375
566406342
1045445647
1372420586
743435261
100000962051122
100002719011420
1533174759
1258674997
100002362006090
589989745
100005237886543
100002858936964
1661412491
100001374491476
1284459320
1427876748
1121116961
14818307
516169263
100003280249152
38407845
100004892709798
504975138
537567792
100000726756124
520187206
100003857320811
100000179446378
100000883182690
14833159
100006124991535
508484545
1425414973
100000082801738
712402300
100002948745632
1535782478
100001249132395
568843256
100001004496183
542903891
100000816546616
1739715264
1631978138
700699790
1618726211
1459252778
1126262282
405854406132476
694493413
100001099009475
760599091
617746900
1638793418
100004896516034
1793430969
100001317931401
100006557768372
100000189521851
582732669
1672136689
100003545815101
612787564
1256730406
507178020
1169575419
100006683354284
1116882442
1145580081
557706742
1839057398
1436536440
1051643353
100000172003110
701943580
100002488055020
100001137218578
1471734665
1126391923
1463378611
100002469248956
552378551
100000141860087
100005998084701
680112970
530704408
100006766303420
902315093
100000883371646
730810035
83601828
100000245239159
713302007
1637302288
1298559853
524865736
100000367509990
1025465567
500606745
40509397
100004093180474
753603052
1805517614
100005337279974
100005827747511
1035907265
1829342304
100002395748510
100001008353206
100006296700653
666258208
510487184
539363627
669040304
100005098656263
100003714434154
100001091484996
100000087072260
100001242845549
706394611
100001854417316
1281435637
100001242197430
506331136
100000872982450
100002855688208
100004411934266
1485234746
1231395420
100004990715845
527835845
1568970451
130471530331637
1060441726
100005627141396
1090057765
725340751
589958324
100001385763958
100002041888360
568838246
1167576189
100001700418447
100001102479349
1232705233
100006464738275
621385539
1156795378
100000001495853
1785500906
591140670
1035975410
29412377
100002726493100
510967193
1227882959
747211246
1062364052
63003221
100001913668031
1474347968
100000754343641
100001329447606
601482650
100004704253496
558822358
1379494983
1421753189
1508040559
707939964
1244035408
100001107878734
100003291383721
1405124218
100001429982994
100007342058416
1458285290
606058470
100000685142461
538941794
100000669162430
1057011370
1386017848
1680681782
1348314164
1160292349
808534775
1385756942
2357789
1844045733
26334494777
100002234539450
100005241663566
100001030966287
658659071
100000748796053
1650090012
100001652668630
1306234006
100004959660057
100000532999134
693060338
1359488728
100000197236538
509910481
731745527
100000547513801
602461021
100000500079296
595471775
1121320763
696128890
1061510480
100001517003375
557703508
100005992471982
665908095
657384203
536940022
658953822
100002405908860
1158567680
100000902445237
100001282893272
100000474037918
100000402787005
556283198
1118164632
714091991
1494230334
1667543819
1498633861
119517140015
1162912624
612466182
100000187607842
614780131
100005493602807
100003932954815
100005247247167
506015235
100000137981789
22903730
655198661
1116986690
505888486
100002149273498
5120531
100006745111502
1397329527
100003000395093
100001000099837
683284967
1695035943
100006436155611
100000204729360
176944672399927
1002546419
529413397
1248270309
129118733823064
1430096576
100001587560846
842279624
100000547241349
100001092942478
100001354385401
1316917949
507050646
1168667831
1115102432
1077428811
1247556364
754333268
504441209
667675941
100001475260384
1232031758
1448702516
100001678470625
704079448
100000471332822
508416937
1183494649
1428366032
1143764505
1571423669
1443625556
100002993768928
100000257787916
100003222324812
593705432
100001515165258
23904434
560406167
100000363495321
100002736894531
100000906621678
100000340214831
1177264346
694619181
100001637652455
1520883454
100003127730301
783951097
1165360308
100000425821719
1222522432
742003607
100001179878703
1723677935
100001515780849
100004082421335
1628730180
100000621859302
1243861130
100000503356839
100001716683490
100001752532588
100000084654944
1561386424
100000080478078
1306924163
1066838261
1587492625
100000407181865
100005660711513
100002719195611
1048241976
629851827
502888908
100001207992680
659295003
1290478735
686862576
100003680517406
100000813252990
119900034
1493400566
100000612462410
100000099287435
100003388642410
1809283882
100001448552600
1340648458
1426032196
1492551827
100002350743014
100000617203755
1088346155
100001025621735
1126083055
1196695864
728601682
100003963633200
1788334340
1108106889
707685550
100002453176524
15107802
1164200007
602664426
100000647586500
1469720295
598630874
1168225840
100006051127153
20300186
1329137796
100003173163685
100002327088809
100000035520832
100000183874234
1675922719
100001034200129
1317064129
100000471737275
15605580
1425052194
100000989028704
100000647275430
1780776525
1826761870
1375012134
1372800154
100004994704290
1622536209
1523014686
1241427680
100000315596334
776899927
100000505757902
352742641443001
100001684267882
819980386
766143767
1222196546
1788957556
1508646315
100000130898525
1787025884
560219835
605463801
100000328075250
1057353188
1621481447
100000033201474
100002656722024
100001772829017
1477783978
100000357157704
146501346
100000540419252
850810182
1821746614
100000260729275
100003915020580
100005682930095
100003769920951
648810893
100004085201971
100000832941461
1112661671
102530136461020
559666313
1210284694
1309268456
100000413978869
598667879
100001287870797
100000408554256
595979668
1047655023
762811196
1698148479
100003867466510
100002152865112
100001480411801
100006904684849
648723080
100005103824075
1683428738
1349966496
1813914244
100004908122606
679814197
100001949469993
1501314009
100003483452825
100002432999263
100000028084931
1628691405
659387938
100000988396890
100005447922442
100000288823892
100001302536110
100000141006332
1201005892
76800873
100004682616273
1479312671
18401757
1600565431
1554541206
100000258516935
100006196563390
1316282675
1726670744
100001015667725
1663554590
100001665563116
1028835083
100002300388605
1309721409
100001063584024
100004944398908
100000038459428
330830597042352
1482591622
718519393
100001257591374
560414018
66001005
777284565
100004138205663
1275896009
1290353922
1438906856
100002520888615
47205865
100002909811125
1557055641
100002609257418
100000512994066
100000515725723
100006452671670
100006491798572
100000380491248
1042414088
657900316
781566061
100000567656272
619679662
100002237261366
100001175737673
646710513
618519046
1523488389
100002041291058
1381138748
535841838
1797654422
100000275499968
100000984919355
100003834903987
100000012766374
1277680643
100002563899059
100000959865158
1743761944
1578153124
100006200553818
100000280095348
1426964720
100001987674659
1431934888
564955569
100000088470950
1220125188
1598820481
889110197
100000734231712
100000793184203
100000412033112
503064546
752936257
100004728245495
1367200646
341034462631202
1636668715
100002073289287
100005692987695
1369375418
1532350618
1475367344
682371461
653709808
778055547
100001473534738
1453727165
1656207569
1100142292
1712665128
659570014
556345499
100000236183950
1181587295
1193331971
650688881
714851666
100001924403356
1230850183
100000113425310
1436678809
100006698856744
100000431722622
100000713492058
1365396466
100000281950557
704511263
100003148351409
100007350242514
12433511
1391088551
768250460
100000487159367
792141809
501727856
25715905
100000858726689
100001189858862
100006708036989
1354722403
100002604328131
1449884526
100004412642843
1100551219
100005763881292
100000203323984
548085545
788445313
33012141
1614663328
100000089393861
100001707067325
571857344
747480161
1540730435
100005395747408
100000336555288
100001448737547
1566516881
1310601413
100708583349547
1430079882
1467080407
100001613292855
1615570635
100000681721792
738095843
100000093494750
520669898
100000509790619
100004200699155
19510721
100001890721847
100002851398647
1296319814
569735568
100001649299395
1014717104
1016975852
100000751682100
1573399930
100003160837130
1342241946
1078146381
100007368610218
100000631203352
1301961102
100000534648690
100002189843441
1626725447
100000529423013
100000503643559
1347987584
1102287758
519566224
690474004
100002522677884
780607374
100006181092285
1469964257
100001876720228
1263991258
1355705055
653150866
520952512
540155258
759894883
100000694207408
100001501006364
1491623568
1142062724
100003789434057
1705857090
1072505583
1036380345
604888140
100001289416962
1044452961
100003060207430
74903227
23302434
1013194734
1411906698
100002657554752
100001142665835
100006395012099
1516095401
100000485450649
512188610
651425348
755784311
122704168
9301732
1435490584
1187071013
579106502
100001082644938
9007620
1173709764
312370615529559
1663577110
1110884256
1015146990
1187494286
100003530833459
632844747
100000788221928
1197946946
507618555
730503782
1639181954
697323911
1245142000
100000238287396
160656007327780
1791741859
100000656792531
644106711
100003095023497
1737641424
3406637
100001181155754
100003946250318
600404257
1378252732
100005578238337
1572128466
100000187118582
1515161937
1553037288
100000054047492
1102242194
100001009026294
776013145
746102638
1357481646
433036940152450
1078659133
100000457446008
100004357050835
630188875
18204264
1565681729
1110265164
100005577150475
1010168324
688565419
1552298540
100004091581542
100005727913783
100000553688818
1429368572
1144148608
1358215935
100002132483079
838667144
1104608374
100000105054733
501745267
100001297222565
679413757
100005044056137
1193403438
100003740208469
100000185206202
100000225015822
100000262512341
1012625448
100002681243580
1560310275
1663882458
1654747790
636833456
500662004
100001474316116
100003318372348
1508739280
100000159133464
1262363675
729921613
1762615463
100000121534646
100003216852975
100000400521614
1313306356
1427430894
1018210229
1754689028
1169079750
22004324
1511522123
1269523972
1599816670
1284216498
1502335652
515331096
1836708716
1283132743
100003184911871
1592352436
100000751129618
1025326112
100004058985003
100000198302948
606278353
1283832408
100002636959254
1288354291
1350091197
578674819
1562335158
701140841
668772201
903215219
625145976
762817494
100000618624858
1400583241
1538422800
715077434
100004033532372
100000650133679
100003683937787
1076480301
100001382208503
100000033858142
100000075967095
1545260212
100000210519240
1131910908
100000926541128
100000006124321
1560920440
1021066835
46711411
100000544805682
100000059946696
1300115856
629741544
100003329987625
100001468452035
1383145513
1647952444
1468227383
1165792777
1608991689
1256372624
683912654
768879497
1259601876
100001580313782
1309281260
100001537057826
542300417
1703338169
100001645966563
100002550803804
100004597416958
1667664474
1311478143
1221917445
659120184
100000449762483
100000416364466
100001287200118
100001742406299
690544211
1268019781
1371934523
100001032648921
15206235
100000724257116
1390142226
1592466236
1017860211
100007017552720
101600102
100003475456551
547799261
100001532967842
100000142451544
100000006048018
100000000645443
100002332335685
1655572075
1514050276
100000724811497
100005907881211
100001109499575
100001379978165
1237343879
100001885165548
36407161
1106987420
1355984691
1676602725
100007483653977
1137050898
510932458
100001790329445
100000054594953
566677369
100002313462260
100004665304583
100002989735675
601435200
608090482
100002239861240
1404143145
100001278676715
789909684
605469144
116581728426358
100003280980481
1356296419
100002439424790
1197270846
1278153619
1512080726
100000558634076
100000004888720
196602624
1332190552
1431932518
621070632
1239232808
1491262783
1430914855
1524829882
100000395886373
1178334349
44401055
100006178323223
731116323
678827606
100000106790550
100000044543189
100000474904488
560956315
1247724327
563825128
764779314
1479200312
513390121
1266189152
100001565264120
116732258516364
100006208752226
100000601760586
100000597083899
502923753
505984173
100003963533733
1424371243
1747886149
100001132119757
1069528350
1123534275
44601978
1673696738
100000223192351
100006231180595
1146151190
100004212004909
100000282600611
583144571
519644009
1080947877
829775359
18203338
12934156
100006290234233
1195322322
1382236475
100002808710955
592183768
570237532
1169825393
689169557
1449083758649265
627111221
770368089
100003320225300
100000463307804
1544130397
1404289992
100000358369184
770810483
100003231234282
592483214160543
661485934
100004734821277
100006145866158
100004312206555
1383136042
100006106238065
100000003921143
1000839463
1165782253
787975509
331744350236876
100002978313224
1327181884
100001116163180
100002919188363
100000977776564
100000759233592
100003246361674
100003439106145
1512552626
674372378
100001060003256
609153694
1376892721
1452997779
613890938
100001386233828
1564040213
100002004719101
100000268243217
100000485995581
754275581
1200302
770450323
604188266
654921101
1392095802
100003581315754
703660029
100001754434222
1473352596
1214832916
100000432187793
100006759637393
100000876970868
1185871312
1564023588
1119254951
100001248487188
597398899
1384577228
611535062
106400385
1684727687
1095815910
694230412
100005333443087
100003038510279
508410430
756489332
1825567
758661513
100000411772794
1662920569
100000636268244
1206817340
60800540
1103096644
100003502637682
146800656
1442140782
100000871685821
100000357956592
1645219229
100000568669066
100003789482776
1371785629
100000582731084
1552637552
1757137862
781548794
100002511046800
620738782
1527396879
100000678090578
1182450297
100000000414620
100003533287662
100001558085622
1477440087
509861131
100000176503660
732154800
100004177142031
1308271357
589333667
1510110994
100000954734059
1100842069
133200347
1468237782
1174282150
1241817886
100000547612655
100002820983010
100001639624938
1174594549
578434513
707779033
1690789785
1495357003
100000225018036
100000223747632
100003966833843
100000709770840
100002312008831
518522546
1070735790
621949216
100000317583187
1398375088
541807159
100002549436013
640884719
1399681965
100001250618295
100004623130636
100000488836359
100000234238037
608797752
706394445
100000123681443
728974615
1484627654
1575162855
167800866583898
57102625
12917107
1343372763
1614871101
100002167512451
523566690
1054023377
671791017
100006929322492
10053917
500224453
100001132666526
1032996228
1432230646
100002390972510
1756939763
507537603
550660188
681169838
1753976095
100001041803578
676390362
683828787
703922367
1119235954
1719463661
100005344413146
100001577205912
100000248961716
1211261729
141000024
100003215510374
1050753373
1569360505
1111731310
741577043
100000187493870
1628005610
600050483
100000172355448
32306023
100000733653086
100000875183116
584932372
1456575718
100000352981983
516604614
905570172
1399511339
100002994277637
1308331871
668059230
1359994665
100001368396469
802569756
1461717061
646767773
1432713037
503517847
1041891479
1016634034
1275591201
597811864
692060424
100000074242228
100000198485588
100000886504145
100001899929251
508362529
822464043
1058366867
100003829311078
59501289
36505204
100003659511372
1342223566
1395155111
100006022714279
1598220171
100000801612329
1157806495
100001778172886
1517036465
100000494394777
768124358
505049365
1581463100
100000218765759
1399614923
100000418782630
100000279169015
100000934895303
700232595
100001349956777
616557412
100005628002105
100005507254398
100002608023617
716478003
100001537910990
1818156700
652818644
27307856
100001247918323
868470018
100000262834129
693241420
651780261
1787487661
1034460030
100001689249895
100000210300273
1564683556
100000280041596
100000505551501
1460010032
1773385604
100000504475738
1328628099
1490502109
1357646370
532933013
1257450931
1577539744
100000784291602
100000958660796
1462890276
100003234185766
1210695112
621860724
606429040
1206618752
1058654658
100003547698880
601659936
1207363444
100006424655232
651087364
562975578
1420820606
1326333716
1322826288
100002036874485
566017157
100000340753770
100002310716403
1045343792
1532834272
759358674
100001094463287
1634594048
1188858594
100000881403785
100005141800309
100000648561090
100005199310733
791470039
182754565078644
1488912453
1318832396
693530685
1130620832
100000053380973
1193389507
584292628
697652761
827733694
706414306
1203240832
1198041296
1750286617
1334354199
100004447110458
502475826
1071550768
1160543390
100005050950348
100000977330913
100003568478113
100002647158025
100003259838815
677202929
1238380339
100000982125536
1636777197
100000629951053
1238020839
653538311
1723010971
18205688
100002197818253
100000856940797
1148289456
100003717654667
612356762
100000522638587
27902707
100000337723070
100005295159397
100001430972854
1317284809
100000972255569
100000034696478
563012963
1789556521
1244970228
1425678772
1596889075
136900603
17905864
100000402456263
1091504907
100000528644310
100006688062204
1408186068
507226903
1557361158
546988836
100000298050972
100001607543570
100001661962047
100005831555725
1395746533976271
15800845
661905643
778470326
100003776342153
662736553
100005062993679
100001043442225
100005195012424
575519699
184702601
68137862
100002416353596
100000432373617
571528761
1566211543
1460677553
1451526520
100003939394703
100001105531132
565493336
548874814
100001889357934
100001466907188
100000141859667
1257101995
5619944
697231544
100000184549647
637071398
1463072380
100000523986335
100005161026566
773190998
1262052372
100000870702957
697238390
100000221281282
683305592
100006735998668
1499003403
1076486981
836439123
8832177
1001526637
100000141105240
100000561052533
1557966290
825880433
100001293680381
100001911523167
523235054
100002922296218
100001316915882
706332943
649330663
625515065
565240729
511298221
1065437320
100000500511565
100001237517479
100001332042640
59002420
100006348908109
697500031
100000525881680
1661713427
100000467451088
22904062
1634850056
100000843778270
157211274486435
100001363523981
8910152
100003094741505
100002001815798
719664552
1118310974
541587546
1038488818
550111891
1581684388
1085871002
1002725598
715670005
675231912
1836381436
1662789411
100000886777663
100007108027480
1080099909
684663337
100000948196920
1061925508
100001432748839
1164912718
1634663621
1426176021
736294147
701597634
1312461582
519084682
1518291602
1691447981
614079202
1301971249
563274517
100000126563183
100002032704228
100000999780490
536766766
1748311567
1046970952
100001686061041
1647662682
521625656
100000094186794
1103274559
598128756
1311275872
100000955485728
1194412220
1836592755
754925117
100001377783723
100004788452435
33703738
1403018248
801358017
1116288960
100004092249854
778682902
1116615166
100000579015869
100000035079877
712576787
1422182015
835822178
1436066126
100002320923099
100001057519062
100002100926263
100000705235550
100000826602220
100007451829524
100003529160967
1192096806
100005182417348
1648220772
100000387317251
1220792687
553468530
100004937767329
1679576084
100005084048947
649962192
1587003399
100003973922422
660603803
100005439610763
100005878500069
100000002435238
1047146945
637733802
698722608
100001245845651
1639226897
681726232
1537551919
100000149669442
1115587372
737551940
100001892837767
100001581378627
100000170207784
206500074
100007488092552
100004645802986
665425336
613283043
100005832785451
100005348102410
1533060007
807659
100000615811167
1347087267
827082339
205931469452178
100000252199983
1838054867
100006197591813
1906749
100003194805527
100000289452457
501913160
135683129838854
1174408298
1347986849
16310362
100000910285823
538760024
700427010
100001286835720
100000397862088
1374057467
100007087744367
1053868885
646627623
100005888826931
1033345143
100004723122346
1654658997
100006780067938
1329168398
1244730174
100000162557789
100000571292693
100003376814213
503377275
100000941232829
100006847304041
100006194105138
579293291
1068116827
100000849535697
141304408
100004464931570
100000523486371
257895581007860
678664641
1549710694
1399162751
100002231799030
1452074117
1083159826
100000512331159
100004799108045
1366573469
100001729039168
696787270
1047923423
100001679256413
101400757
1528248100
1076250284
100000624542978
100004373014774
753081616
416855365032257
1512514865
100006742711883
1183023634
1074024981
100000034920212
100000737138909
213602998
894420550
100003627443700
100000091086143
650336835
678637215
1132876751
617103609
1089332516
100000142601746
100001369437100
100000129123984
100002507905937
1171433726
100002110094496
100000145728444
100000416389750
100000070480871
1107212693
1203761121
739148092
511149640
1126987404
100004248034813
1313650763
1310451119
545150132
1064468424
575173908
100001749703203
100000437995749
1098204218
1659078065
542037461
1089956691
609975202
628994795
316363051831510
153677814809273
594712549
100000843437608
1809221706
1325796417
100000678368547
100005572687859
1189907822
228067604034386
636850867
100006700059785
1534818482
100002530403989
592427771
1505872780
100002226856399
1185879813
73402924
100003770780659
100000228332435
1069094705
686185400
100001712060143
1505852436
1117671141
627106066
1629270870
721149455
1579971353
1216192185
1057008676
100006067751260
638355420
1405719673
100003785185107
100000195789010
1131949918
100000432141041
100002603973086
1839210675
16733016
100000601487814
100000619483347
1037173569
542065851
100000202764168
505461806
1025222087
1390385785
100001045779154
100004209636144
676633624
1558055403
1546160659
100002410044477
1554035746
668466597
1421052181
100006502925643
100004043647551
100000167784252
1608412751
100000539652249
100000257685149
100000186241673
1427022038
1490169268
100005348944123
1152594111
100003179244669
100000065013039
1261189990
100001986799729
1371095686
1178156371
1476575370
501166496
634245485
1247973907
1667486549
1164595603
100001997423688
1613816749
100004664798052
594600959
1273088975
1216065571
1226528845
100000657606101
100001102762506
580682128
1419512416
1058736658
100000242572395
1511772774
1457701430
100000581175477
1786024860
1339339632
100002496003599
100006026320696
1205157013
100000216567877
100000846728191
100001121991013
1391101919
2005131
1125390074
660306420
523477645
1043506482
100000970246017
1639916486
869470297
724080843
1825368371
1850616661
100003934300975
1622551016
100006063038554
501188992
100005463420324
642745568
644979323
100000064751329
1600073232
100000896876835
1458832804
1205000280
100002749929863
100001667048108
812295129
100000501942747
688262567
100002365786125
1421764723
100001597411209
1246277216
1303023630
100001280716382
100001475613782
569941559
100003586582061
1514884508
101725576582651
100002448876590
100006397631874
100004389457507
704655973
100004097137710
48603002
100001704880145
1560831855
100000193537442
100006400574408
1662810341
100004371692226
1403864793
761045624
100003653864831
1646268588
100000943253384
503199900
100000462064782
693585156
505256794
1641702905
1437918402
1004180494
100000571533949
100000739223195
1199964106
1144263918
1136907142
100001843758737
100003519670553
100001215721799
100000043824500
100001989147387
1584935130
1111740023
24202999
100001110175044
100002380827240
1382978094
706803391
593945391
100000378841739
100006261822661
643002304
1718160843
100001189611467
545870858
1684883011
100000053218106
1487392681
100004092766003
646165556
1150391382
615686564
1458586428
100001236388596
676025883
100002863494307
100004411634563
1210256070
100002504376468
15306247
1215408687
793174477
100000092503600
1422019020
100000215734235
100000197205171
1176432591
1421492906
1686113450
100002299852681
100000383713067
1301014018
138146642877356
1399382875
1387043089
100000465787599
100000081475010
100000614896450
678169439
512789568
100001619352327
107228216003332
16922091
100002520708811
1509771167
100001713419099
100000503614620
1031129736
1067125587
100001308987101
100000708007517
1429834169
100003885808769
766626596
100000252422737
631939691
1541871462
1086582134
121285247919822
100000144113615
100001852253786
100000736782629
100004671339585
100000375337993
716320669
1313192023
1384877801
100000716622966
1012563387
100000536832852
100000298221463
100000054596006
531194686
100000629886873
1410785732
100002710493975
3232006
112649042110274
1225530792
600930191
100002896609847
6222644
1236300006
543546277
1279437037
7963653
582287687
100001327497143
628110912
100000122790513
1661293277
100004667590337
731496755
100000993404971
1049105841
620453155
1339230336
1357521799
1453604614
1614635896
194304275
100000360465670
1141854511
100000514947818
100000627598179
10403526
521195691
100003310071660
1279787886
100001723380437
100000701145052
17911165812
553151802
100000563683643
1215536221
1010591615
502588838
100000567735820
684335456
100000151027279
1447039974
1607583618
100003747266084
1120914240
1273971334
100001051574034
851045573
1844820020
1070749731
1301361049
100001002891698
1393012624
1581694683
1380276416
19710844
588982777
1493439818
100003130282601
1395802419
21706156
1422459030
1283807560
8806612
663640301
1309115753
1172405539
100000257161412
529081795
1466945010
100002611261348
1490433539
100000613676720
544913032
100000398144832
100000616173797
1370325169
128249847206220
683150037
1238463543
100000894538300
100004847762396
512618397
100000396445878
100000165347742
204000086419008
100004285151818
760847534
1033227298
23443652
593747476
1071917844
587336606
546514122
16923552
1073025977
2514781
548672927
1506142278
551918742
100005871220033
100003771827016
1551742257
1201467170
650838221
1418622907
506335254
100000025017266
1468332220
100002112706529
100000907833302
1158060610
1003832297
565926687
1332249916
100001012539293
100001158033672
1213037967
1666351970
100001136765101
100000031707242
1269518837
100002976228993
100000749633091
1691063086
795960314
1389478182
100000082289152
602735087
1260510894
505323364
100004201631778
1138124932
100000214045947
100000107556946
100000680338010
1425575484
238699439523841
100000200363905
100001348118820
44800474
1159010162
1106541260
1371092183
100002448041643
100000308763174
100000034653946
1388673483
100001716594832
1481933719
100000364273554
1749681732
502180868
639231179
587524841
1218587187
1309813602
538478803
1673446516
1615171272
100002077690332
100000286770558
187877587517
243539459104165
1549447524
100000004666731
100007028944362
100000021911011
1329027405
621816029
1078056696
668463002
100000297156473
100001277978342
100000023112323
1514460405
676994694
1161513847
617145271
100002733905833
1307646322
100003867458238
100004122362876
726605411
596765470
1027720284
100000274549657
100001012534026
70942945647
620241888
100003253598108
55703075
100001845771189
100003377496878
702889386
1440203049
1035320595
770271099
100006243851995
100003108701039
100000141997608
514475232
100000428431804
649853603
100000917210468
1019853476
1686851381
1444443058
619479668
100003145986191
1363040923
1711638815
20702454
100003003663312
100000433687555
619135261
100000077036027
100001966286761
100000766401489
12301662
523537158
1185798845
100003127612746
100000784845718
1346922239
652325218
1310942866
100002445344955
100000488401590
100004866939056
1339414157
100005131093438
100002867051315
1808826663
30109106
1285548741
100000578482576
1073694499
12309781
774636491
1222907764
594028981
100000161833690
610217289
1304465201
1593823118
628549090
100007486118891
716640541
100000657747341
100003443185409
40510931
100001456896467
1060997317
1062086007
738465738
100001828522793
1568110501
577240535
100002867643996
100000195327790
100000617135692
1328611207
1481169162
100000359586425
100000719973581
100000126008528
100005574723982
100004055874006
100000855726049
60004615820
1490019257
100001652617211
624792493
126628465149
1478715905
501139586
1136396529
100001007949564
100000326063718
1499556439
100000616652579
100001724360425
100000457942559
1224831590
100001195797376
1356382417
33803277
1080781015
1460564023
100000085789788
597257723
100005359182725
108936312475079
100001566444086
100001611819362
80505883
1607666880
100002838764550
1031483342
182145908475648
19702493
1023187060
603359028
1028633460
100000143673774
1132237190
100000225673893
100004088720588
100004116759909
681674663
100002006481159
66803679
1556971327
100004902907351
1021604623
714433503
1685940871
1163636822
596361070
1413701028
100001919170691
1146363567
735024915
100004604945743
100001507337457
740752671
100001479013331
100000658175379
599652966
507873950
100000252969319
1251427684
1446406471
1445259919
100000243732211
100000132986889
100003240725850
1616271568
679980214
1034752195
651206552
1052085527
667440719
100000343211799
1797748555
1127555827
100000470312804
100002220805834
1848450738
1196368074
711636418
100000037946283
178137139046279
1615323411
100005164800005
226972727448427
1255277260
722595103
1553115710
100005248447325
100000670712413
1363102276
1701146549
100001580968895
100000452072417
100000155393784
1232843265
100000046016907
601375920
682705091
641255485
661459604
100001098699246
100000505003206
1491368956
1356951100
100003951213216
100005797690309
1415774243
100004161485993
55711091
1152516597
508212915
775399142
100003202381259
813410724
556057773
100000330985117
519655335
1028334191
100006341641044
675495103
1379040021
100005744643579
1553826153
1132006136
1218017763
1161102675
100006505425802
100004099508712
1604655488
1125967902
1518616398
1381260034
100000820326141
100002264680073
100002268427945
1289578191
621463392
100000387773437
1821271106
45609247
1346920342
884755042
100000124008710
100004396813442
100004455103028
100002181329046
100003385204625
100002068977418
1383765634
100006496934126
588962319
1285500554
587518474
1121247746
1194068317
3002195
100006829270926
1113006945
515927058
353984507980215
1714408134
100003573553402
100007079912309
844090623
1197164041
1393004981
1253830041
712762385
100000905992780
100006332264469
1433139602
1252465310
851485471
100005101930826
27049779512
100001464252748
100005965450996
1420202032
1727641754
1161360058
1435873995
1717313177
1259320221
505539656
100006576425787
1379889819
100000517543191
1107114768
699565140
100000473974131
1129082920
100001434553050
555249286
100002120932086
35405983
746732296
62900324
1009796608
1353113273
1295081009
100001876956637
100000235725034
1704120022
1409857875
1331742471
647414847
1242510035
100000131850686
100000655673311
100007348260292
1422813315
100000736312705
706583
1195961681
619882804
572193694
100000958662675
100001491199481
1061524932
100001250109577
877910172
100002168979275
769049752
30511622
1135081348
1605507284
100005538250935
100007289430038
1041511632
510975537
731531923
1246590920
100000172484402
599721975
537807110
100000871496120
1004806663
2019361
100002564580492
100002660964028
1001828170
558056575
100000616574490
1198480814
100000065480754
24706852
1198973504
1269906629
100003090142870
100000744951752
100001115687087
639306485
1450940029
100000228641274
100007570862015
100005823214843
630077487
502230562
100000919896459
1058841343
1489304091
100003266820177
100003046562058
1656799186
1456934347
100001517971254
100000977011692
1221607529
100001866162441
100000307703165
1799605407
1351352122
723170157
1385200064
600490214
598870575
100002259032918
100000015109980
1513039206
116557825065601
1018907282
504359405
662953200
1271910171
1530180499
1146081942
515915823
100003228452967
100002130263084
1547193984
100006508968689
1190588508
540070231
1169141067
100001431086431
100000991758116
723876660
1784855161
100006327700744
1325141425
100000142793344
1360770955
1638060082
78000575
1506240462
609831675
100001921423853
100000464526317
1603625122
100005060649606
564311264
100005857183042
100005001277281
100005609564019
1270084018
100000501692845
1477407291
687471481
1003702447
1108461147
100000088509732
521314747
100000462428645
1154358300
727875791
100001253657306
563909211
1766546913
1011275216
1094874332
1235378861
1486369688255352
100006460944287
691309760
1144170011
100000334318021
100003344700582
100000510382779
681884386
1429429174
1370205203
588952883
100001234323695
1820157399
100000546046621
611030315
175282475857100
100003844408793
100005541516771
1358866656
100000170004203
100004791814594
100001314556454
1830950744
1236557669
100003088325846
534229507
1002576772
100001427545616
100006855812881
1383999683
100003176496426
100001085684518
100000499433897
1195997942
798089965
100001239889359
718584251
629620787
100003778042342
100003407218469
100002168622625
151711528209543
1094785729
635817374
1347153300
36619117
1586976627
100002170965743
1596136435
100000088223997
100003557310009
755480586
100000124511314
100001395898187
1218612309
43302916
1343786460
100004439137730
100000323717357
100000160793857
100005885765239
1540144652
100000473677170
1273734938
100000008213774
100000085436129
1301583917
100000731606844
616960243
1503263176
1401939844
842828749
583228032
579212957
1365819525
100005842861324
100006532539802
1470816200
728508319
100001490262011
1687084417
10104712
1593125659
1556719913
100002283682583
768645553
100005910821503
1805406779
699121171
431032200244392
100000839904000
732318442
100004896693575
100003372159493
1841423556
532680324
100000596476043
1156695242
100000477526306
676688138
100001109463328
1583656394
100005703308593
749763040
667259749
100001163296969
1664166164
1362883209
1035553214
100006296376571
632347423
733927300
1069977058
100000898748705
16908153
1111539096
590574611
589931717
1732216075
1259548704
100002502488784
1347343487
1117852840
1090526439
100001305456328
100000457847558
767675028
100006634504691
1144140125
100004723921586
1169910864
100001048419869
100001069381984
799587995
100001429906558
1156247380
100002090735821
800310703
1661447437
1630825737
100002244902487
1403252120
722018646
723987046
100000096988401
100001041884641
100001168539130
100000019992064
533733832
635282313
100000196161897
711581959
100002086561843
525378926
100005667608613
100002113750051
731958601
1358520657
1512426235
100000718920673
100000132956592
100000305975025
1816926278
509435839
65500464
100001117036755
1419314141
100002513981833
406261352778680
1618923785
1450920793
100003977078640
507688463
805152788
1147783759
100000386907994
15621109
668927335
1426065562
18717514
751911951
100000846673278
100000199245567
542028643
100000396231705
100002249739180
564518997
100005740778114
100001899301135
100003042007010
493527394017704
336131196413270
60504866
548028947
100001588908370
1439226721
100000701107641
1167878098
100000671881028
100002058506524
1050161875
133986639999530
1152424590
100000709329662
1002969692
1393093249
1365918940
1203234028
100000488749642
1780895906
100000725683123
135362039945524
100004027248963
100002473109017
100001487431187
80501545
100002121730619
506287112
100002223685632
1288531248
1052703076
100003065442419
100006744673619
1563141074
100000221425403
729002784
100005461263764
622880704
100000050005592
637379708
602619830
1266944290
100001911593847
399027410166746
1499687418
179520528737957
100000068501393
100000630615249
100007064289314
614499293
1068559315
1732323525
100003941229465
1211983058
1136731534
100002466651397
100000660828325
100000457835379
100005819169268
1595370804
100000014483092
1678653329
1795836589
1225402530
1697550351
911378
1252354037
2417010
573130795
1626693236
100000519361068
667371630
634709292
100001381981332
1227188275
1645547079
100000603714158
23000338
100000563066603
719768386
1685485719
100002882465211
1100423995
100000403628515
573782475
100003109513352
1096521189
1137774441
1188073424
100000295342365
525431800827614
1043820005
100001417042599
1472935065
1452103416
49600543
100000451553017
1726517288
1757606727
1101225591
100000574430160
1361644474
721256251
100004208199778
31004593
1784211857
791607137
100004503609688
1037405364
100006394003182
100000537872486
231001003698258
1499447233
64300374
1431413659
100000535427318
1453565020
100005402520596
687417054
100000317067318
636974253
1534913815
1560034635
1020416109
100000492511490
1759664540
1302445132
100000116698261
588213801
508764451
719943312
500284553
547305231
847540601
2226447
610040979
550011626
100000679197272
100000231339719
100006401923714
31207269
505554205
1001010138
242327565886085
100002200655683
1355811688
1298343513
100002934603009
100000246005732
100007315451491
100002428103830
100001359338498
724335869
1133584972
1499606399
1584712266
713845159
578439488890936
660208047
1253755571
1101210847
1150400323
536337903
100002439823989
100007579213613
535661593
100001008197382
100003994736314
100000180207495
1210936025
618250811
100001228818812
100004951389951
616930055
1655257889
1613372245
1094198547
100002499016452
1243397581
100000439692698
100004229528910
595448171
100004469526967
100003871840575
100002576406610
1321444559
1443813058
1615087852
100001135153557
1451221419
100000570625281
100006476918688
1436202873
614006803
1363576588
619882844
100000775732157
1522561780
100000683456438
100003068578090
658508642
100002186085983
100000840571899
1045038388
1024365266
100001473439325
100000777648562
502910189
100001520580343
1585204814
100004176630119
100002204956888
1230450268
100000546916700
1300554713
100002494561421
1074561266
1656182950
760299811
1586441387
100001542164284
1313172192
100000213023583
100001708198103
1337574073
100000866701496
816218910
100003969055984
1817739252
1329780704
100000953113645
100002304582959
100003542376918
100000283684421
1390605696
1554619993
783045435
1584008604
100001993561100
1487576769
1216160770
1603951987
1106977992
100000481718630
158400243
1649510408
642525601
9333339
100000020248733
684766957
710124697
100003903949770
1203600572
808873846
645115050
1015851056
707548509
699641133
1642339126
100002936790183
100004768627601
1027806418
514779029
1578527709
1246096350
1390151592
1620786601
100006697512796
1333504814
1542073117
632709694
1379970002
1170048199
1253155267
100002597066991
100002647441532
1554486922
100000884533381
1016419075
1444369015
661943520
100006942490394
100000175840633
1129423569
100000561534073
1425284552
1258041000
1108440011
100002195838807
100000147309445
1624897932
1482005745
1448514469
1324181111
114882285268342
100000234952797
1141836317
1560605072
1794316163
642160136
33308684
619133121
1264450786
100004005597846
1354773829
747688761
1397985611
32804905
100001282548573
1498761763
1102432616
1683697391
727376956
1532883606
100005118121938
1409333292
1053765314
100000865970087
100002048161034
100006201483741
769939999
100002819389030
1644098760
100000545262941
100000429918911
719181974
1072937279
100000994593440
1315185870
6505015
644035818
820250
640528370
100004601344914
1597470145
1159792358
806105547
100000881764639
100003476185839
1705408498
100004413190900
1740478156
1202340008
6810507
537546065
706758527
1390631024
1142016406
100000052235715
100002767477436
151995851512066
1056226829
100005060405585
100000803478450
1546746573
1257287355
1289746910
100000492642554
132500202
520891847
1530692758
100002599099833
1422068889
72404956
100004916706895
1064810571
100001292315263
1385162432
100001532728251
100001384208621
542748866
1532164329
504713849
1359431523
100000253015549
701842732
507826074
100007127557868
15921369
1049373382
100000782717989
597165689
508663985
100005733463293
776914628
100002071288393
100000696680492
100000093383826
1245071065
1078807580
1550247940
1585070000
100000488792192
540657937
1155158499
617313357
699981536
100000630582817
100006133452121
1764469804
164450843708540
100000551736899
1383030820
100003671047592
100000289461832
100005546440743
512006887
648685284
746372168
1302623772
613696901
1215964229
803130223
555187990
554241556
616131198
506999060
1303776110
1505631454
1410603782
572617909
1834351017
38502308
100003830875738
100001836292741
1182163497
100001778470227
100001043471016
100005182573953
100005595430627
100003557693871
100004465475928
1828320570
1215594720
830727795
100003307203665
100007182905614
717942743
655452359
100000389340401
744353741
1088773377
1209613290
685734455
670102194
100000302531286
1313450444
31114810
1284558807
819301841
100005169583375
100002086177795
100001335044226
100001432661014
780711176
1076676815
100002316555135
1456190906
100000931515691
653507976
100002613315809
100004416184138
1034477275
100004220799616
100001390154487
100002115154213
1270745890
1326401034
1191758119
1005681731
100000647962927
1602554319
1040620331
1021655710
1448929072
1303083312
510658383
1412770874
100002351409970
100001407973444
750785002
1407382652
1208746131
100004021200940
1156233843
100000409067433
100003049001720
1482876954
703042472
100000449394254
100006611262386
100000708156834
100000717459672
606382151
100002987079860
1652808664
100004203464428
1645490587
100000063355194
100003934406709
1154426630
656116795
1225583932
1041585477
1154569758
1110244868
100000016342884
100005735910553
1057434414
100003693427796
100000146761063
1023410168
100003695260369
1030602475
677740706
100007652108092
624744384
1389251614
1009368771
100000668281045
353030440227
137186446333914
1838416884
1266803802
1553685277
1665262676
100003001407947
100000226040406
100005908745294
1691517578
100002066521382
100001434723678
1219063402
529804570
1465628154
559889093
1461664437
786285768
1282412242
100001253701581
205303155
100002317420217
731190713
100002179915088
100000500825343
100000603534478
100000477961939
1171024309
1783492296
100004302040216
840823793
1193756813
100000496763204
100005703104411
1124003684
100004099261534
100002301005691
598086966
100006783192162
526237799
854800496
789205415
608083746
1403958957
242853299472
1229867907
100003330831434
302640416464397
1055852218
100005359292864
1048634775
1627841564
100000141838110
100000567153306
100001677090516
1297988159
100002236203719
1194110419
100001475738644
100000581064169
100003524433422
670009738
1390247930
740645581
100002087356899
100000420914845
1686949683
82400092
100001423386438
1665195424
1205467615
40011951
537092344
100001962176340
100000319268400
519960485
15105324
100004920493467
100001561010159
1613004072
143530189037299
1679131655
100001210981514
692001152
100005543143915
100000693601875
38002801
100000162895751
1306412651
652655344
1364843892
100000544632662
717555253
592939805
1727242961
1016253596
100004566520704
138914326122389
1463491168
1170577778
100002511717498
542998730
711042962
567747317
546108905
100002977597284
100003220855165
1465796826
100000900232040
1166130109
1532492757
100002188834320
499102310113317
673373421
100000369554565
100002249594399
1116464219
687473251
1758478676
1258882118
100004862497466
1831005576
520113967
100001999581268
1486849898
1139816204
1534999709
1449726141
1468060027
652852435
1585867733
1357181382
1641457061
1009582009
538068270
557275043
100000600501328
1747346084
31007622
1363370992
100000508779575
184600409
1414050662
100004768951483
100001474137725
1015474321
678482792
578306210
1531922520
320244491326032
100005568725677
1130270318
100000778818646
100002529683419
100000495434311
100001714871904
100001641958809
100001596009978
100000774338170
1446115582
1092438277
1850622996
699986980
509646882
1234742171
1479673922
100000237347469
100000280327220
581626794
1210249338
542633014
100000256539210
100003149049926
100006006665999
100001532416893
670631209
100001650610713
1100510286
100000789915339
1050672527
3407810
100000321812481
100000033701265
100001867696054
1417150174
1125465828
1353810580
1441238158
635921401
1229962444
1606286911
21906580
178701096
502217655
202306218
193906090671338
505238480
100004081628045
100000826485422
1639124719
1017357310
100003351092806
1074878737
1288390571
1080071695
1536996769
100002058285671
595870080
810210509
1031957258
100000497100074
1428551043
1730329698
672035974
529787223
521742298
703600605
1155156221
1485962047
1167643205
615470104
100001017167474
100004223700026
1358657346
608685499
1038810127
48609555
8202588
1398830985
100004987929683
1358153684
100006147433495
130532483772810
2014366
100000069232635
512983287
100004805110987
1313487921
822992648
100001807908238
1359532211
100000402478204
1023853255
1151810210
524337785
7913116
100007069680926
100001508022675
1602500222
100006298233901
21704046
612037355
100000265349147
1577821626
100002803008708
100006238628029
100000568549416
1348384853
100004676263724
1649707842
100002666100574
1332662288
100002093332572
1379438046
517510154
500011465
550612985
1254710276
100006070988038
695859444
100003005925941
100006976742128
1346045010
100002937565843
1346893321
100000030023593
100005691582213
100003819520036
517340801
100001165447287
100004615362300
1420315002
302662956503616
517144157
100000271165129
639078081
100000829519578
823569321
100001986230704
182065391841528
590079649
100003210762646
815597419
744405015
1371065476
100001260359133
1394526459
100001628342484
100000070703941
100000003500521
100001334798464
550010831
100002100082259
26216381350
100001575968779
100000375377726
1129750799
708310885
684034611
1464872474
1280641884
1514813475
100001521648635
1117062789
1052794095
100001925284816
100000555619685
1286119638
100003585493900
62102640
1844650235
1433753749
734008692
100000950533901
100000350120578
1294845558
1107044932
1198295319
100002398513906
100000200301334
1154502160
620265537
723345125
100000412792190
757818953
100004309661603
1481861145
1354862165
761948734
1473506608
60301404
100004194217220
1351766943
100000183157294
100006803010557
537823338
121157074563043
628975154
1614215284
595581815
1233990349
100001538809479
100001957826611
1175898370
44903521
100000140986544
1200355900
46303726
100001531910011
1256472843
1293627496
1321501940
861870088
1425356574
100001089197535
1068618430
559600843
100002609052281
652143327
100000611383688
505130582
1035150207
100000683617581
100000083148809
1047011526
1002262726
1757620071
1195359977
100001222744417
1595565294
1159761920
552178911
1010852645
1153663279
1311200057
515387073
1292276310
686320056
604285712
100003950583172
560869504
100001298426341
1009494856
100001363267469
90695537884
1105884321
100001028953040
100000931069976
1018593482
1160562353
505485428
797952751
1010624457
100003599196699
1332646502
1479963823
100006140521319
665215315
100001468740013
1173013689
100004531414030
1489005717
100001333076619
1184502818
100000089581640
722856032
100000694516145
1310297212
100000700682737
1405770004
821335433
547785019
1770466590
1616921775
1515734661
100000838074929
1475701133
572800451
1000044343
1674477813
100003086383678
100003147463619
727325755
1151534492
580642501
523308592
551449131
100001422475417
100003556580449
100000442333093
100003610667411
1254408906
530052901
1190192574
621818442
100005019818940
806723305
1030420877
100005844282960
1386021088
1647285366
501984839
48800637
100000326804177
1098800672
1486797980
621245469
1627502019
1625383786
100000472723885
1076561594
100000446748429
545109333
1157891127
1072097315
750625563
1266251974
1621426716
1324302159
787753135
25716967
1111570594
1441883267
100002374166891
1464848512
1275144117
1232496599
828403795
100002149537105
100004371481430
100000389586205
1138718591
568240165
692952598
100003661815708
210601427
1558693326
1580448375
100000200907909
100000124806750
100001086055993
1565847194
100000460073948
1187990289
100007021893985
100007545600668
100004629519638
100001565340373
100000226712509
1567586730
100001552450683
100000887089855
1552687536
1656871040
1482260585
100003563184974
100001058418852
607907082
100002592754504
100002542972594
1354470042
125198082216
1127359581
1230318095
1511896066
1274535712
100000680097565
1030987140
100003306121655
1054680011
638484717
503506625
100002025438801
560484018
1225632114
1727773567
100000531153571
100000353953826
649602830
1261285664
100001981448999
1307559991
100000576076096
100001299999036
100001393918711
1082187728
879775036
100000592906959
816925611
1131638941
655215313
1322106753
1140622210
100000344149390
100000734529756
100000992567909
100001014474250
1543062376
514399181
1026979128
19912373
100006763024570
100004883110903
566890416
682522301
100002478807096
1252295548
100000767207338
598829273
1053111993
100000697487762
547922970
100002230040070
1013267312
1681909749
1535017355
628530919
1328867322
9423824
100005346852139
1782620507
510867707
153971464674992
100001610775976
554986833
1826062138
100004137613225
1028467282
695429547
1382472681
1468923502
1608248521
1239018938
1442067289
1756105432
557634699
626250765
1155277822
100004164549364
1154063796
100000874607504
1218566615
1362868720
630313690
65653753288
100002154784055
1811278142
100006092460009
1222376963
100001621364315
1613614464
100000376562599
100003484773115
566249277
1633278909
100000587996617
1242291292
1438797716
1369582286
1190511318
602345542
100000300153973
1311118634
100000883725659
1501669108
100001197562942
566208519
418230601611075
518990212
100000592294792
1140635337
1467994561
544085390
1421727198
100003744120404
100002181463449
1429097528
637931974
1215417012
1719949019
1594160222
100001828062925
1090562923
812949907
1322227883
100001899031403
1500468515
1515900763
775883944
1065471164
100001585754514
1539068445
1459620169
1142412916
100005486914747
18702676
1254948623
507310045
693443292
110390732345958
100000715512022
1335857172
100000932086268
100003524321169
100002742422013
100005467203040
636214078
1087815488
1301367672
100000490501637
100002040560014
1629030599
1453328903
1327415870
1553199934
530376104
708872774
610271773
1748450830
1638995343
1056282076
100001600023629
100000221810458
1503402288
1079950850
593549676
307074109409970
100006504455056
1267200292
731670606
100004561027247
100001675625238
100003950793722
429126683818044
591235493
32820401
100001792609379
100000161291656
1197357362
100002287987721
673994074
100000005101224
100001167043468
100002478185444
100002162430939
100001081458705
100001955543264
100000369030645
264672167008597
696227513
39902183
9355335
716120061
100003595131940
100001324742148
100000450131738
674021973
1605668982
1792612652
1157251144
645876525
100000571693796
716851104
1181315606
622560275
100000669330023
100001622267627
100002151528892
1142615978
1558326793
774498215
1068615452
673321359
794505440
754232730
100000149794699
102507020730
1676441547
506460136
100000747675252
1469793609
100001585051801
1165653109
749940144
100000233452334
1227180590
823520034
1084357714
100002036802746
1326681718
1616629633
100000472554358
1256820539
1036411992
100002109942820
1218819225
100003871005842
1269524731
100000535961911
1492782029
100000735431430
100002927426058
1536706493
100000635610854
100001819122089
1290204579
100000079809029
258469920865060
601375003
100002650832770
100000256333540
1033607239
100000002334292
1280804471
1559750627
747898898
100001308840235
100003586389102
100000107904685
23704874
100000640633656
1352887272
528649414
713760268
100000100251140
1544880696
656369950
100002097617298
1026163389
1563656754
1356011654
1322598916
100000767287914
100004295825908
100001150095324
100000244041865
610999394
100000044696299
1649855682
1447776849
1417374334
723265404
100002915245029
100003833255734
100006778442279
100002305776634
788554916
1785601912
1669100527
100000595674391
1191787710
521930031
1180182371
100001889433071
654374217911360
1315669089
640997642
1383739980
1201117573
1359000027
100003581772681
100005400184146
100000740142925
100001664378443
100006510788907
100000616050720
124800817
751205014
1209253341
15700149
729476042
100006990390494
1455189845
100003545268932
1332235211
1678803355
1374137921
1018097320
100001749262266
100005858135501
1373084248
1378148563
100000556942448
10107770
562111010
520794351
100000318139353
838035374
100003371622738
100002875449569
1607515161
100005329782829
625427213
1331910071
1538140546
28803535
100000289255197
100001979528029
709380382
100000582255660
100001802948738
1367803489
100000931766028
453151678059948
1544610124
625155601
1664112777
1040845542
100005636352549
820635563
100000416876081
100001471967774
100000430707902
1239431790
1092550519
627786507
1802244837
505780551
100003991242033
100004999243599
194000952
605548853
1400508679
1200482667
100005071864342
1449346814
1574260172
100001860943052
100002641107417
100000093384835
100006102365792
100007241623483
100004271311349
100003402079227
100003071763777
100002348287334
100003246224885
100005018592634
616534871
501165644
516355810
32816546
1678382312
100000162233682
523912845
100000718020799
100006601810772
682781110
1631174470
1300025772
612196582
100006491850862
1786478806
1268053098
737843997
100000425994206
100005510713283
100000833870561
100000715024916
548789171
1420510769
1092866609
100001534327920
100001352411674
782309670
100006027344155
100000179538316
1391537649
1566532290
100003089282524
512197484
556711903
100000712761802
502111968
100000605851917
100003654427151
1317247660
100001387762779
100001395648659
1085629963
100000047870351
32401911
1370527982
1539703856
100001325989235
100004789423020
1418259880
1338391358
1322310094
100002779433541
100006779498761
1405501949
15918889
553579388
100001606884926
41100364
100000222397023
100002203992652
1642784272
1059698186
512507915
1607334066
100000769318759
1616284840
100000576603854
33607065
1381053017
100000121299611
100002734070895
1037170921
643087608
100006975902928
1550409325
692159824
100000616728712
100004774542360
1072087622
1631610448
1426430660
100000034924269
1022069599
1318850259
1185278236
100001862348537
1122903674
100001282640877
100002292431633
684936036
100002682121367
589103435
1078170141
1449602824
100004071875767
100003052837415
100001057384559
1423187069
1082342572
100003594634968
1321353208
708011187
100000893007079
1149750180
531170276
100000308286573
1022523701
100004657020194
1170264906
597946095
100000181550210
767366457
100002161172667
100001570433377
620496414
1784352566
3204310
1561989873
100001200253351
100002806905801
652100564
16205369
100002849584852
592157816
1155000296
550569606
742446847
100000355339788
1047099617
755606209
3600861
100003107337109
100006417513742
100002136087703
1385244099
1003482587
515636708
100000825364384
1612309637
100004263394578
1537959441
595460251
100002731012013
635061473
100001161868927
100001996448969
100000040421914
1062147658
1380103779
1204510816
100002057025223
1532265792
1643569460
100000455526012
693070386
100000496629819
100003400876657
591606480
1380586835
1633141809
100000305299471
1181757913
538454099
100000701068706
1291501507
507445442
1056867228
1455246754
1281533007
598113035
1667872369
100000621175895
635691534
1039286621
100000560739975
1390912911
1814961560
100003708748065
160855847258250
556330438
1289286278
1603304
100000362734540
100006512032139
823830437
100001160500379
100007488698196
677170000
1155739951
100005450043427
1572203713
100001569981003
1336509655
501884273
1364340185
1288705751
1307160860
1648662925
1775398475
1297174300
20911436
613427435
506601450
100004992127358
100002768036357
100000563954655
100000701044801
81700009
1302411472
1535803050
732903638
625244543
1354462458
688923523
75900360
1274217246
100001373931089
100001765310481
1458805039
100003562579110
1141471894
58003745
760185103
1224810751
100000597645944
100006908260265
1333360953
1038389075
605567732
536645001
1404374982
538958550
195405987187954
507941458
814327003
1613178522
100003294992303
100004804260684
100000565453812
1148186893
1432581295
1000089252
1217830639
509070542
100001201514023
100001144871151
100000701010902
100000183640542
100007003320621
1587586816
753099705
100001399340638
1292835267
100004592653868
1631564308
100000897648665
788996099
21104826
1369575725
100000642489259
1389903847
540982243
1761233350
100000372586577
100002491811918
1491373297
100001134220409
1005737515
540108279
1598286845
548355769
1154961304
109184940232
1058469483
100006720540931
789654534
100000655293392
100006079956845
147437925267249
1427203366
100000237277249
100000472934154
507868835
1437803557
197401961
1214764683
1236240267
100006535114363
505962563
100004751141224
602234017
100000813412273
100000240242571
23406601
1470416150
30802629
1627577831
100001706387185
1008554914
1586005029
1046656008
1174350598
1127963517
100005231950168
755417663
100003384464709
512568615
100001863647743
1229300675
684469844
1067063040
100001395507737
1439823011
1527642682
100000031443348
100006144882665
1131372867
1415164553
1090472399
517109518
100001134557937
1548048040
1393436914217883
22009420
100001069703710
1078924490
1555643691
100000642537388
578885131
100002054585092
1027393062
748935625
775265318
100001022410342
1225135122
1304610978
1147440037
37707623
100005149059699
100000277053264
705852171
100003070846065
555576442
100001578847115
508808860
100002207182148
1389935941
100003159164445
105556866165552
100001734094476
1775530084
100007500300974
752138257
1275337248
630307922
1151662252
1227464046
100000708300171
651495243
100001492977368
100000371313107
717531235
100000228884752
100000141713146
100003281252705
837995418
574473212
100000174007733
100000741362546
1229857703
714392616
100003744401784
100001357808614
1750129076
1398063761
1396646071
1040881478
100003067727599
463765936993541
1421914246
100001777041716
100000684072886
100000313530471
1193165078
100000188752850
1304438928
1533319391
100003365375989
1218768640
1288896855
100003026212534
100000186783091
100006214205454
100001764083038
1426230155
100002907341753
100005782474590
1108761673
1315305309
1238629916
100001805417035
711281216
540095319
1317508020
713739357
504266689
701920542
100005938543836
100003124524927
1298679761
100000015196304
100006952953804
1651610545
1061528167
519608668
1344324359
100000445962093
1073893420
100002060632241
105714552797427
1510156668
1073910482
630366008
100004897507551
634131315
697357703
1005867676
509073451
1401870276
100001514330352
100002401915093
100005500354428
1714704008
757503582
1233587050
674656237
722746345
610859091
100003972904450
13722281
100002309366188
1077733472
1447868067
2315512
100006034986035
1366903281
1579265944
37600487
502647445
1412326037
100001236984610
100003850805196
100003996997817
1596561070
100000808423005
1497196608
592828683
100000476322175
54300134
1335582684
1218363852
100000373994622
1506091315
641337568
753043865
689041757
100004926102148
729187437
1290982328
750958918
1428180637
1512579853
100000204308512
691975149
1194603146
700255036
1452993735
100001650782003
100007059300638
100000744931763
100001232730833
508034039
1455595960
1334791367
1441170922
100006368924078
100000109261876
1392550984
100006893349841
1045363749
100000837448858
818248489
821024851
100002510336890
1332080559
502221271
100001032855741
100001540423787
591391203
1561572982
550339474
100000486515393
1361464753
100003291698197
100001822257705
100001297762277
1107602176
1259077506
1711677267
1501082179
100001406204783
1574494502
609566290
463977717049099
570622972
1031660158
1614104227
100002247923313
1288385909
100005038304551
100000479893391
100000072677287
1054962077
39203685
100005387253850
1414542510
1618670030
1420140417
100000678192937
100003462865750
100000197198777
1190026520
100006598745675
762821063
1047281410
100003563797277
100001485612306
100002327784148
620826194
100000620572800
172801046
100002703099080
48505136
203001002
100005104302731
100005149751130
1350385479
1347882048
100002150570686
100000048912110
100000210497795
1115296293
100000429125317
100006091780103
100004910227720
1534898207
1171749444
1034004507
590689971
100002827528672
1447114836
100001614949305
100000397879108
546584590
686224618
1340582508
100001598018074
100004456242910
100005200500528
119846364715272
1002476560
507636236
100000954056254
1645266745
1470984182
1182588764
100003159184795
1531371478
575795850
1172356549
828003078
1323990526
516278281
100000205304249
100001764683519
54703352
1043770889
100000029541506
1552159550
100000463736962
1307365825
1084602832
100000461340174
100006035110418
1499386515
503849415
1002101578
627422062
644220065
575209115
100001183237802
572093522
100002526913380
100002847912358
1484588455
1528065622
640325985
100002072325584
1268763773
571663563
67600576
100000990992918
100000769091445
1537623164
100000695236016
100000108289455
1080944023
100000642020089
100006541380184
1479832985
1306091571
1001332233
626400457
513039551
675845471
1344654713
1091307922
665245079
1094484000
1151400028
1501562178
1294001072
1463004753
1048605602
100002031193838
76800033
620410194
100000163218052
1104300435
100001356166434
100000474554343
100002964568583
1543513525
1443507958
513527511
1206542729
22102135
685212740
100000407295431
100000857838012
1004318783
100001045181449
664801837
1315288062
69700063
100000012524942
608471074
1367455773
515743098
1792434361
100000377744862
1456157996
100005942200827
1568926997
788108103
1089860090
100002083778295
4941277
100001399017309
100002981945412
100006052750451
1328707208
571535467
100000437141633
100004737936483
1245715712
1724188203
1261302612
100000252803311
704466984
100001783398586
100001022246547
1524524951
100000987194735
100000516526944
1233826036
1767273341
20006228
100001140138998
1628145688
1594147468
566390761
100006409239743
827935437
100007527542056
680369366
1381523830
7406959
619094786
1428607160
100000840805863
1785325501
1432030918
1499505240
6817443
554358055
1409094211
100000893474418
570272089
661074263907777
100000279641840
9021892
100000621987212
100000065460368
579410000
100004254090040
1620861623
1328537840
1490023427
582922243
1422355500
100001363738359
1480884236
100006329282516
1502957450
1342772549
1569550811
1820419369
100002440163954
100002507529772
100001556744992
1778575132
1052894222
100005018113848
100004802081413
725475969
633814326
1117590534
1254868840
100000480685718
100002983657581
100005148725833
612887479
100001467121351
100000406013288
1067267066
100004033820314
612088060
1208765171
100004566583415
100004591897197
661488656
1017475500
1053141004
660783142
1228777006
1546266973
663801923
100004413695934
805363897
100000999524798
585658860
100000094352785
100002774899168
643946729
1574722859
1421110235
1761215150
1288987671
1513995656
655840404
1358265858
100002229662097
647828125
1459809049
706722573
100001176794623
100000559196766
100001218763594
100000567162050
1398828646
1133348904
100002178061036
16716536
100001064332000
503590
100000145619441
1409445244
100000350061635
638736354
1419294905
815445337
1836962676
1077561166
100001436375544
100006824740153
100000259890280
817197677
781805463
1577208060
752895703
777814795
100002046296881
1312850557
100000543570963
1527168060
100000170897791
100000117683169
69210919
780083896
120007308375
1488037463
100000078205931
603328373
100000707633913
100000590222025
100002549681440
100000121414096
100000236559376
1146356809
100001180554510
120976474603460
1164565655
806878913
1330823704
100000013449361
1228862265
100000057973828
1569244791
1505791120
100004316085181
100000788123563
100004108952031
100000145765293
754065643
100000222056196
1800916135
1339662064
100001322776200
1402503343
1801201480
600801235
1262711076
100006082869404
100001697592186
100002990649815
100004423363606
100002056943829
100001084584608
100004515991684
100003257781951
11701226
1152686241
601771479
40802818
8312688
100004957085545
1181238998
1427607875
1166617312
100003652392017
728347153
626369763
1051090157
100001629971838
1518004568
1428847856
100000979853159
584767423
100003804762052
1155930404
535151150
1614942337
100000176606179
100002189863621
100000183235314
100000642173300
100000206290057
1551107229
100000351627172
1617609905
1802539332
1087003272
100000122437075
903865141
18401596
649232919
100001484706683
100000051805841
557023284
100000687478235
1465661774
1507292538
1266230724
100000459714892
100002537289433
790758228
833800981
1015582747
1243727431
100001830846286
1121760193
1586953832
100000629076313
834242976
1154101264
524820711
1017677997
1247591095
100000067617581
100004642832947
764332904
100006472455951
1220494084
100003866764087
1269566672
1640445593
546325467
1417393545
172915066057930
504544752
100001181061743
299419176753246
100004788601423
100004051457716
510545532315170
839932051
114320778599380
771645038
100003644379965
1138513278
100000674166077
100003871310800
100001705029367
123711051010437
100001192172352
100000160450621
100001012787276
100003700495096
100001372347614
100006455286432
100003192624704
1031233780
100001822172931
100004203870441
718787262
100000694156120
100005785868538
100000244636364
100000792294154
100006284403993
501381091
100005649434066
100001359770260
299890243825
1142414353
598714745
100003198046748
893725318
27413809
736435025
100004054502763
100006796596672
100004942359581
100000383943865
1117802820
100002176822228
15602980
100005643030208
100003631854346
1021766321
100002494728505
100004983245249
100001819274464
35402585
100000359370452
1788020459
826873811
550768001
1230518282
100000955657437
738085240
100007416452497
100005054918419
100001316281897
100000742063971
1507871631
100000928700528
504635072
887335575
509711681
1334822202
507915506
1328983708
100001037752678
682523059
695425378
614636260
1621471519
818604277
100001537533765
1377251336
1626469701
100000564720220
1115767832
1831020497
100001427361364
1632373179
100001783060039
1669526969
1612208611
18908110
1513947006
100000438950850
1154165208
100004298077639
644986399
44337862348
100004135741091
100003152021410
54302206
100000245196930
1324862189
304477141631
100001415316288
100004227010411
162501015
507214397
100002340448878
100003224672739
1161739040
1346560106
100001759788662
1458455849
100002430636556
100000770371325
1154817768
100001315498362
100000661205082
1071555072
100005053690555
851345581
663129237
100000065424646
1040001214
504090418
1010685294
1205342853
100000997879218
100000511502089
1387465964
1431811836
100000006803343
1488900176
1737889142
100001803137879
509703602
100000443985355
1729437204
1525514859
100000859883491
1174975244
100003679405007
100000610913210
1761117389
100005530266804
100000424626017
1455429637
554374895
100001203142370
100001453819633
636542810
228963777162389
1077263662
1524796502
1386998832
1522269636
100000821768298
558922866
100000859612951
1193580267
100005106432505
100000564992036
1505418257
1088130114
100006093581501
1525181789
832334850
1184524568
1010859895
1381741456
1225951870
607980276
1424605346
201407421
685790466
100004723143142
1261014294
1276180768
100001627838101
1110018925
1456486829
14832581
1505686917
729400525
100000708298605
1178255787
763794480
22800351
1845731857
676696637
100001903413647
1353540145
100000921577510
1012931111
505192783
1617577383
100000972632556
633254866
100001221150254
1380871510
641229026
741825493
100003012091686
853070180
1342146470
100000746337641
566252963
100004041566719
704964406
100001711579777
1363632785
100000588221032
1504846565
100006417182065
100003622612734
1361292182
801825033
669466138
100000149271359
583048553
1551346575
100003082102284
1254717962
100001806412236
1223273735
591118650
1339781479
100000872544601
100002808270537
1197604304
100003589483451
100002332500355
100003284377940
100001916977360
1012625209
1175166437
100000655811954
100001651262833
601716635
100002343492077
1573069768
1078539607
100004803996236
1415131834
100000431428186
100001876562110
1387345296
1369420135
100001499782764
100001095015362
1254510680
33608159
100001255577521
100000592545255
100001794796810
1489965896
100000335907536
121370587877001
1614016699
601566008
728931429
738315618
1389916645
1471076588
100000807545266
100000704361724
100001418601685
1586056892
1438852545
814190719
100000501287863
100000172386980
1137951453
1384823753
100004068671091
1114788063
1627542370
1602397310
167300917
1063650281
100000090984259
100000635772967
1529674480
100001370823533
1360420976
100001411447747
1575342812
100001505507042
100000363477093
1057422291
100001996000626
100000447648812
100000346590515
569902957
636527530
5222960
302862966507013
1473910165
817164123
1334687040
100002680163120
1410787862
707934431
519881600
505895674
1345027593
100000058708268
100006528420011
100000298130132
549165252
613297996
1558976634
100002753437037
100004929664043
100003073074674
1455985585
100004638313550
32801414
100002458014671
718000528
1741888063
100001163545289
69602718
1535143837
100000318128253
100000201740404
1710416524
1536849517
1494999291
591915625
827314497
100002393307618
100000262750764
100000205493643
100000706778608
100000447861989
100002064968294
30318719
1591215094
847439932
100000099846015
100002798163553
203172039694185
1584190798
100000324744791
100001226532577
1358869195
1653675645
100000801992126
100002212366555
100001268324047
100002668965804
100006489340325
100002378488094
100001331372274
1045363721
681498979
100000901531490
738560273
153600183
1230058208
1102486662
100001128079023
471885969548438
100001576587733
1328750064
455044337869879
100000072530327
621039578
1643883505
1831908055
704310736
1214101577
508831798
100000083746740
624886101
1231204993
100003581864902
641822950
100005139121986
100000383356932
1304158014
100000331564832
100000685846388
100001695750354
1153770105
1285484096
100000830354076
1112452873
1006279731
100007351620104
100001392695043
1232225970
1408988975
100004740846650
584680153
1283007025
100000181719182
1594895814
1227312090
100000732689131
1426287342
842345584
504191954
100000344517047
1093902960
1066109053
100001782738101
100000590011999
774587173
100005055877762
511370393
525328243
100002153621150
100001751281624
100000610235778
1660920475
100002595834385
1499166658
201600091
100004002543218
589055091111035
100001905094093
100000661977781
100005602720050
1434821310
100003056815567
595946045
100006568116530
100002602203346
1472587179
1107961125
1528003311
704902844
1378061992
1490978721
100000079117521
530278514
1395551318
1664076947
219703499
100001640767784
1158246251
100000054427493
100001247976754
1441660772
1592484493
569353689
1625964732
1348904182
100000441493965
100002169743562
100000290780994
100006297342341
100003535075612
664408897
100000642152862
100000024609019
1614784747
100003153943772
100000855020080
1569228862
100002552601108
1115197991
100000985533520
1519646388
573897848
1213248749
1161264605
100004429322432
100006160350628
1478658688
100005457040673
515618674
1551976397
100003685684335
1184237124
691178474
713484633
881775503
1055277069
1085464871
623985824
1558686474
100000118305236
100000857378099
1562240988
100005851092901
1006954300
100001214825580
100001101434289
100002037065227
100000197807696
1641507285
100002334810767
88300534
1058302077
100004413577836
100001738503093
100000287773115
16825690
100007124042598
1667990501
1046565003
1404321944
1269306802
100000353904100
765027834
1133873602
1653825151
100000181316312
692324822
100004783472415
1531145202
100000492650678
100007484373774
100000779030588
1563626334
100007257157362
1080354445
100004615866722
1585281352
503142988
100000264690359
1221258938
409401735823345
1398849568
1339636087
1475191511
100000190420731
561278313
100000432431726
100000940076265
100000761876601
1558779924
22206228
682712296
739622935
1445422989
100002601451301
30119517
1057456251
559967698
1336347625
1342563045
100002329273549
831013069
1589855039
100001563724905
100002080577728
100001054634330
1253763436
504268925
100000443191427
1106169820
1274546696
1592393482
1507925162
1662557187
569904647
100001397839430
1711312270
100005394486998
100006660370461
100000309167899
100000428878428
587371403
1406718416
26102325
100000196708595
1165666008
100000454136317
100006333487809
31209216
1373575597
1305110931
5725196
100002186319792
100001332961355
642799090
100003807126053
1448164800
1023983946
502085961
1137394314
650021663
100001843173797
100000549068429
759462806
100001050841086
1587042372
1428669323
100000674901621
505841392
1744537740
100004386099843
1133109221
1457077436
100000010569795
1504546262
1038436239
590720798
100002867116047
1588671542
100003167230521
1544002568
586268960
1770470302
100002523285216
100002264937844
1520402240
767910622
504004919
1142355065
1720773121
569214672
100005290747197
1105147564
100002268332756
1105390021
1079193233
100002269827648
1328798377
1231170373
205700281
100000511263032
1232529363
100000447063554
1827904022
1421860685
100000625117133
663924380
1257423284
1709310757
100000187573220
1674217390
100001361604460
100003119967170
787804570
1520491547
100000934695566
1261192295
1478187927
100001123609988
1521900136
100006467642250
580760077
731375716
1381084227
655322757
506541777
1286403620
100001415921608
1546892139
100001246939688
506305212778901
752658985
1397018785
1755241445
1146720720
100000354737798
1087410095
100000618191973
1547169717
100000139660605
629607847
197600674
546611135
1224947914
1486076908
100001265469765
100003651314259
1447164256
100800575
100000422242226
1843426040
636356578
100000927983828
100002782723043
1134408657
508097255
1440240063
1433873635
596777993
1763970111
100001813644860
584228297
100001123410420
526101673
100000116168221
100003221313369
640540747
1178010435
582363203
100003659848092
1191146742
613902087
1622472471
100006278943557
100000087121425
100002230975726
100000898196902
100002884575755
100006295388673
100000137806820
618620455
1126542372
1293728130
843000704
1294954766
100003317115058
100000506251030
780582879
100002305983254
1845808246
670791978
1698203577
1188566531
1059421209
1227103802
100003963376568
700126691
100004395272611
1621585653
100002565150003
100000955844896
1372963835
100007085736754
100000136144018
1077382170
100000293810510
1360957396
1245368807
100001011077860
100000115251893
620135185
1584393006
634475523
596481135
100000133521413
100003274512597
571862978
1394331612
1666144027
100006239256188
100005346396548
100000171062075
1355411398
1290191719
677104924
100001054908906
508021264
586742775
100000453457910
100003450831736
766563756
1159124232
1705558657
640236550
1190912568
584522385
868090251
100000570911970
1630194890
1326010961
570642795
1238444955
100002180980633
741950583
522851079
100000669698361
100001563594488
100000059325462
505618510
538005637
100001281067754
1832261428
1633593895
100005413120694
100004929610467
1158697031
100001078256396
1287403092
100003766243018
1097513111
1177514780
1089657204
698282828
560738531
1240718309
100000010732030
100000313683218
683689867
1247971235
30609150
1153896621
1077965503
100000301730025
420787594660725
100002095126351
809270619
100001442761903
1117620726
1534600083
1259847030
100000294409788
544260321
1824027622
1023000269
150200340
1159247671
1416203670
1347408392
1213471258
1758838416
100003966782347
100001576910742
1158944387
100000366600289
100000848554471
100001316345340
674186298
100000649335384
1563383812
100000511573298
1556866419
48900904
505816193
1586130710
655211432
100001160895533
562219572
1578241447
31602996
1612270093
569302998
1063134258
1767835623
1060170450
100000678780684
1100973639
100002124036215
1604749547
701637600
100001712451006
695894401
100000253835182
100001281458972
100000807750633
100000604844965
100007637678501
31109611
508210991
500652376
100002549708551
714392742
536393865
662611973
100000635205563
1186620764
8647750
532185000
632715686
1280971028
1493251068
1158528854
1106989773
1828608448
100006952178958
1377769990
100000357905711
1000813234
100000462009579
100000565284836
100004033695902
1616119010
100000400923836
1013755006
596802069
1030038677
100000139626392
100000806785079
2909655
573614852
1058440280
737433868
100001500532586
100003059902511
1281377111
100001361547530
1114194373
1487463251
100003106342664
100000315525742
100002060544200
1274709174
1475139747
100003129583713
1359378272
1510025161
100003580346371
1786539479
1362187185
1221892027
100000001251839
42000747
1117651519
100001361566785
1066642330
1604026699
1072701926
1124664396
100000716782116
100000133282294
100004722424336
1246465893
1131105436
567798350
597266889
100001464054030
1477118438
569532168
280121535341262
100001290856721
100001297621374
100000161545638
100000626982746
1025155177
100001357176176
664473419
