100000179538316
1391537649
1538075019
759589947
1694464561
100005703308593
102530136461020
100000807872905
100000955657437
1022320245
100000929436191
622254933
1046963933
1484938558
100004396813442
816997298
1198258747
100001093380572
35803376
1085629963
1300910984
683150037
713310847
1248632468
1253117827
1414507218
1686835982
503169823
100000105502920
100000155812809
1598274908
100003974056221
719040600
649557622
648723080
1194068317
1501669108
1608935916
1609512919
100003029684672
657955653
100001325989235
100000260882609
608758366
1416132465
1283837840
100001045982895
1347305565
100000032340368
1419823027
1070985483
100002494434716
657467225
1276446490
1681466809
100000638288769
100000008295373
1035907265
1270747423
629450327
1587283840
1164331653
708111584
1069811444
100000716748296
699609663
619751200
25502537
1376663749
100000016508991
1444038094
1400763863
100001436348673
1150214904
1159678236
603534576
100000036917526
1439796331
1544130180
1174545060
851485471
1161352335
100002483400786
27049779512
591849488
1559712099
1150485865
1042618819
100000190175811
100000560550186
100004328531665
100000940422956
507658184
1623203829
830573253
100000182380399
100000532454199
136000403
100000273255300
1336678368
1498323644
580523625
1578440310
100000952199050
100003625442924
517732068
724976496
100001306487945
1322931322
560998970
579694877
100001237588813
1825519906
1003935578
1820121569
1332132693
100004081357018
1653309718
756670153
1405205710
713726549
763462891
26205285
1486171440
79600228
839083275
23107905
694498611
100000107941686
1622859596
1502229616
509260604
751918756
1147783759
715216994
100000538183602
1601934546
1066730747
1542693581
100001542656752
622090978
100002679232610
1765782866
1333073367
1223274776
1357699235
66001005
1560744044
554369121
100001187564621
1508318122
100001288743526
613071453
1260678698
1290353922
1347412410
553691507
1592383600
100000590900147
1011583887
648786157
661083692
100003062425025
1339410142
679842042
1031196885
100003643612117
1278849402
100002320334986
1011072913
1454820844
34304306
523867023
1634831170
100003985303036
1340080344
565319225
572193694
512978011
1112760525
1448356477
719434563
1159226473
1430984476
56903951
1103246094
857205202
100002168979275
100001220857327
1138586373
738134030
1179425818
816950160
100000146942336
534420554
663691380340352
705837266
519501767
726881166
535604628
1514979632
1505449323
1408072966
1583590160
100001455507813
725108307
582597473
663924380
1429712630
1215980242
100001045181449
731740516
1477549308
1165922279
100003858211985
1384747934
100000371915624
1264886399
1475410655
504948109
502403293
1063993123
1278717922
100001813398115
100001142525007
1061590314
508427525
30701184
1636656027
1019745432
1269906629
100003175205868
100000088855293
3329384
674881054
1737810464
729294226
701973441
1023273038
1004661697
1686394371
100000065660723
626485273
150000136
1492736680
1137960379
100000494341650
546787078
1602138101
1348624871
100000560861393
542078556
888650314
1744518381
1571666712
1769180102
1057819284
100005692987695
1363675682
1655632202
725005009
550768001
1055704241
627712135
1045563191
100000414765597
905740713
581562510
1035975410
1469403255
682045335
1348991045
100000010732787
583305378
659805012
1076216883
755285703
539183602
1009430347
100000100430682
1354567105
1314619453
561632002
100000842240820
812949907
100002455633754
100001241004104
100000233199821
1079006688
29800806
1653121048
100000903017506
1026061950
100000305299471
608584342
635976717
1345115940
538757875
556466738
1167139178
517828750
1461946290
772767213
1413078407
1042265764
630785398
1442681171
1218996774
1412083886
735976768
100006508968689
1339471723
511077861
1429640170
1667872369
100000621175895
1344128238
100000638316258
1404376006
167301024
100001220473836
100000044481592
803703570
1541456291
100001032121199
661055884
1219032991
10005996
635593184
1097079599
686155106
1016796091
1325141425
605445730
1377792205
1417346534
726629774
720928539
1108062535
100000191976760
1078286870
1697636263
1198632597
699008858
640917164
100003374772553
1114875515
100000362734540
769754504
1634850056
100000200114153
1278320541
16819284
100000505986112
540873884
100000651141320
561406719
823830437
1167878098
1766960725
100002203992652
1075152761
20906911
1329073468
100001909808623
1172334918
100003825762016
522030051
1127334674
1494764560
1789215116
655638522
100000575418016
100000011784618
100000151983990
100000784194279
1115427946
27700481
537955703
1273278962
500026484
1540730435
1477107226
505521074
1242976022
100001048942324
1488914757
744079414
1260698045
1020014959
1666725588
100000519242895
544361934
100001583925041
100000142085225
671124386
100004608542566
648813613
100002978438399
619372158
1058654658
1437550111
17703676
831385485
748359235
100000563954655
1229376248
1708051038
1281014849
100000597277991
17219445
1557450667
589624316
1594359271
521873811
1393004981
100002244902487
1554678074
635236462
569026677
540380857
100000206391363
100000064307132
1626190784
1211912306
1538705001
1217220007
1404471667
576126495
100004214680250
100007400915323
1458805039
1390208538
1098134547
1244858560
100003562579110
1786461398
1434901700
2410666
882880018
5253828
657092476
725521357
1766145340
100002464574251
1350596205
1325897053
1820345964
542463767
1301604386
100003000824831
1584605384
100001461496455
100005711493984
100001302497831
9402972
1805370254
637820015
1498328313
528503285
533680945
244089824600
100002366916274
49702862
100001829200865
886425060
1794376062
100000170004203
1054198153
100003952762579
528171377
581755703
586586245
1148186893
1200323818
1557340504
100000172490905
100004744718662
1499353987
1126350188
693466467
1411088093
500114312
752882781
559453658
569134254
1093794088
769520693
100000611547663
1400919415
622566404
1045532771
100000191491496
1744159064
1624909070
2044093
1564479655
519132566
100002397194057
1582249909
1205034936
100004277528468
703966853
504806454
100000295321106
100000499433897
177000662
1105926232
100006284403993
850365444
1466235766
100001510116427
100005193334878
100005222345113
100002678402493
100000347297167
1146502445
1646776622
1403389545
1076304129
100000225860096
1346812801
712621283
1727224840
1069434913
505750967
100000646244046
100003317403709
1101397954
100007449185470
100001112906721
1491373297
100000733444480
607190270
513352037
504040724
118200374
506014047
647536501
1286464079
100002601945648
1154961304
1080651949
11702357
630230051
100003895737981
1240288335
634679304
597052459
641413901
666059526
100000512398628
100006114973098
509848202
1163883173
100000292855040
1672094391
100000074043589
720837643
1054804410
100002926614852
31509966
100000259368477
616087379
676753293
1586906238
1015928964
1561590227
755784311
1313855121
798784436
100000094905905
1199544854
100000029064977
12302981
500582750
1445173607
586463354
646214658
1173720089
100000731606844
592387964
547630626
1603481427
1530210035
100001354904510
1419452660
116288635048752
1525223769
1233068615
100001306646915
1302999388
33400630
519002200
100000835244209
100003597952951
1414834005
1112402614
1423725707
1391413126
755417663
624769531
1445304988
1031207689
1669526969
1443597710
787452952
1378688749
100003863179306
100001865705194
100003798576521
501826816
1111359470
100000015884507
1294827696
510942134
1763511204
1251441334
100003969093987
100000205278535
1322370892
100005283642961
1231847638
544952487
1184144848
1496501875
1101086700
1069486954
1507852730
628726661
1769723518
642827254
514262426
768645553
1437790224
100000031443348
1163276539
506050129474619
897700531
1538258487
1333504814
705512417
100000327171522
1425918493
1257687275
1052525827
1560081203
683165317
1651860184
320100217
1470019073
1543707064
1398743915
1648881439
100001384034013
1115199976
624550216
28805750
752566833
1138046846
100003372159493
589926262
1263660017
100002130139133
100005382723659
1083426214
1238763505
100007230973305
1667800699
1069500563
1284867743
1167557795
1637454231
100001718534525
100000124570881
100000110325063
1650874416
100000346091873
39701348
1836895065
1081782859
1583656394
510443344
726329277
22642945778
100000105054733
100002154113420
1322217143
100003071763777
1433294342
1150990015
596120776
1417033312
1130666977
705852171
1548951542
1157940456
505881687
1479445790
745276144
536756565
1327266837
1095030240
207500288
509176199
1428342463
1064732120
100000545161095
1540950076
1406771284
100004615362300
584242111
100001713170126
732483080
44010331
100003159164445
100000942177089
719137864
507677647
1091724056
689207036
1605183786
1183926242
1564176140
676448507
504526243
100000161673738
555985595
72207681
100000841984871
145900044
1045044097
100004489263152
100006161109753
601291152
618218758
100003984859024
60712568
100000180878679
1705312294
1144140125
57208067
100002062904983
1398680777
1356382417
827367565
586602201
1152771067
842565528
1606552957
100000039683622
1294352806
100002123365323
1165323936
801568966
19606408
100004343043335
100000311690393
1656272922
100006075164140
1215624880
100000167423337
516577244
1393877275
1592260477
100000494911426
1494712890
574473212
100000542078766
100001333066026
100000846733169
1323183966
1191346304
721381332
100002834322503
599680146
1342491961
100001631607179
100002252936763
1150489860
511847750
1390411689
679095793
1266318653
597647608
100000505741419
100000418239723
100005022602138
463765936993541
1208645238
100001223293828
100000440927168
100000817486488
1480642192
100000684072886
525378926
1128810547
1107585985
1174172973
1440077868
1201640329
598433791
599139038
40105929
1364296892
100000790315836
672769719
1324925336
1287678904
161951373996916
1701301394
100000396264033
1839810029
1538422800
100000159021712
1659625827
737142917
100004366304511
100001983972624
1574440371
654770115
1231541027
100000269157210
1193320237
666352665
64101062
100002513981833
1278551122
550280021
1189924139
1464933091
100005415642303
527639946
1051608186
1439054390
1524030207
100004915152352
616295190
100000520709024
18704323
692450113
1131910908
1567930148
1483610448
1120702623
1467270200
543235980
554505910
1441536758
1391253315
734200016
100000555571306
100003138184163
726172669
714919169
713203035
1625451336
794640036
621450136
100000185801523
100001727862478
1533255495
1442898729
1378710984
100001280090355
1022616041
1354515863
100000743418621
751640698
100002404329594
762880340
1651610545
678386042
100000689244339
1671798078
1077665807
1628193415
1144384570
1353913675
745899376
1206282616
1677373500
100003768723847
100002556474775
726414020
100000777701726
1135525794
1101733672
771197247
657946472
1092903706
1127783183
1129192281
1366102292
1088961305
619313298
1477312603
1593123468
1449721148
584431961
630366008
604920985
1330493633
1179545186
1482591861
592679023
1655319895
1124073799
811948503
100002140121425
567581888
1711251999
157000181
140600192
767179625
100002401915093
657402052
100005500354428
570878070
32800010
13745026
1206542729
1275896009
33310430
1424359453
1560920440
501879782
100003218321677
1047545375
351019832652
1010925361
1432369097
675365090
100000195327790
602295396
1242071900
100000723600163
1299769552
100006034986035
1753711069
1526006345
607872978
1833458828
506287112
610123716
1449337041
1133582699
100000426472262
510211109
640907493
100003727696396
568156716
1413192255
729758757
1435097979
875655376
100000182634416
1511970457
100001049595938
1338023129
1005600485
57105730
563187349
100000015141357
1622566905
208104690
1264940917
563637186
714426130
1238744479
516819244
1827556389
1079616284
1512146257
513363498
100000689630893
100000287356174
1550558115
637379708
602619830
100002582931351
1687189029
100000017767306
1112948917
689041757
100000189222268
1072938631
712434100
1830298056
524316414
1591273688
100002867388244
591101445
156806323
608090482
595695268
899525248
658518288
740167387
100000287509919
1522635425
100003641149973
844980132
1252432903
627285086
118201189
1015888172
1818684
755535944
100001346330779
1135681173
551194498
660880343
100000989415145
505130582
653603894
1100206505
721657062
1486717020
1648322289
1669633301
505061210
1562130389
116701224
1523306921
1334706791
100000477926874
100001632572604
549765044
1404864438
684306557
611137760
1067767556
507351660
716696927
872120430
839644111
647839755
617530014
100000553297840
100000610136755
1622437497
548841772
1260303926
100000335456898
6905551
562826481
1635171582
300100277
1432343044
100006650882141
1494842846
100000228172353
100006784748072
100000253005800
1302331559
32820401
569348824
1469746750
1111177118
100001357145402
1227180322
606481183
1073750284
621950152
1134932049
565537669
1484379886
1089931355
607140481
1351314616
1633520941
1073055239
708060968
100004123711181
614942746
723507112
1074293219
100001165239145
794720340
579779102
1205899498
677293447
100001630628870
683912654
563702036
558381425
100000591744183
1310318318
1218123293
100006630431709
1462450587
100001417042599
100000746284177
1311285454
513862652
100000736778749
1043642135
100000206619935
1085633743
1650134528
1507271822
1043265418
641229026
100000156543623
1517083027
100000233413325
1039186747
1085610011
1590250495
1348419436
100003221260156
1346922239
100004212004909
1690476298
100004371757499
1517312773
834134412
1848246501
1361644474
704253511
100001586328953
1068001891
100004208199778
789990056
1253487203
100003021178557
121370587877001
1191087390
39203685
100005647350232
100003220690451
1310848537
1278697658
649156278
554650902
1018843663
694040371
1016622130
743329633
1338469611
1718556938
100005757994925
1094943292
100000649805311
100004944188465
1423564098
648021964
1488922463
831085709
759513738
555949581
505423179
100002249101037
590835508
651844055
100000201740404
513586740
1825183205
100001498703428
100003468864129
100003563797277
747144819
100001253711458
567106914
1399623604
39608230
32804571
627111221
611745048
582681273
570960662
1154846836
1280913981
1029396232
720502281
692780747
539432645
1406285013
673118483
745148966
100001956813816
100000401496945
507543856
18300661
100000164902203
100002266006551
588841021
725405963
1283224571
812855017
504772973
1405110284
1129208399
1551953538
100006229417429
1243553657
1092826178
508113805
1440039030
88201623
26110104
151101383
1133760024
100002443988835
664590846
1034004507
1068169864
729502264
1283475078
511718917
100005629722052
100000679197272
1585959957
1822374232
1467808164
100000646410649
1043515716
1438308185
10018517
1033273544
100000298126558
1238490239
1462043553
100000131396915
100001618417964
17120690
667725454
32507091
517151210
100003629127810
100002934603009
100000417435118
100004824671230
837168655
683987737
49400802
1464966685
100004019451175
1095810370
507636236
1794642360
46107046
668591493
1637313141
1123357400
1800867077
624397230
506234832
1200248708
100001851741775
874065343
599427665
1434763495
100000150893814
100000001434078
1395496600
503161503
100000773483604
1816722813
1399951093
44201142
1133513312
1130774601
100002406013869
1633736973
63102839
1130214465
116505098
1719728551
100000579015869
41900893
1515720023
503773542
1371391247
1151272980
1611283643
1587830479
687357304
100000030138664
100005770093327
579232783
1422182015
1585297247
545503569
100000278534825
100000033612157
780302977
562395866
821833813
715110460
1141519995
1050692889
1423183554
1447873537
1401911139
1556269216
100004951389951
100000986766891
1602326708
1843480455
1526772129
541537632
1655257889
1376401799
644220065
100000104517226
727350802
516577658
611789539
500409714
713256007
100001400367037
100001543335117
1200526871
783765606
1453604952
508724889
100001012327719
640325985
100000193335309
511205437
505609001
1315784494
100002342261575
15900772
1335128256
1825567
1432983346
1406971889
100000570021318
556643857
100000080787669
100000253451800
623234202
606880812
512991746
611156212
1389408407
72400316
100002188088570
516528199
1542500798
1071548653
1069829150
514552101
513587648
1175723508
527316581
1380896121
100000006137607
100001442761903
1558187326
1169587998
100001214380401
596374409
100002184380357
1008314587
100001650825842
100000012669724
770793284
665245079
11400404
1346066612
1235437294
100000919547518
1094484000
668799396
697062458
1082201349
100001649082782
100001717562038
1494617441
1234167883
740152153
1195924018
1308271357
592057193
100006478847166
1231473924
100000422623031
589333667
100000526827894
1375084169
1100842069
706112011
515606557
100001378655467
100004003767287
1578153124
1052845455
1569789831
1153894299
613991258
1908588
1409805882
1202808498
1281739255
100003203187893
1750407962
1203502206
100001356166434
1112310275
100000798430344
1256610054
30315566
1448556384
1154213660
1436044752
1586441387
49105931
1128366250
1528205540
100001461960525
100005339263190
539617049
100000314073286
583026312
1491636157
618890955
1568641447
333500009
58802664
572200911
1368974007
530841057
1354435862
660131775
1620235261
1044814516
1321666781
1001823563
100001035850568
1560369982
1315288062
100001869371783
197300433
100000545262941
100000737965951
1754950075
1482701087
1495537744
100000886235767
1456157996
1209438448
1422189571
524817208
500429393
1164600015
1479737901
1241894839
501795365
707319839
1603951987
100001592651586
100000212590721
100000874607504
719366735
100002511106278
100000378644080
1236648092
100000123681443
1278926571
610316372
500557484
1575162855
100004845278288
1026261181
740427625
1602136171
1263074346
532802494
519310723
586823185
521761364
1573358087
1013127809
100001335709107
699641133
586874489
1257491923
1294160038
710515700
100002936790183
1388575502
100004768627601
501821219
100000195422533
540537725
1515605727
10910228
1613049155
1085966825
1412269052
1650535471
507436846
1777225864
5704320
100001022246547
559026781
1588052400
1574827280
100001268943470
574237688
1054045466
726990936
1359537376
100005877752706
100000593531117
1589899170
582713973
530433695
100001516551086
750070025
747237990
5109747
1197889284
100000121745536
100002999323674
568184400
100001722172533
1073594508
1221000081
741766349
1601652416
1554486922
683828787
1199246278
1298893484
1429342935
1550356120
1770752445
1639892265
1719463661
1478478101
595715584
1336778154
617501045
1064810571
1049946683
1046716641
530981069
39509819
691618670
586264484
100003215510374
1275714568
100000147245398
1226889532
1108440011
1448178040
100001980432377
100003052669916
1345238353
100000172893899
1021536670
1177794546
100001268802022
100000540882682
1686381684
681390751
1341960811
1793435414
1297324455
1795358673
100005061638129
1076385578
769630122
1355391125
100001268181509
100000234952797
1015891448
1057843844
51703320
627679121
692955408
1194147523
100001544201040
100000071638597
577261932
698079235
1583292759
100000254120639
693969548
1103239109
1451970848
579410000
1379720227
677742619
100000458105290
100001446118227
100000387145269
100005631997654
100000402472133
1268754644
1542348977
799028577
1314729670
1214725260
1511415727
627330096
1064336513
100000376525708
1492046836
1022933015
3623569
702255211
20804964
1575155920
717582888
1841927749
661434543
1483658241
1750808345
1080414127
1595118301
725354917
1394481977
1141404583
181181372088152
1481842724
822464043
100000234299088
22015101
100001025224126
1349709648
100001714096509
1025538034
1161684954
531812540
100000216297738
100003947449686
100000555483560
639808160
1379571453
1183555053
612472186
1077579904
1358753109
659867005
100000429918911
682395087
689722105
100000130760400
547159853
647245571
100001315675582
1274926037
1458467361
1566903660
617341842
830434460
1131066658
647777030
100001489492958
42702760
26706570
768728356
911755
512844835
10608455
546773449
551449131
501583367
100001189753110
510699642
1007333001
100002946259385
1353151870
1585525292
100000510706200
100003370895488
77301294
679331470
1127281152
1552870100
100004312268493
1162517020
1546266973
1475474170
1584393006
100000766152963
100000991472784
1029529711
1156503404
741190977
100006476692134
10618649
100005081890342
100002107385922
834543683
572730926
1101608370
1586312996
700760324
100000980074801
1555967407
100001376134057
100000328515880
507343365
1551527097
1061197204
1308690320
1679331652
100006265032402
508213716
1604673414
1418463914
1687094344
1602550022
100000154800817
735323373
553151802
205931469452178
1685356219
1573736843
100002335981053
1095416671
100000707672315
516581271
1387493144
1278967485
100000541826903
1257287355
100004430594518
100000411557266
132500202
100000657607253
1478744524
649067706
1066056929
1620733147
1239697914
16716536
1422068889
1222173426
784248321
1539888014
100005617392184
1017102702
1481127495
1483613106
1126197507
619817912
1631936822
1444736869
834027719
1443079087
100004518215158
562065033
100001404909150
1569078966
576726071
1172234082
532933013
1458893173
506559960
1010846169
100000148732260
664995113
100000259890280
1159214010
626888369
1298292633
722719704
818722681
558826126
143900005
1591014909
1664182664
1709073286
500703369
551694362
1610150570
5116819
1498075047
1206618752
509344922
1183590147
1631268223
1449726141
1550058790
1676332490
100000445763342
100000524548128
100000472050468
777335261
69210919
1126832117
609375675
525729457
1333504804
120007308375
1507062820
609182324
100000498036225
1375685616
683800667
1100940019
1637563340
605883477
1211460114
100001763073507
6702400
41503230
1404101044
100000273808409
561639823
100003094791360
100003963376568
100006019322156
725055476
647756801
1062743615
1661944773
1188858594
1598160527
1250218077
100003050578302
1363215668
100000964332669
735010475
1093670760
753114670
1513369198
1639226897
624595210932346
1155818495
1015159514
1407349647
100001412859266
100000050566322
8115116
100002350682891
100000222056196
890440491
100003685422104
568526407
600653478
1212610964
100001664223552
1513338593
100001193766589
100000025358366
100001322776200
1402503343
100000088603875
100000021453212
100001577427422
100000009742961
1239459527
100006142751875
100004120811937
1324086919
1011643345
731833652
100006348395233
100000180381200
100000971230895
100005639354260
1764946158
100000138205465
1175462835
827733694
100002229662097
100000490473797
734863153
100006515795253
741262358
1254653305
1440549692
41201727
609133206
1145658506
100004248760813
1055110188
587911918
100000205842246
100000571387169
21007642
1123376778
1374500130
843030113
3303668
1526185753
49108676
1272304221
100002259224349
626950103
1518004568
580411505
1218018943
1344412273
657466068
1223758206
1295444685
760258558
836040161
100003147463619
767342771
1155888270
1614942337
100001095628197
100005160453441
1013522372
1160051782
747911326
100000111109752
1610673741
100001346239749
513894875
502796263
878430388
595536227
1404572025
1621266236
100000626786454
40601461
642886043
100000035359335
598781482
100003717654667
665991149
1337394085
515306368
100002312306397
1451737250
1307457384
1577284013
100001409690612
100004636743275
100000273890475
501076939
533836115
697689361
1637740081
100005878923378
1429675499
100002613315809
1277927609
100000286201428
100002851398647
100000546252933
100000333831169
1667823700
1036050565
1019866704
100004531712427
1505640489
1004392134
589380251
1388691784
687567851
1814837082
100000718626605
1139636566
573374415
759429883
100006528858097
100000810836946
100000250384334
1040620331
504389908
1549543825
100005406734053
645698282
1287544884
1413910022
675597126
1232085132
650625538
1661234928
1001799479
827779270
1152900231
578340669
1485729140
100004849392281
685623014
1223167520
100001901470652
505107436185307
1545683838
100000089023682
1246782843
100004366565275
194804861
1363294455
1624032132
657537712
1715118693
558526375
1028972056
657730396
902485612
100000175211398
1351597906
633592286
1436415101
1525329507
100000123241412
100001362812129
1081116549
1612674851
1574472043
662736553
1338195904
1366263577
514172448
542234580
1555857024
68102554
184702601
679805093
1525990362
100003871310800
753719722
850785506
1051380090
1066720486
633440369
1619485694
558836252
1535460042
1581100344
100001100396179
585433455
100003016121697
1159224639
1128318867
1310700972
675801852
100000000919854
100001188124272
1015702851
699627475
1408066686
22602091
100004582772204
1079886588
539612313
1525677666
1257101995
854055452
1075562527
114647268602795
1342253964
530503315
1263975626
100006053284559
100002859688151
1068861681
1581926145
652849441
1002855655
1483339254
1210496750
100002625534528
1026603905
100000284880979
695143010
635423058
592147616
514808291
735847323
507190770
589282686
1508673853
1595911167
506676941
1324055620
1663255287
1504717286
1615527942
100000155181844
1354304862
1174142639
1450934378
1097430620
100000383943865
824770827
678876127
100000233925615
534517382
667700739
503693050
866230007
559889093
1389076088
882045625
100003106538040
78501372
1391102905
613930111
1275385281
1766583451
1377450228
677904123
1141305211
100000297655576
736131323
1090206726
1301870634
1602489216
1592010799
1216801565
100004935609312
100002083273831
205303155
100001503142273
1316414477
726365053
588400647
1937580
1423806379
1584006265
1007311192
1310607324
1360752633
1353406536
664224166
1538287205
100000496763204
100003530256076
100001156327672
1133664676
504635072
1045646801
1350933774
100000102691716
100000616753428
690030123
1421513079
100006192878113
1418550443
501884273
100002497157597
647432188
100000336555288
1330983061
100000014031556
1595995248
614636260
81700009
1663025587
1662774816
100000263032540
100001596630356
671635905
100003280865550
672542557
1294152262
1509722178
206402036
1283802203
795030829
1135055502
576259728
602873237
100000349418016
750787097
1118310974
1545992791
100006573793488
1549353184
1656407771
1085871002
1298753327
1311352671
1613141844
624909339
1255611302
526726491
1363402180
1031486378
1259735510
1210549100
100004924414130
100006020081185
1095520772
100000995899968
100000565212652
524947817
100000197295432
100007108027480
1256803032
100000566295910
880260047
604354093
1131080770
678922878
504043171
730565201
100002384359775
100006184092572
1302068667
519537956
1061527558
1526888728
640671759293464
100002087356899
1382327576
17909571
100001256510377
1260873566
1409139916
559145460
1312461582
754145134
519084682
830979488
1327320783
615417080
1513071820
1324862189
100001810818324
6856993
100001692927713
530307123
100004227010411
1764605908
619002645
617548703
1073109519
1447219000
100001093785506
100000090046401
1681842824
653930946
100000506932991
100000373994622
1409384818
100000476826615
511640298
1396448196
753250218
28802533
752705636
755208646
100002097617298
100006061807811
1279562778
1359474510
100000256124847
1634046341
100000397483371
100003090875914
776822730
100000668403780
100000409760958
724163923
1218639951
100001686061041
1365308420
1544581415
1558123409
752895703
100001640015870
832995257
773229405
1022745981
1650484978
1799126504
709226423
582900079
1314692352
1006148816
526761326
768665505
100001233311136
1275275920
1282500269
100000281053699
1187030431
854494762
100000511502089
100000224500114
1320968496
1047954162
100000623862591
100003324145508
733923439
1231849873
1595003512
100000215183974
100002061076007
1228901892
682724387
100002252235363
1048672326
100000228078414
100000552214016
699378907
686005466
1729347374
100007519834375
1385880486
1517988857
1156908879
1090544857
1501132166
57208878
1116621201
1243642477
1311052286
1133790676
1729437204
100000334189764
1427709099
100003131838252
1636878134
654899932
1312100462
845242557
100000180885143
1059682497
728800941
90500031
100000302992830
100000354726598
812098894
100000746728393
1463258359
100000053666045
1476756623
710148933
100000859526694
711897697
1249554336
1646594503
718027974
100000280866277
501270290
100000135520495
100002981629176
100000725375202
100000115946624
100001082644938
772796203
34803557
886035584
1144404719
1721455280
1086582074
594952148
591536052
1617552368
541291701
1185850255
1393774012
1302215632
1627577831
738593693
19228760
1035500194
1413655255
1496235624
100003973922422
1347353361
560438889
700079971
1296395300
1243395329
1354263202
100000268534230
1023976794
100000092848738
713308162
672260753
597251618
15707085
100000196203852
23708110
510127374
100003009596111
1047146945
510206017
624407390
537405656
100001017360442
711489583
1004321537
1229622204
1795062070
1209893768
1001805274
100000173965269
100001789124918
1281376460
100000616112494
1034067732
100000131372622
100000427054174
1806403
1596630484
100000328691579
100000255252314
100000153417118
1438313860
825949436
100000566998013
1632232196
711083781
35700488
1623947987
1235513555
1476935889
1264562766
1424605346
501923980
504956271
1285178531
100000046802895
505041413
100000139718351
661777558
1113902779
505022632
1387168356
100004687022419
629207109
100001571911038
1421020728
500629839
1107199361
788969111
512594077
641243816
100001025765068
100004220070869
1200640971
1060523133
783888700
1278005618
1587684975
1524004678
100000133681150
1522815030
516516175
585206127
1473968953
798793288
100000422486906
669705031
100000463609179
1550550369
1259497304
1177264346
734890427
1316890020
1341487082
100004267988123
100000029291107
525694938
100000735252579
45809238
836463502
100001841465378
1658477949
647122503
623654645
3402195
1415446151
1021060264
100001100792119
37602438
618994600
621997218
107194492656655
759055797
1354274068
1572968928
100001338062997
603548695
720049152
1379852814
721073984
1586987329
1337603505
658299071
530458198
723771849
1390610906
1342724373
1564720420
100000696743887
25901467
1446056233
1097134281
567261139
100000650628801
573990538
1363632785
100000805700874
655051766
100004155043279
100001229341640
1659764523
1356693863
1409465568
1052619791
1430614275
100001778435980
1289870576
591871976
100007216984729
1124541385
786290143
100003553997418
1834246591
100000598045195
100001824672815
503644701
628787360
552170220
801825033
9389754
1139640151
100000670323694
100000159928442
100000372452403
1191945874
1020756515
100001402122759
100000604398423
505150403
1313670042
867690157
551268740
1131712260
100004874075137
1401911081
1548194658
1568590561
1615158142
100007441596300
518816903
660777243
1730329698
615069634
516574579
1356880026
1620156651
100002462306479
1522623576
100001607123734
257895581007860
669466138
100000307442767
1724747587
100002002323860
1500296809
1277468011
695536348
100004803996236
1045434675
725140489
1298340265
668503214
1369420135
100000479893391
743354965
1638150006
1327132174
750412825
583195552
581706266
167697766751212
835584213
1749816801
100002054923522
517986932
100001603686889
1510344359
1079049288
604102610
591295004
100001147668861
1809235106
100000745861218
100001713301469
1635463339
100001520549202
100003036981735
100000461358005
100000182430656
1029348804
503779123
2014366
100001070474910
100004805110987
1661430674
1478386504
100000006183746
1702771607
100000847325406
1799565307
725354634
100000116695356
2204229
1216427169
1510800081
1019904393
1215408687
628687882
100000317638876
1177179470
100000396870067
566880202
100001212196695
100000039879810
100003395003577
1089332516
100002354185613
100000553688818
710124697
1062302416
1525593367
1108982608
100000122737022
605523169
1711362206
1517773146
1667442244
1076805455
118600917
631916975
1386943524
1337006523
729884112
555636209
1114788063
1126163683
730932854
714357094
1602397310
115800237
1278626181
1056510293
54802747
663665155
1220154275
1293067295
100001418944797
1122438806
1552586639
577288856
1237184367
1801770601
1379438046
1398947502
705825779
100000565396807
1547156007
1575342812
757380747
1518685473
1354470042
100005816291509
742291342
1021173326
1473450009
695859444
100001915130886
500494509
100001384876404
1018943523
1803336111
1233602313
1441922129
1251160794
100002937565843
1407566411
100003034490789
1462672580
210801612
1413107439
604178087
818545435
642576976
294400259
1017630539
1357601294
1082675360
225958940789127
1165963495
1482971946
508396877
510156969
1324943649
175282475857100
1530608658
716478003
1291867713
1143621058
760710482
509817965
678020131
1019477775
756738624
1782021794
100000100013791
100003210762646
698271338
1552039202
100006162670569
1178278508
100003898917975
766702639
1387541203
1073943585
788064203
1386960470
645401691
1466719817
538219589586478
1392492105
569841241
1684170032
121506170
100000179254600
747150238
1580181420
1350358156
605079298
1256240576
16733016
1059140053
505415605
637859319573198
828570166
1717840102
100004042331924
1201402568
5018868
1600909130
100000185796671
100000605688788
1416101103
547704081
1105802132
100001023875020
1534560005
1579703640
1451780289
1584395003
628715919
1045042087
1442460427
873590135
568627336
1849518484
1285736979
1008191387
1171943162
1213107300
1258767629
100000447861989
1392995475
100004575754846
1365540778
1426616720
100003585493900
62102640
553297475
1186042031
1386764700
1068161774
1293992836
100002509717425
1346920342
1568019744
587496482
566755189
1716211843
805501631
1248432694
141000083
1480337349
100005331578300
100001012373597
783510127
1452270659
1455900266
703855861
1040512332
100000059228059
760678631
661985057
1347486929
716001063
1036344889
1401686960
1212708794
1491786798
1320490823
100002262856806
100000582919303
663562853
1618280073
689311456
715676171
1691700789
100001443286943
100001795879695
718320854
1011896382
1246590920
169100757
1425035183
100000595004066
100000957304183
100000174007144
1157562570
611211100
100004515991684
100000222499480
100000901531490
753190444
504144604
100001944047894
1363903878
738560273
100000261089243
768298012
1226528845
513510275
1563257032
100000328413301
1113422154
100005802219439
27206790
1321931813
535503227
53901178
100000437265240
1516173722
1607299535
1660981014
100001680193265
667640380
1737956185
1555722697
1614215284
648729026
1556914167
1470621835
100000226995760
727511906
696921519
716264631
1132971051
1494293894
700291278
100000059384402
832624688
1459932609
591132716
1829170249
552030629
1064292131
100001944383477
100001268171354
100004957085545
100000577767038
100001599743505
1606601601
100000388557993
1218709077
1429042891
518748335
1015399789
1289142262
100000970246017
1649855682
514092352
1046102067
1365824565
1191842503
1319674147
861870088
770810483
100000685846388
1462540981
100000416628293
1831745610
1184826375
1048723120
502972872
1308660599
1523945973
503168312
541719066
100002724111518
640610909
100000152381565
1678691096
100000886896784
1336160813
100006184831284
635445470
1118600889
790529856
1124337571
704137521
706748560
1072692675
164563920268178
1524540425
1230037572
692517681
1226689730
1624543130
100000004337674
1105250061
100001925737871
1217525974
1210308415
1076680438
513003939
1179544176
22303080
1226844517
100001208868136
1357087134
1317382500
100003233004603
520844082
747502348
1053338915
100000344517047
100001927856866
1360616464
100000025484271
1379413255
617881550
268368480704
100006776824104
563841882
743864898
510052676
100000466014144
604745665
1359103175
100000590011999
796964197
100000114293347
100006748812118
1071456728
100001288922899
100000143360104
607719387
100000548071739
625027297
32815486
1512292333
1247086590
100000285753867
506817759
1326538648
694348155
1494641646
1422496419
100001704880145
100003696927852
100002553385334
100000950422051
742927436
12406279
510629675
1533933783
1660920475
771565500
505675416
1155572372
1359824123
1758830522
588982746
1546827956
1662810341
1285024235
1444432869
1667106568
100001665695387
739984704
618797943
1658347523
100000979600533
1612159042
1004295448
560901207
1542158909
808640330
1257337678
505256794
1683144512
100004073920894
1456274666
100001515780849
1004180494
895070136
1308766054
100002605656508
1052356732
1308093633
1012633911
681308235
767303513
586999366
1427275354
1469923242
513889986
847020981
100000167936723
1341729637
1803498933
1344373831
682386320
1453103028
100001646303255
1215330077
638307311
100004910981037
100000478636818
632858743
502549082
606603519
1396422531
633580446
100000537752710
100001017535392
1780952448
1158246251
520626967
523357885
1291562827
1675450876
687392314
518478159
635628943
330800047
100001054430129
805770716
100003610667411
740025311
82400178
761245458
100003676110215
1043876892
576623294
1006596249
100001979652860
719984245
802515969
889225467
100002641463712
100002121730619
728189122
1373177473
1054860118
100000372379834
100001373403260
602283271
1401252594
775502829
513971669
465771520152682
686688941
1646603271
100000101029601
1078524350
1095204780
706035773
1421875427
100002178454610
1245995598
1443671329
522108786
1677879287
854665303
100007128873483
806232388
100005219468465
1415920365
100001959110872
1193487863
100000060556450
1267981400
1201428580
546376330
293000779
1643378593
100000029434111
1257698473
1161264605
100004934795315
1151792323
1390582531163806
595478848
1636941444
1533406471
1251988996
1556191960
100005760813084
100000816638031
100000351679287
1255661634
1155210321
1265763831
777853849
100001253701581
688506044
100002299852681
1052916698
1368494990
1110709720
798003941
627600565
100000045783549
769114366
649775396
1034036158
100001753201600
1386000889
800370299
100004552602868
100000382997050
1338860917
1367220468
100000259246812
100000972383377
1350810651
1561315809
1060995416
1448435988
1486830280
1436054398
1081256804
1270214155
806395710
574541364
536107853
613261846
1826140296
733604028
1704751899
1277153929
8633500
1017679765
1328103700
100002875449569
617328192
827195075
1040514573
9608473
1597254941
500125155
100002708726947
1332488844
588615432
845235262
100000138498129
1557518742
1658846795
752993273
100004109760370
627863816
1362392781
707786355
562758251
1758529569
1840000029
1526839017
1647470986
597415965
100000556729613
1322371956
1533969695
850619432
1427467396
527584167
23320393
24904278
100007129505288
1036632757
100000736782629
100001750468107
1620321678
1182409074
1274971781
1522912673
609952699
727563303
725682901
1579031693
1175152817
892525191
100000181316312
1337851966
100001852177935
100000353385004
808140111
1795115079
1078496045
1361697220
100000751854024
654052691
595780519
1028392372
780556876
1094828293
1029446944
1409506001
1586995103
100003847926905
1638296344
513289963
1089150192
1141652439
1085928857
752453004
863765496
518755785
631205925
638484717
1524246068
1107242078
517079501
1492542882
1435123306
409401735823345
1565404379
100002896609847
1221128743
1355948960
100000234191636
100000399153819
1076676815
5700046
1181705501
100000172404554
717039975
1457324898
100000504874075
659949313
100000670904764
772608328
1652700153
100000979443585
100002927333215
676110679
596885460
100000576076096
506196924
541988872
507250252
1465037598
1355507148
1539373973
1096253951
1028957994
810622523
100000600995806
1399012371
1605090587
100000283008342
1615282008
121502873
683260048
1155510362
1560699053
1252057889
100000344149390
712625067
1300470088
1075866322
100000684385900
770543042
1062454909
14818307
659004636
1365181981
21708908
1504981694
100001054634330
721923816
100000349845860
1234313683
100001359313868
100003280249152
586756983
617528612
1495095913
1591043561
1636966065
1397567651
1419821384
100000141860087
1425910950
100001553392553
1507844239
1171899555
583408351
557601118
100000776755836
516036288
516549068
729860340
697708586
1655781578
25405722
1457111466
572700973
625460149
659655545
1323004202
587371403
100000072481484
530989594
563383834
22701101
100000088549351
100005030970261
1711677267
512713043
398611993555412
1247882988
1844820020
100000189521851
1201842814
750152787
1535782478
100001327200908
100000654646539
902035713
1185943126
100003317022727
896075230
720188901
1075053144
564210210
1356349493
1069893121
100002186319792
100001614495515
1093127637
1218528534
1416903648
615747546
597532611
1076137673
100001425604444
547805819
640466976
782571017
680600277
1413131912
100000035123419
1552773097
1643635620
100005702342116
100000309373418
1277278463
100001185858968
751510475
638973463
619770147
776397355
548313450
1441989582
172500096
613121420
1163284854
1274644577
771539761
557634699
1478611231
700966187
659585368
1814645803
545112193
29800706
1515817031
53361518786
1093653296
1498633861
1147550735
778445086
1249137831
100004081306963
1443624336
1068873961
29704257
1316823276
1363625798
12420665
100000664786671
652585248
1457533213
740339151
100000595660135
1147824856
100004621062242
100000189772317
100000456181728
171687382855535
1341137604
1083161535
100001990960875
508438292
1625268900
1333412261
554809622
710533836
1635456761
100003830690246
100000195070656
699148135
639856200
1076631372
1017221641
708742271
1145559733
1260193810
1361236092
1423766636
100000132275637
564355186
100000968965971
1061009081
1074630935
100003341883334
294800066
535127157
1077363708
1107541079
566249277
1226247412
715038922
875840257
1100495431
628780236
100000883371646
538750970
1664590259
1119617355
546568917
100003890116831
1049392088
1387497505
1002557086
71004391
1148572038
201000012
100000592524083
1547641177
100000325478229
100000367509990
1440399056
844207855
100000972100314
678189571
1332249916
1512698843
1505002076
1435455482
1358319633
1149930132
1170353992
1354854472
1200019758
1197137077
205700281
1645971314
511517094
100001302536110
1213037967
1440921984
654222603
1108395529
100004648239599
548557470
553655614
593606491
100003798669200
1421222523
1493903085
100001854417316
613918727
508274311
1528792499
781566061
100000744413063
100003069256981
1665246680
1311782992
100001160965682
602735087
1139318538
1602147680
602341487
1639300492
1538782220
261095703921509
504947154
1090562923
1370001046
100006498108029
1185571344
100002057043337
100001123609988
1027240437
1526947843
1569684517
1060441726
636835112
570905321
13900402
1652745739
1330192891
1636442914
49004680
100001550094390
1716482511
100001009066897
100000357741700
1456765047
18702676
100004234753666
100000142423218
632701997
1627629335
1119235954
110390732345958
684133553
1493927557
562510366
1298005112
100005776534436
100001246939688
1627135642
760879459
506305212778901
716566999
100000262486789
100005564023527
100000553637694
1073116703
1755241445
100004394049149
1273124717
100000245856201
558295473
598871789
1524470313
100000820834256
47401183
100000242827887
702085493
100000704381599
1116428076
1078070610
100004249143940
1224947914
830472795
855075180
1204985013
100000565982629
870165467
100001588605182
505442988
100001167436795
1576358654
154100498
717093867
100001468389264
123500033
100001661962047
243539459104165
1083291986
1242982757
604267175
1150411382
100000184951729
670126049
1122617321
710160387
500066960
1393453796
1440240063
1433873635
1225214059
638999248
1788391212
100000824016057
1496622039
659911126
1443307313
1114128985
1374530687
694420917
616400126
839724853
100000360784226
307074109409970
692145789
100000270145213
1528987380
1593469948
1413616148
100003358506041
1260921388
1281381673
653688051
100001905650928
743303348
791995033
830415082
556141714
1079295275
2357789
582732669
100001351871672
76902912
1389752493
1579283551
1185208340
1000906190
1277307653
522995830
747136741
100000161291656
100002510535030
771241811
514129140
521292149
100002287987721
1065926269
1474793793
1320367632
587135613
1732946099
1427538508
100000898196902
1266206631
1479760797
100003405965159
589805107
1387487313
1117314009
100002162430939
1329767418
100003253598108
1302046838
1381622943
508639332
100003594397524
1328203886
550299584
100000038844810
100000054191762
699314176
100005394332265
580647518
545071003
100001143596705
1297233330
591255358
1030576773
770450323
16504713
509910481
674750579
1324492617
100001259667484
100000338952618
569501259
714287311
1042871608
1612849833
526886205
100003845583262
1019853476
1686851381
1166242293
1444443058
1085430248
1026128307
1629489348
563160136
100000085624380
619479668
545689393
1208454051
100001417043736
100004050019474
1575699762
736334473
1066727566
682978178
1505413197
1830718373
100006198488273
100001003445939
100005954827776
1111297801
678260332
100002405908860
1351114394
875510441
1925409
100000239161228
655453266
1372926339
100006276720817
100000293810510
1615863174
20712089
1570273940
1686866640
100000465425301
1187351474
1320165970
1813715418
1070944391
514490544
559925931
100000263485372
1134413516
1396045170
1432713037
100000806804235
1082051649
1240490277
794505440
1261346408
1541899396
100006475736287
100000488892176
100000822656731
100000409381083
506088576
628499051
669399449
166300966
686765093
1252081378
537177127
1483793467
100000172127661
1158848043
1499462377
681632260
100002867051315
816431542
1159002451
100002650382258
1566722113
703175078
502806219
1496526341
100001118348603
719951056
654672037
100001392275777
1336737225
10605399
1587175680
504917643
674880611
1789000026
160500148
691538181
100000215732880
734279276
589560148
500019570
534296773
1138800829
8626428
1463475981
100000171062075
676349529
1551550283
694144911
1082382646
1172688688
1314845630
100001622619401
1418200707
735862366
1002546419
1570997188
1436505370
1666486879
100000735431430
1250063194
509459081
502502361
1252016418
1223115908
1536706493
703521717
584471145
1292983112
1354358102
1705558657
719769314
652922196
1409860949
100002650832770
100000240286202
1162726228
637690491
507798487
100002837398389
100000002334292
526858415
507050646
100000372558568
1077428811
1670740560
843175354
100000640633656
1481169162
1077103474
1032972193
728518427
613806748
1017166500
535741219
1287996905
68103620
1333639332
60004615820
520030822
100000416724099
1467027202
100003117612631
1057008676
687333416
100000231210677
770765598
1190801011
1323015295
1391580621
898650370
501139586
1640363429
100001078256396
210300192
1571423669
1429833195
1493677772
100000348047704
100001365482273
100003529160967
100003636663892
100000072885572
100000473192500
100006613634188
1461942580
1013658232
100002518007842
100002460594054
100000214576221
512499184
661080576
514199360
1527709750
100001150095324
594319575
1117810577
37527814
663541908
1497336301
1051308176
1303964067
663983976
607845224
1445767529
668805916
100006568295596
100000123925396
100000044696299
1631120370
626510191
20921500
701943580
500942960
100001572734183
100000688164302
512340795
501983548
80505883
1454104139
1420253028
1077109347
1119322457
561268646
1435475669
100000822070989
1785601912
100000595674391
674686564
778088833
100003934903900
779275362
512142674
700022931
574923838
1350519687
500417600
100002318633457
61211144
100000371674757
568319057
1697282823
527819123
1666165618
100001889433071
1130434935
1182755750
753336784
1194767485
1105162420
1226988002
1599687262
512606575
1243861130
100002469248956
1226796457
100003127340922
138800867
100002233332024
39505793
1558763728
1587452139
187100353
1301353990
533339508
100000555853921
1563383812
730990714
1002534549
545820349
1383650318
1360285014
572431376
1379613242
40801288
1517002324
1311363226
655211432
1434130632
654979532
1268812032
100001807100396
1217859567
1781688370
790021659
100001981303035
1291992928
714867040
1024105724
781535234
655802020
673109119
1008101532
100000563541861
100006766303420
1115790432
712631177
1707017999
2611144
584185848
100002065764125
1834625484
1499261743
1396658916
1616922182
1398002129
690300850
30409648
1596004023
743986392
100005439582707
647470913
1373084248
1111435595
1641307189
1580988869
655778291
100001758976466
1467727036
100000149601590
1647092965
728136220
1777130749
1233046879
1482251036
100000743152869
100002934327564
748530015
100000179175610
100001208958378
100001228435126
100002310211566
614478801
100000627236650
1034752195
1590948792
100000646686810
1457275714
1222429036
100003153352007
1123699290
100002477674859
567867124
1122942260
1388960254
100007122189384
1264232440
655651539
532206741
100000128068097
1264717462
1079349288
805717953
100002466708570
539470360
60714359
655892767
100000747881661
100001683606317
1660603499
510064215
694802219
1612208611
100000850578757
750201428
1482386649
100004435805034
1158528854
100001471967774
742548193
100006459021023
1193337174
100006128944435
1371264620
100000091381265
20300186
1383350970
100000768381308
1656790726
1111197038
1377769990
1221737550
100000287606572
1296221383
1255086556
566391834
576732580
100000400923836
1470910123
100000813222388
516667889
100003415391988
800445491
1148028652
1403506500
669019304
525501204
503312994
1052559854
100001514739113
1831908055
1527829601
100006768128844
100003097547080
100002026337013
1192838033
509644539
100000232725736
1005277574
100001355197402
1671085466
1628937327
100000558014868
100004465356464
100003819045474
832375175
1356951100
620241888
100000981413765
501457087
122800529
1346837401
619244869
737433868
100001994143471
1556433636
1549166441
1415774243
100001523860845
1630731014
1542668260
1768260455
637899093
853345065
676509873
1152516597
627912981
597537059
1508532121
1518907719
1097450786
733943128
705729195
100002947417531
100005018592634
100004089171809
1354983340
1406624661
1430086486
100000033573856
1073803611
100001878637696
1093518643
1001566602
546390564
1510025161
100000942686560
100005005053201
1491195262
593577275
100005076874333
1617431885
1766242092
768527669
100004244644503
100003234180626
42000747
100001315688621
1474592490
68102665
1354021854
634709292
513432756
654606468
546786644
100000415146199
32400403
725101061
100004047497503
1694843577
679458522
551445373
1580130531
1279207146
100002539241687
503183126
530477153
1393144716
100003363636859
100000161545638
1030883661
1183876058
631843725
100005835604344
763894529
100001357176176
1541791436
580700497
1107270272
100000640294551
