100002717826879
100001224433550
1359130729
100004035242093
1660475876
1661356145
560237442
100000209188169
11300074
1318819354
100000805865252
100001504821362
100006983441978
100000506506815
1040150159
1290288888
1611194747
573000630
568868775
100000997375668
1396925812
1436901210
543082142
1767056122
1571709109
100001576373280
1823049790
1463822117
572402605
1241407254
1487560636
1111164505
532231905
1367660974
588266317
1186705415
11200641
608544803
1467394393
100003326913851
1310554204
737439129
100000168221603
1218483168
520830840
659617816
1348895184
100004638485376
57006344
100000174257014
100000847017480
100002292947008
629470690
720360916
100004943743804
1604079998
768017415
1188088498
100000543352045
100001374080104
759533441
506399707
1294500015
1371674480
578895235
100000392010042
28401586
1141934622
675039028
514398304
10137160
100001010573950
1168840501
559239781
1178493243
100002016480045
100000503927362
100001901607697
100000156753658
1422471923
1084726736
1557441434
680646354
1010463422
100006254851329
100006610983549
100003180875510
100000364157126
728726082
100003856497346
1659744228
10739279
100000143893873
1294376612
1064346079
1450189991
1370403997
1444208354
512745304
902035706
703341981
114500790
100001451317337
1668338437
1378740133
719879276
1646523773
527158585
625515550
100002406710558
23903085
588253561
100001016202596
74201592
100003045385181
701992504
1476529097
1309327137
1813067402
1791330574
1562193748
100000623385160
1567140061
100000733231913
100004662217833
602241872
131780693544278
10707905
100003476160783
100001563214745
1093012756
155205744531050
100004981870957
597472245
1608895305
1692180676
100001238428321
100001996342335
100000779704465
100003218310939
100002648366440
39806602
100003326109765
100001701028065
828545214
766839600
100004883473666
1039454434
1268768024
100002392030995
100003787553656
732234563
1368515113
100005192976220
100000823568136
1805664475
100003684861788
1385766722
1176407737
100001829200865
100000299574159
692530923
1110650788
1553493255
829649
1196756702
100000304729372
100004600184542
613626649
92500064
1812344457
1356146691
1486316071
100000662260533
100005356743644
1623711496
1624039033
728091884
100004417350864
100006065774117
544918422
617949914
658951334
620755862
100000686704974
100003780811003
1759554549
100001254204012
1316523309
100000163755816
1206559499
690448798
1137080082
100000539745679
1080651949
29908518
1637105273
100000227342625
1793132952
100005605543707
100000625837696
629369785
1817209551
1297488757
100003042957857
1397173934
100002218798995
751350397
100001465463212
1597331080
27201703
31505896
100000182912694
1200843227
1065937791
1571592254
156316107787355
545738846
100003577295617
1040907633
100000857083801
201300312
21200772
100003048121958
711223423
1260868241
527135283
100000777548653
100002668807774
100004965583126
527046151
733248343
1754494395
100004478442061
1368330979
1459781612
1581925093
100002920735024
100000133801469
707210016
100005269590182
522775409
27709056
829219503
9903935
539594798
1118413120
501969016
1571310743
100000530947179
1654177635
1332586604
1139572657
532506931
82700250
100001282180487
1665024306
1231129754
251418858336091
730955608
1206041951
100000716945303
1182001279
824529935
1536113876
680329967
551035440
1607861476
557732802
1620816586
744019827
100000103249325
100000768611374
512095638
100000187287177
100001282602183
100005233206106
741487764
653584656
271519809619381
133200277
100000036341146
500032541
100001399237639
1639509960
742395555
560425132
1425780683
681087497
1315755660
512688255
753673563
100000336714670
100000871545224
1295521255
1668364814
1176622798
1105758689
1154746566
1356830052
1222851
100000148899789
619509672
100000040881689
5002299
546625599
100000061352048
641315767
100001321761207
506096780
1449936024
751911951
710310067
1663542126
1731769263
1523775002
549157894
1391145334
12609483
100002815681641
739211447
100002582145398
100000492699578
100000462516506
27614908
528923831
1154565776
646555322
100001183652275
1462021276
900537
100004521004256
100001200409151
100006201129523
1028273705
1286892076
604815796
100003884521454
1555358472
9377076
100001809911005
1265396983
1407038899
1622672196
5304879
27611690
647902147
10904067
1363648466
705539651
100000594580104
100001657317969
1763726969
100000000829628
100000246132160
628677468
100002612101486
1198895902
14212643
100001609068795
1563731301
1631677122
100000434083325
1640055187
541565080
100000787802249
681672478
100000232029715
100004909751795
100000004179634
1328996044
616076465
1346407667
1812767225
100001251255791
1192209015
1468858238
100004496730941
1170772032
7964457
722616044
100003111916081
100000742930812
1373051669
1792313766
100001049299811
1326745183
781649991
100001815450363
789794239
1180154229
100001079637169
100000146035327
100005410145518
1095554689
100000971180578
1589797830
745340766
1089657484
5708596
776319937
100004000594230
1228683747
1409561063
100002636191949
1003694951
745389443
762212837
100000039332356
1653911152
1214371755
100005669735296
100001311366608
1002140387
1137108051
1189992333
100000013959454
541482430
750715417
500037901
100000909808597
611345876
100000345203267
1681867802
1548530513
1293236058
51906539
100001445642769
518376497
521671999
1312547059
1501989070
100001391930613
1237920003
1526923754
1508439231
1470577667
100001069651408
1219017213
100000400596362
34801874
515855580
631318960
1126922073
23804139
100005804350633
1461573636
1296895597
120216
1170750822
1437018769
100000127827330
49900137
100002274866629
747808590
766644793
53201975
650736806
100000067566682
1487347295
100001408967590
510511216
1381233496
1252166930
1184966227
1150172582
1094470534
501492556
1019001331
353144914770624
1740394706
1128583916
3228159
31802594
1616382003
100005324651622
100004965873990
721826071
591467635
632889543
1007284603
100000836116986
770793284
100000201517004
100006923053303
1412662714
100003195325478
1580187229
703083638
201004310
1613439880
100000156608041
100001495675661
100000087896889
1510585177
723701237
1338720015
1636175282
100004914693244
229905627102534
695530844
1757598049
599843950
100000361764730
100003938933906
547165239
790793731
27221028
1193336258
100000115533828
193600082
100003613652908
1131669355
100004917013606
616918257
1548759558
100000521255301
1073825653
1530594241
716640036
100002681901000
100001434596366
100000189534331
100001436434031
1835608630
100004096416871
774590460
584514024
5705813
100001932713178
1109569934
547627353
1498672283
1378443927
1266438515
1630585059
232617810101825
100006188653122
1244350935
635897484
699665620
790542857
100000158187164
1388326881
36404846
778502417
704073307
100006036761189
1537657878
197242973688417
1228034982
100000321082559
707824630
576870829
100002576509420
1269603347
774526912
562983831
100006515172691
100003623656104
708629858
624310663
1367710899
100000065954078
26001171
100000563756454
100002673038019
502686069
669878926
100000620043595
1598933948
100000840693698
676954533
543945850
1608240567
1531767104
672428453
100003422083955
1333755385
1327626965
821028345
932046
570933688
1640137764
100003356673843
658631069
1343302247
1398190017
1352324892
1474433201
549378218
1712743524
1472245313
1571289665
1311693259
1036251248
100000315881254
100006301115328
1221649650
100001999891368
1013555806
1504324870
1093351005
520772344
1483156752
1226190496
100003538929944
100000856908277
565057241
1201796878
761616803
100001061412660
100000018708999
100001217259185
740954882
507947152
100000820999486
100000315596712
595176135
561913393
1254966890
1036024952
543526174
547814601
634953746
1192896515
1424173567
100001779002235
100002724788726
100006662700658
1380614989
100000687765076
1265953732
100003136427137
1258976531
619881180
1288827017
781278657
568356342
523382672
100005232784539
203800721
669826206
100001244031454
560850903
1590337107
1476775001
1451834305
510207622
20904962
560261713
100001402359185
618634070
681559740
732422328
544443450
500418669
100000631863613
100000427994410
501727772
745844760
1038086485
1158282829
100000452181034
1188382107
620422427
100001785666355
795294692
24302545
650690959
629169707
1650709437
100001164486965
806949545
500117093
100004985863630
100000484783061
100002161002802
507318824
1225181238
508418112
1419822862
638552747
100000611297630
100002956642127
1357298950
9312724
1484730010
100001050581902
1173891425
100002626254499
100002306501056
100000297033144
1456113336
1296721517
606899077
1437281809
100000597974425
49302196
1032373781
100001443888239
600446681
100002806549408
687601203
1587687052
100001260584305
665916214
652678724
100001256174385
100000759505224
696891976
814913502
1315608
613273073
100001499378895
100002639914042
1208624977
1049554779
100001997651660
100002375871638
100000107344517
100000196859177
1840845201
638989916
1736686804
680378528
10601369
36407599
681858473
100000129560686
521654376
652646204
1482699025
1449737919
828902091
1018294797
518904802
664544322
539437002
517363047
100000196050302
1656217169
1341263688
1084690673
1263047863
528305556
100006799415428
543520996
100003791282367
1822508648
1404206481
1042421657
1417864032
1565370256
1238280312
1314678671
581231986
745128606
1422288673
1378624599
1519837378
1142700362
609817206
567145268
529678820
100000248475488
48801602
609436392
1360400294
1659227163
690263455
100000872509533
725054668
100001156897812
1447929153
1492380456
846070499
1152344634
1019005957
100000248589541
100002704323083
100003773744271
100000609698950
1316617142
508787119
36406514
512169943
1565976090
1173611324
535440203
558156387
1814263096
552386847
563274517
100006702660454
574181787
100002103533496
1355776056
100001935069832
7410613
100002562194701
216501651
67800115
1300122093
100000679615169
1615786298
1370040086
1218042743
721112059
695565494
100003263700335
100000179096152
580025296
100001782091229
1512701318
529512798
100000518995306
735351481
7808761
93100118
100001306022344
100001134990095
100000223507627
100000492272405
25522815
609286492
1616872865
100000180242280
100002040769341
1704025744
1059682497
453346261427908
1495029392
100000154974534
1460543822
5012822
519085426
1143658397
1471647950
1079344626
100004535738534
1485528926
100000092265574
736280716
100003050644038
1015778864
522607684
100000451065688
595933020
872460180
100000207180863
1093410155
1011837090
1356510701
1169625519
1003736255
100000132040898
100001024784549
1177320685
1212503671
725526222
100001427455460
1585508243
1185356367
100000004464231
1218980076
1279546413
1079556854
801794105
100002136210177
658071937
1447178142
1497455499
100000248791291
1170067768
1638063103
168302946
505907012
779038609
1608871813
100005639472777
100000694269565
670081878
1639777920
1423573593
620914528
1123893109
1649903109
1108200108
100006780067938
25003559
620478347
100000082346831
601715947
558037439
24413647
100000681212761
1600405539
639493921
1522573596
663901637
760649975
100001108556733
13907972
1792610506
1512348
37400175
1008218061
100000160743654
808435388
100003038769068
1436753184
100000431417247
1483184317
100000935780916
834002071
856684580
100002814711409
2612332
48919807
185800141
100001358634332
572582990
100002019002987
1068308290
706323177
100001228432034
699977480
795625117
1257902630
1182530038
642016774
686485611
100000577068181
853190384
100001197272089
1602397310
100003401641832
1549650143
100000647340339
1257597279
1433520548
1513835775
100004956824143
620951691
100002317177552
587198338
792109186
684043091
1799186912
100000034290499
100001637411227
658768779
100004676735578
1419452660
851865572
620277159
100000126109103
100000502952908
1583710893
1168565055
120501074
1021659253
81012666
1646238971
1841614395
100002581044804
1667708206
17303750
1024939117
652139273
1326105515
100005119964235
100000304930232
1039573961
641220051
100000252531585
596683148
1839915445
133400062
100002371720825
100000490478648
1391331494
638896739
1427528936
1768191912
1363161322
1443618725
508289478
596482230
1102416156
100000043517217
903800467
100004483382175
13933646
100001002201228
658655556
100001763352894
100002104748424
100000425203067
100000438408458
100000118124026
72207476
628378633
100001004143456
504144604
1062065689
1495960933
100000439989012
100000193317484
517273953
659068836
1647855163
563091545
520955902
1318068425
100000350773318
100002915424162
786589657
1253158019
500582750
100001186610750
100001270704714
768064299
100002127110986
100000309435822
623860161
1727577792
100000449695754
1081230895
100003560609009
1312325574
727571700
100002130591737
1451943911
571904746
901395316
1480122874
1420570744
1448227544
1530352169
1205178013
100000001433423
1286332187
883340382
673625062
100002326900822
1780477302
552988757
1373046856
100005706491145
1803644335
100005248568280
100003095326818
614827288
525995352
1245766800
286127118145351
1579290311
1496217043
1632051907
527393158
100006424599298
100003081206171
1390419426
100001124008876
517349779
1314692352
100001732316720
796945590
100006281894530
1533864895
1673125669
468812586473767
28123688
100001568668571
602290876
1261297842
100000703433732
100001856436297
1494047395
100005971266493
1790924848
504347094
1052002647
100000539564814
829355062
1479113751
1262314871
100005086562070
1608856865
100006485299821
672251024
100001577163138
100000061993460
705778410
642109993
812272859
1275293045
100002552790451
206402375
1047590738
1390582531163806
567556232
852885018
576113379
100000645255336
1692523134
255216247918513
100002173303373
100001978057883
1301980847
538750619
1551352339
1251343378
100001427080442
7801131
100000527537201
776866066
100000093646067
100002408265308
100000884987931
100000489049230
100002026658965
1448380418
1671025776
100002090449890
1165451480
27615907
759925499
502113430
1733401778
544252273
1209941336
100000486488041
1125796089
100000298018808
100001010955848
100001086847791
504353682
100001751113436
100002511912174
1351552076
1126207171
100000683561552
195204446
100002180963452
100002150230601
1257828881
1424775503
100002600535843
721263197
1045046871
100000954675107
1285419369
100000780062347
100001753003553
751863508
585321220
636756088
1656151072
100003015225129
100002186110062
1562767041
1088842758
1557833580
700352039
721625458
1598166917
100000056347407
1045632151
593434416
1174418933
100000183456157
677781949
84102769
291560047583793
100006520061268
1516357090
100000479815552
1154615607
100003602158841
100001121690872
1006922455
512985187
1090560091
100000448878902
100000870399962
704250016
656332820
100002186319792
557744395
100000937544947
1045638943
516847035
1251176180
1574574720
700540736
617326258
43602159
1797952136
1074051378
1746829823
100001552484615
767072528
36601501
1050622649
661125390
1107360083
1513692867
55803091
36502895
1484986510
100005002209218
504116535
1186805307
100000185445956
100001515780849
715825332
511602348
100000466958922
100004078505619
1088160501
100001197913712
100000080756937
1659072945
100005002328607
818155474
686995517
1706423662
1503301503
1167935195
100000873276715
1136762148
773504788
1437815798
100001602274418
1552938614
100000336844609
100001405241676
1047872880
1219535178
1125587309
43003494
100000510104916
1506537300
1336897130
738800459
27406779
100000036425409
586682775
1060441726
1368590548
507964683
100003096111467
100000027630342
1086664274
769765079
1422704698
1403379811
40804959
100001504531734
1497289135
685039459
1195461576
1616854588
1587685464
551525373
1445547104
6907820
1240548558
14219358
1035750004
1501246837
1741437942
100001800048305
619174467
1801723201
100001062656591
783964830
28110339
1612672100
1007142944
1224273765
307074109409970
1087578786
1320534683
100000055294769
1598536908
16601806
100000367567371
1536198928
100001947291521
502740726
1701420518
1351980337
317575748376313
669474425
1709218250
653562911
1162870793
1257530637
1603029371
1405094295
100005273376630
1513581685
533465647
1348720330
661181745
100000033560576
100001980964638
100003327787410
100004049873705
100005246311330
1467383621
1452129970
754544153
100005473418209
738493577
5523053
1391741873
100002304164029
700697952
100001471360098
100000569979847
1467232845
711640645
1105020062
699876448
100000771472598
100005102556348
541846409
579942479
100004894928155
565852737
100001644538954
1495797237
706618491
100001907041418
1347526394
1659160476
1162631821
100000224767136
700322462
649725038
100000645072890
100000143557327
14222494
1590872676
1467353948
611478206
1556461563
880125367
13748586
100000167317329
100000340545501
83500419
541850990
620276155
647284840
1317318238
754799352
690216744
100005746358327
540607083
100001016906378
100001576719228
100000064917904
11310164
1274878296
1339729783
737651059
1681698444
1586263543
1007025213
1552426558
1290858496
1605010875
614952649
742375057
660501532
508279415945858
100002278223857
503644600
1296327218
100000722190828
100002541915211
1166550156
1396085702
1271070090
760480340
1089582409
404832
1071535018
100000505215573
597591296
1497207453
1303487215
100001555595721
874010602
679739100
1045989056
1461905093
100001060366922
781528068
6833629
713827898
100005621474392
500072572
100001228659061
1400595757
5707884
100000205817777
1334695646
1498654311
100001212552533
1503232101
1476885920
540480310
536960765
1054677126
100002495524817
1270821945
1354962159
25801574
100001455996640
100003511113109
560177198
100001731356810
618155426
1382951922
100005783190501
1715966221
1165519865
1338742536
100001878090033
1630759382
526326549
124665304244701
100000183495444
1275491131
1495233118
1419309353
832905461
551242147
14230656
100000418114941
100001504517513
1508532121
100001890143092
100003334326469
648872613
100000133124914
1539640651
100001785095381
770827118
100002070402611
100003672398125
100001779177408
1362660075
100005130370675
14900314
778884734
100001149461503
1348805555
1156810440
100004207994483
100000139014714
691783685
