100002717826879
100001495675661
503645691
1105726454
1558596543
100000296771059
100005111351631
100000837568444
100001199868159
1667431287
100000432637123
100000837678883
1197813417
594493286
1547880003
100001500623097
68100907
1089161797
100006140351878
510089480
100001080787466
100003017269062
1446410255
1838655827
100000209188169
1047326943
100001056000713
100000135785898
100001504821362
8644222
100002964755210
100000402206987
1590000158
100000516633101
100005089505278
100001092347078
100001772271003
100004205106027
1300482558
100001622444831
10100816
45601673
1475905077
100000643587401
665730273
1610810278
10000775
1238527484
1396925812
100002309236301
100000136196757
68101717
100002014052018
100004793829728
1037552579
100004596786897
653528525
100000186275864
100002940542759
715994011
733748000
100000899663002
1571709109
605093979
100003926147215
768160648
23314227
9359139
1555436802
1462155526
507843266
572402605
1410003848
100002457346274
670665921
1267667416
684604176
100000827190047
100000670260272
1510733543
7206103
684847632
1534692433
1008229972
557439971
1116971779
100000509976386
100001833054232
100000268742965
1440104896
99600410
1055315643
100001331490192
1376700066
100001045458592
30406575
1173263616
100000290802769
547685278
659617816
100004236422424
1300513427
30815271
100001496692810
100000066618987
701621039
1215648587
32301473
1514674800
1069116923
10128283
7812459
100004361615984
100000922990363
1521783546
1065441815
746610135
1543358017
1454446527
100002292947008
100005293991207
1231029132
100003239642358
1644558252
1295081009
720944324
100001378890045
100003479536650
1019769129
100000067220629
5742068
100005634996028
652191518
100000049360381
100000543352045
100000513476073
100000553294074
100004614943940
100003508659114
1084832882
100000553189121
1166739105
1259751735
520323616
100001225779151
100000567879842
100000158263083
1494111017
173402783
1320110834
1551158471
1065904102
2737726
511585345
1674883161
100003326012750
1149337590
100001706018420
100000356010243
533622194
10137160
100000745963934
1386517585
100000063141542
100002305927780
1344619276
894905443
1561574167
1252346740
1603093221
671001025
582399869
100001763094508
5306363
811416
100003299770753
1698990240
100002424227236
100000503927362
1497975577
100004003947918
100001296107879
100000142684485
779735299
100002217026316
100000715772576
902720692
616154502
1503394064
100002905917747
1255332408
1415023
1308660384
100000510272777
100000538653294
100003389688859
28401614
100005848021077
100001535817553
617591000
100000905540485
1681807523
509054101
1371672185
100000033347021
100006648221325
1379190011
688502968
100004685076474
100005981558908
1030615630
500035933
1171582346
1085922080
139587699502922
1085904477
762718362
601398098
1295766433
1118632740
100000141620356
668923102
1797264692
1387842147
100002674977080
100000931052508
1389195079
1543846695
33701278
100002172753964
656438542
100005837672739
1675428461
100000057090829
902035706
204529856307568
1241167413
1521275338
1064675399
1292212876
100005837793247
100003973452121
100006343624807
100000154916912
662665759
727401880
578230438
65210880041
1135613776
100002469739813
100001718847538
1197606536
822045250
100000496629819
1259753274
100000265664465
719879276
745538372
867580036
1564423032
516552529
100002554182082
1635211396
1511550056
1654833849
100001301040374
1330710214
701463031
1234812010
100002833571238
100001151592805
36400249
832040252
100001047367169
100003045385181
1097420145
1458780380
11320178
1213701468
1608176241
701992504
1476529097
1011420087
762511158
1799148616
805370713
1006297306
100000402322062
586083040
1160812456
1347760366
100001084841194
100000766504757
1218298493
100000733231913
100001415026892
1647552438
683308805
100003138628552
1679454568
1541618350
1406340692
751863276
1554323459
100000072297327
100000157658998
1335733853
100000685451853
100003858506694
24408053
1496354368
100004270865510
100000382209684
100005284866518
1547880101
1149540006
1356645600
100006160511325
645652214
1034843688
1781637693
1167878098
100003525991511
1426572609
571039923
528333700
100003622458809
100002086366220
1422938324
1601856840
100003561883745
588331401
1268706087
1004571333
100005598523377
537008469
100001086196711
617958899
10126852
100000196736439
542811078
100002653477858
100003788643708
100000580977867
100005709581039
100001238428321
1375863528
1492071967
100004057593357
100005060974846
1306023042
100004329339580
100000179388374
37704123
1406896310
1422909835
100001583343589
1326637523
100004186243459
100000680765717
1341271861
598803285
100000457131092
1396603112
1620890855
1193319387
100000523632856
516900362
629339937
1817914139
1012232482
1134421862
714701134
100001011120778
1015233305
100006077924287
100001877947539
1074585607
643922422
519546877
513557170
100002272916938
1789819842
100000581087388
1223820092
1404139970
33004341
1081865571
6804642
731095656
1539788632
100003561715955
100005720259330
811488017
100006327792336
1110290194
100001432176934
1545953956
100002195350359
100006457452452
100001211031042
1142674256
1493284773
1592791199
1582755250
168800011
1434540330
100006030281943
100000119603852
620500477
64252656089
1434304785
1309976922
1169493730
578688486
19909219
1508610149
1777703677
505640882
526424192
1414539121
1673040851
1209654481
100000523726939
100000396202468
1728261989
100005519649610
1035748731
518396538
100002192348917
100000356518388
100002451684512
100000427538745
100002684613729
100002764093569
1358914426
1845130855
100001048514163
1584631103
1777860569
1356146691
100000883557548
165352220337306
100004520024068
501681873
100000692656061
1269673087
100001755189786
100002847623734
100000207697525
100004613130470
1567801287
620957191
30413762
1109569934
541587546
500518146722681
500762639
633388477
1317559614
1245360020
1616553382
620755862
100000638118952
100004492505299
100000307160742
100002866282704
100003780811003
1017943328
100000051592858
1220389234
1759554549
100000092940869
100005584082398
100001323122733
100000538059804
100004286800025
512556604
570833200
1346127712
100001459748463
100000013150448
574786752
1017922283
1121316738
1395120017
100002437301447
665870357
636371832
100000101224087
52203264
100001040678504
621832848
1466765037
1133303108
100000097175236
620345646
100000939300460
1091573906
1553413191
100002441553226
531876178
1207401414
100001127931426
1177714567
1799514680
100005085604897
1078486327
1545806090
618025158
83601828
652757198
796517730
100001196515065
651859755
687716314
1387279423
1576800080
100000738984966
1045074751
1610479201
100001582818385
100000183889530
1349047187
100001637662813
61845218714
100003919404121
1633795711
7820448
612304549
730503782
571911471
156316107787355
1451434420
1069499391
507922990
1269931554
632695136
1325164355
100000139946163
1168964185
100001439797539
211801581
100000603855296
100000230738656
579916303
213601014
1055483214
155205744531050
100005306174621
1230348247
100005141768313
1428514476
1368576665
100000871545224
1400385865
100001279021623
100000094752696
42005456
100003739191426
1565172460
19608323
100000295427690
100002448695945
100003169163542
682115513
557522982
714209593
100000729093660
1124498205
100003185937521
1153170047
576002809
100004965583126
1054410201
100002480815458
1254006608
100004008798588
100000647444810
100000170663499
100000596476043
839670496
178642552149505
100001417228996
1137231190
100000260749054
100004275600861
651932925
100001964120155
780447455
100002620536757
1382660328
100001880411044
1328766515
410274715664774
100000716331743
1341565850
100001353044338
100003176110842
621084317
734950660
1327929775
100004392480960
830057439
1192433576
1215615546
564459874
100002657167478
586436498
204666416246326
8368158
1122904493
1427954320
100003750152375
30400519
1035553214
100000958623196
746498615
1732914595
100000599180263
1143808036
100000167872223
1118902439
100000053448181
1572900368
1480590062
100002658851547
1571232934
100004409831835
1095127821
100002843566742
542953421
100001553703581
1406310155
159900507
526908227
100000669345334
721285530
100001812025219
1081230895
100001161992524
1005474313
544963799
14401861
1437790470
1507589
1492265006
597867956
1573786962
823348375
1607861476
538424078
100001796304109
1243313801
1652075753
580853202
100001460078493
1516321516
1050519363
10218777
100002526220830
100001416664874
100002894178117
100002614716558
1022879561
100002753469538
1661447437
100000609591197
1206640816
1066910701
1355014485
100002152963312
17904058
100001741295299
1392450317
100002481003899
1021161017
1245049610
5217603
100001535776021
500032541
287833764580746
1526989194
721723563
1793280454
1503863144
119846364715272
100003781778142
1680124894
100000944785851
748609733
100002708480408
1578637812
1248430629
1659764377
510002242
1140371235
1196210160
10124291
590695149
555704924
1610525156
885190584
1077935185
1440674157
629648017
648593157
1000660499
511878439
100000174257014
100000078984764
500486787
596175216
100006459556147
100002367806681
1562790513
1534354593
1356830052
1222851
100002102455626
1565603354
1101185819
1370181869
630068277
560768433
1311228651
100000434072501
100000976959938
707534454
1455009060
100003317386032
560724314
1482081079
24615443
545386489
100002565792489
23313934
100004689638198
1393697325
1412370076
100000455631122
100000804057080
100000155387903
1406256080
1003500605
1020877713
100002543700775
751911951
1067472578
100003233373077
1293525655
554533884
409389925773648
501783949
1523775002
100002817167296
100001262861720
1405031155
1401904
100005323898654
758314151
15704479
100004647998758
100001227578261
1392154899
1450130903
831115062
100006032526786
1719248383
1784076713
1012734735
538154092
1525195569
100002841139132
100004903715677
100000536375348
1464455815
100001498282292
586288161
555768226
1198234862
768879497
100004082133620
1154565776
100000602686394
100000297156473
1714278779
523803598
541496118
100001607135679
876855561
542300417
1565976090
580358358
100001333912773
100000852304177
660088715
100004964850554
564732203
1286892076
1268980126
645212326
27203282
1515518
794874917
211618668900675
507393472
1585356219
698194749
100000900811981
599415204
19342
819252041
1324396265
775498673
572260375
521575547926245
2809290
1117366618
22206023
691500215
100001261639494
1088449670
100001576377826
100002226835734
1563258609
1646601734
100000698363370
1340838725
100004453923302
756310256
638095713
1805748423
100000184279431
1668527958
1019800133
809786107
1822728611
8205384
1425570808
100002480284458
1225062437
8847892
1025088704
807487
1283598685
1483387101
1311138875
100000700557177
681126125
1297855342
623213667
100005207862084
100001338811459
1180574272
100001032180404
1439981064
645917005
1081003220
100000494118787
1212428210
1013555806
100000370840079
115460438530010
1226882511
1342203352
100003811519400
100000169165830
563634182
100000594452235
100001051195484
100003005915800
100002382204372
100005991102966
1498253350
724913268
100000664548726
519091032
100000165497061
1849699164
100005094582746
727964551
57602532
550922814
1474770158
1040999631
100000104949191
1300956766
100005973030720
100000034021496
100002932299876
505737901
615244714
100000287509919
100000830254018
100000116293642
100001466495739
1720840161
100000573266772
1469119244
1105020062
100001346330779
554659993
1440372002
1417468018
503179636
659806177
100005547883756
100001296589340
1272260278
100001830621759
1022480503
372826206077797
1331760224
21200002
100004038481211
1283787146
502711632
100000983310030
100001292634519
100000722567754
742602204
691658984
100000004179634
598337518
100005983621641
768613699
707874001
100005088882695
100002130773990
1239230266
579519703
100000566781231
100001124766028
81302236
48600061
100003786933610
560672444
265176783554160
100000174024897
100004289942858
1426290399
564758731
100002117404843
695318574
630587620
1038334196
100003196004587
1475364830
534820330
719044393
100003313941913
1042016418
100000599105908
1245986751
100000166101109
1335976931
100000171764150
9130504
100004770571144
580271123
1092690767
1598911482
100000729531541
1292903960
633812222
789794239
100005227532911
100002673398517
100003645549562
100000003043097
804384
100000997422937
694838060
1761554559
1653960960
1269796824
100000852048350
890450007
574374860
1069947128
1344036506
1561650197
100000075345822
1404065656
100006946662926
100002921582614
16403803
100004164732131
100002325675880
833394840
100006644466169
1266795292
100001893226086
1465691383
100004310767476
100000299509696
100002473263817
100000705458152
1215574119
100001780198783
1547865449
598822277
1811221222
5708596
18402627
1524258469
572434609
100002937033016
776319937
551967593
1245766800
100002497872166
100000008948955
503937207
100001061696533
7601616
1543179058
100002608822349
610753480
887350060
1232100099
1423667965
100000464366496
100001064625805
170741969623840
100000094710361
600133597
1634506330
1516586107
737960070
51800689
100000298534581
100004127800986
100001202693864
1270142080
100002107759344
1817865792
100003960693752
1397905281
100000710920392
1078260189
511969784
1506612121
751367660
710744355
1063906525
1488304526
1326112769
1069564123
100002477618858
720365832
1565220335
1389757531
100000474568241
674689343
100002499294582
546933254
500037901
100006474247100
611345876
1182106037
679406977
683068242
100000019791189
100003032397025
100006557235969
1165598724
100000185377636
670534883
515544046
100001668498357
1548530513
15610279
100000763473210
1625872787
100000124853023
100000123853616
518376497
100002595694500
1018039203
1496928214
59300184
1307495408
1489676995
1260597058
1177238577
100002976008512
605570175
100000633039285
100005445787648
100000635072747
100001391930613
1237920003
1682317178
1391750849
769034459
1045310037
100000094052884
1458752623
1157982968
1449720502
100003970107803
1180179835
517647944
100000301636081
100002040226203
100002428103830
100002767274733
1245113805
1666375764
5028904
513934836
662477130
100001493678235
100001588890122
100001792836592
100002592211685
746307628
1807909493
100005879880941
100001879771343
100001268634615
1538799990
100003474981744
100005415785203
1200302
690200839
619885086
1474702157
1819564042
685870379
100001211073998
100001317889336
542928980
100002266895458
100000549545843
1655365104
100003041724293
1587830479
1390008869
30102892
1483134063
1263357226
100002590566822
1845614042
100003259380199
655091494
100003305273396
100000129567689
100000493609944
100000089741278
1058238050
1695290021
40701479
100000202047112
1074722540
100000698916015
9123417
100002423253570
100005525232897
1468623589
603281591
714267436
1041406617
100000471399859
1264081580
1266228488
100004061722922
1640133104
1559693885
199459383566357
1568949351
675080895
1137979587
1150172582
1137517136
1646118744
1094470534
100000323514702
1021072614
502105113
1245098067
509696201
1263550785
1743316292
1384821024
100000430362462
100001964369085
1132960384
100000751048637
100000238393524
100000967145378
1625211017
1205957903
100003732574934
1701420518
620738012
690216744
465885540124284
100001764872032
100002690880482
100005324651622
100001084307289
1428483535
1032772404
100003745879497
589818545
1472061312
216500062
100000775732157
1028341187
1411001200
100005791295575
820235404
100003278036342
100000893890068
1106551083
100003571921903
100003496493395
1141764076
529483261
1065128386
18418609
641392868
100000225811047
100000449554194
1033698780
1154167889
620895044
1082076251
100002060495794
100001730788096
100001043569419
1509734146
100000163054463
290500172
100002519504056
100006532308629
504514489
100000156608041
742169527
100000988953052
100000021406421
1014247672
100002123158516
639615494
37400139
592573847
1338720015
1280229751
541788434
1191292494
100000558764593
789337611
640796435
100000096656530
100000570752523
1216631034
100006591484430
1060533638
164201472
100000340341621
1022971531
1241710424
1757598049
1481543390
100001420763549
506771077
1202594753
535113623
100000440346128
630503357
1285984653
100003848330412
1189059006
1002615984
100005473418209
542631587
1449424911
100000115533828
580342530
617694975
1241027550
512318445
514123535
1245330046
100001250618295
100001208841356
1766491995
100005269110231
1064916552
1072801483
1480396258
1411041790
1283656769
582748758
36300991
100003161111240
100006286511320
100003832958307
566584223
100004011040269
100001044339693
100000179316370
100000140483836
100000757812588
100001856702858
1116000043
1795315489
100003031952465
100000593598418
1135020342
598697984
100002837994877
714706620
100000684101917
1234505340
627283645
1668199591
100000500025842
1276237654
724465581
49401273
1067176043
623861059
100003286678878
100001203253081
1404345394
100001432431239
100004076236703
1073641414
100004929908949
1020268148
100001932713178
1493845304
1280630305
100000409816685
1141346590
100001372798710
100002011254388
100000597558647
1158434338
552883733
100002566645553
1508966719
100004273147203
1539054359
1571930518
8625130
1381871101
232617810101825
511172244
1310305809
1288917683
100003352650857
100005305747105
44800659
1200757527
185004189
631185041
100005928000870
100002497011062
527017989
1448945821
100002480111349
520868390
730733735
1462201589
100001325312257
100000258609071
500799858
100001949887889
5201324
630573257
704073307
100002024359321
1632439405
1815768080
100000163376638
1143884536
544442154
5031072
1370314517
1495035701
100000200640113
576870829
1279320198
290000984
100001898258845
827935437
1828886389
1058447674
1156483486
530663645
100000633153530
100000504290105
100000076356315
100001551817291
100002819954616
100000371310487
100000579648374
100001295853035
25500298
1630214379
1248283850
1350231366
100000003464074
1258716323
9902239
1380297977
100000226732415
713236394
1607084216
1363809643
1755297671
100003692199816
1129313926
35106835
100000065954078
100000876246150
1650648701
100003702518617
1365521930
1327981047
100004463562661
1228515
1536452821
100001912973669
100003475259035
100007394285137
115287901959497
100002361220425
100002541420156
100001471552575
100004921442101
1596541782
100000469767457
100007036084365
554908542
1031596742
100004166765363
100000724483905
698029566
100002255336033
451446674899352
100001626418630
1768257514
1579927841
1345070029
100002853355965
690084902
1161614282
1641851971
1664687049
22215437
140498579318326
1255733634
836120197
100001516471259
1106582062
758745134
616646206
100002536523812
1249527241
100001054265118
5137603
100001859874584
1223026767
100006133924044
518528063
595933020
1440415261
816274538
743341907
100000344653214
8700458
100003323320198
100001351893757
100000261350272
1570837747
100000656243762
34802024
1398190017
653459139
100000871036005
1338120008
100001521376729
1150011019
612088060
13005431
1054297602
100000133251184
726224182
100006689349670
1472245313
588303355
432272
1290550806
781437560
543310178
1200466
1245290255
1072729474
1035810039
1399982414
1440911353
100001721565221
562134670
1324252689
1311693259
100000203739258
26110950
100003297912262
100001705544423
1814114580
831960396
1055394701
100000276405142
100000177083724
100000006724153
67700021
747229374
603435562
1851270307
44004634
640962430
100004289881540
1388821649
1272544128
210002570
100007255209423
1131687634
149500372
1281072228
654393629
1228320017
1653192170
1483793611
1486100759
100002166704832
1805792550
100000244153277
125659
1063970495
500924231
1285351272
1057967362
761616803
100002224452805
789844281
1411016171
100000299245045
1257287355
100003493473581
515439196
544427154
100000493504190
41500548
100000363471387
500658356
724851156
1400157693
1015344516
100000189181535
1559040900
775424914
1152570152
640665286
100005676789684
100000929773691
1369383896
100001282936008
100002254781631
33700061
1009097040
100001784842349
1789311285
659858344
100003139419271
100002088519616
100005912234494
100000665183092
1674384448
682597205
100004901676252
1192193029
1028885815
100003084975223
1660097849
702813757
606165842
100000771968055
100000068372831
11606379
1377139309
1234992611
1075427025
1422910561
2601291
1161224091
40504563
542825217
1380614989
1595918776
100001783083856
1018361481
854024419
32204641
560595098
1646523773
1836962676
100003828007151
1713594246
100001531554255
742521591
1527075
1078807580
100002000167103
6823123
732263665
558094452
100000134695300
1534591707
1460957198
1129537508
100005090311971
1545255249
100003883743903
100000164274496
100000343020019
100005082244229
1192811914
1290483803
100000231603942
100002372877713
787170726
1309327137
1278780737
782780544
1190266246
594930806
574645370
716349158
100004499170916
9323315
100000003232481
726085407
1528931312
100000493081615
100007519510481
100000429518118
100003871284753
100001157841292
1154770174
558200345
100000648561090
100003693023298
15603226
1428099000
100002740300519
1189740774
775890626
100002351994529
100000511694194
758368853
100000602565591
1326614986
210605858962620
131000383578348
100000104779552
1266144044
502564872
100001639745275
20904962
1661983630
100003872350736
100003886385235
1264719008
100003337270075
1553493255
10206342
532055914
704848791
1049090785
507781573
620584367
100000128850489
1845473912
1220304448
755465541
511027045
192595787537864
684976159
100000627436490
100000384637938
555462704
500190627
100005570041024
1417062197
1057234467
15603166
1564824373
1451859455
55706406
100003276208984
100000168361253
65700158
194301721
100004621207627
100000452181034
100005996704511
100001459077269
1588555400
100002494528011
1797886085
507156714
527110362
1357900091
100005095051643
1514278331
100002011766715
1159641309
1434725473
100002704306613
100000641853654
100000778086586
100000723428410
501400768
100003653211740
712632173
100001704343792
1071615479
7600156
100002954473510
573346576
100001738200353
100002424588913
507318824
1361614413
709775595
100005960706582
688898711
734735850
577271007
1006922455
649067706
100005531791321
1686357237
780844215
100002526262476
100002109920655
100000105091064
1637720796
547899433
1222773575
1363975267
100005384884961
100001050581902
1808899896
554370250
100005028663403
1361340316
612924884
100004590582913
100000804053835
538213251
1483909883
547779225
1549702843
100003288670491
31205639
393844340674301
606899077
100000739335151
100000647962927
1586222956
100000894391545
31200733
554300430
1216543188
100001241822899
100000509898108
100005537948647
1772641896
22301602
741887735
100000339103445
619228197
667428178
1708766283
694880191
100000652716946
777312817
1140333363
100000787122555
100001568956737
1129065201
351882758232609
100000215214269
100005678040578
100003971738182
100004610522860
1440699723
14219358
641504544
1445120062
100003695255471
100003796155548
100000595769010
786246319
1320473734
615320727
1494445564
1767115773
660836927
1227856224
1223024740
1265781536
9309348
1557101187
627059278
100002855484496
613273073
502300543
100001633190328
1487011771
1257309696
1367587393
538108789
100001708891210
100003359051742
100000099054510
100000203200672
100000759634147
100001604681055
100000196859177
638989916
100000598381434
682330911
100000002896661
1335330003
1640607022
1005743600
1379190433
559717886
100001339210857
1372933413
100003901528309
1481998554
1817619904
503342302
28203842
8625822
1353487796
100000775135549
766250947
31206079
1467354315
100002657437261
100000247487652
1553760140
544679531
797397047
1353641797
1409988184
503880405
520594524726196
100003129293899
100006549303873
100000018312945
100002767220415
1020434328
100001937843475
100003397484911
100000285106790
100001760682455
1622149782
100000355760582
749693706
1221883940
202166676583830
100000067622198
691794427
1057981087
100000139573384
100001489976666
100001430453391
798610858
768058807
602140366
100002153451329
1460973115
100006088718389
100000070602035
1000224795
1746353123
100000691260874
507665119
1092407296
680047456
100001357466344
1167846260
1259919912
586266207
1817516140
607284633
1458849247
1575601609
1038054662
100001806243971
183205298404713
1176180004
1703131372
100003236405144
1579503103
1400809390
1506880575
100005298781947
7816068
100004885092095
1562477184
150102678
100000582791096
26603491
1050870029
1046107042
1064169694
1198301748
100002149021413
1265664260
1360553459
1632516054
1557993559
739872864
100001408842885
1034957058
1790862541
1556563069
100005870224915
1103842902
100000108320562
1231626254
551248271
1002564346
100001776832427
1258426553
1224984810
508081723
615560
1039380391
22613043
1643886914
9102767
100000519681401
100001058512401
768320262
726530261
650180720
753074684
1799800298
829649
1623503255
100002671872588
1454610086
501888524
100005881056770
1142700362
598306932
100000564720220
784602377
11512011
100003369793656
100000430567148
1685035309
100006555274750
1105641042
1769845260
1277682082
786327455
1629472462
589405909
761706114
724611231
641017999
1024130871
1507486109
198601544
1626873271
749589414
100000132007043
585926568
100005617384475
9348619
100000626161095
737967183
100001420155415
1667066003
100002797780413
1297412570
1443996094
100003782220595
100004981870957
1653934003
100000643830194
1455325098
100000586194940
100002187815585
1281688297
824737355
100002449219782
1019005957
691986869
758855075
631219318
515114831
118900707
1251188687
100000685477072
865825631
3435032
666548335
10102745
100000318421338
100003183745762
1296738562
1196474497
1829525850
785854288
535440203
100004313533527
680438546
100001647254865
716409706
100000198504358
100001720126590
71006296
100002652734449
32508287
574181787
1166081214
100000616866201
100001991552553
100003350304749
47701189
622365236
1343898699
100001229304758
7410613
592825452
1370834657
100002618617630
100000096064731
1512114853
10002916
760827355
100004185903627
100006269281962
1642449224
1457280794
2700011
1550203627
1477818763
1778199158
1229370007
100000167960676
1271962069
74001498
100002002583107
1122030024
1790118104
100000016819994
100002503300241
1709530834
1557700792
1219582940
100003701329635
1128803450
100000093165379
100003473552288
100002696511583
100002564415832
100002078485687
100000465070507
651277120
1153055797
658817475
590812210
5313637
100000822952098
1671474187
1338694942
100001226810142
1077324098
1133411526
1550858822
100003016835618
1206570489
9508468
100000602766149
1647890254
100001645475040
534273412
1285059247
6307309
1207872229
100001392472054
623845561
100006245407826
1059682497
1322668117
735829434
100000652294994
1145086205
701524497
100005967666336
100000409095140
100002294788836
100005086175792
1611855073
100002961161449
56600556
1123071368
728834434
5012822
827217073
1678473311
100006588521332
557347717
1834623966
100000234475048
1136304926
100000313179473
1851157364
529913547
46711208
62306290
100001188690538
1321544084
100000477782498
1475411373
594308867
1284735847
100000414884823
100003618395877
1577662491
100001402679171
1413655255
100003140057133
100001042719099
100005049486399
100000885942325
100004251790354
1037341507
1179619401
528150536
100003963079677
561242666
100001211163814
100003118437621
100005650862151
1615522347
596325452
1453266077
1614771450
100001261100787
100005355009942
157300826
1431116674
1293223957
100001835380251
1480735966
100000954075350
1497234391
842488210
100000132040898
100004018976749
535699253
100003652302105
1467350204
740748242
670617408
1294354061
1258025222
1527231872
1433233683
1636687546
100002844738890
100000190708395
513345481
1293658733
100003872507624
638162163
100002017418111
725526222
100000365430342
1209883980
100000271341240
100000572083168
100004773331423
100000099648411
1211980858
1585508243
100000239361350
24413647
1500083953
1116798283
100000888206131
100000505940560
1245514689
100005915650247
616517
573303364
100000512854051
615557
17702653
100003741890540
100002950429041
1210249338
100002446958879
669876691
1299906732
706468398
601846285
1600260007
1670078351
1582472078
100002181453421
1456477107
1496525977
100002311580570
100004067779719
529275177
41111713
1040564780
100003637313927
100005757784377
1474470754
1279778258
1316238470
1014292410
100004934289576
1835362017
737240202
1522554721
652829444742626
580156531
598708763
100000462338774
100001773094565
1022948167
1052610624
1513330042
653171797
100002463602207
100004692972275
1399963082
100000775492276
100003311743402
100004284576472
776857276
100005639472777
100005644535710
100000694269565
1222334819
1619454578
1118463995
100003749665666
100000217380036
100005632601187
1583720316
100000286578827
1227900250
1338753387
658619376
100000556729613
100001367541361
17303621
1190859550
100001406448775
100000956775946
1580018815
100002515596259
1290193113
100000975960807
1108200108
1408685050
100006780067938
644724299
100004969719548
515239611
1445696941
100006816335084
1348261227
211703233
100003593993816
1259058005
659599306
100005271931260
100002278223857
100000564421417
1263572904
863020243
100000681212761
1278552087
1179600667
617100291
630365675
1123303790
1013440890
1246627552
589013181
700302544
100000298733922
745959936
100000116095476
1152200266
551145104
677799281
521099301
100000142662402
739029544
100006428977769
532557594
100004372151323
100003385807567
100006909423823
100001103457531
1479690270
1188142193
100001075105822
100000788760925
544789013
1158684338
1667035608
1524068464
503486062
100003055128512
680718292
100000639781264
100000647346419
1512348
100005021952463
100000107390390
509095890
100001976312505
100002244082583
151654161678469
1483937500
1060964940
100000327472120
500628085
1485471442
100000072677287
737111774
669532178
100000042556710
100003139521292
1329891629
100000392920458
1534600083
100002582497101
100000193537442
1264518334
834002071
188100158
100000930587644
100002485116536
2612332
68704415
11803221
1642011918
1329534218
100004006546552
1554551099
1031146627
100002019346935
100000990773965
1307049917
1040653669
100001101739254
100001358661020
100000789232569
100000916220191
1779898169
100002019002987
57212730
100000505543166
44505055
648487091
1353506434
100006924756460
100000122032050
1287282797
1497129436
100000272565075
1639372418
1403406652
630610975
759333816
1591185316
100000043017350
726871188
780792159
65000395
1019100313
510030681
100003980381002
503585529
500911774
100004683335282
593890097
100000228107153
1409561063
100003787283275
770060743
610229915
1607199402
100005640815971
1538356419
100000753720951
1624745771
1483795386
100003992270555
100002012285275
100001876577806
1519675562
1521867136
100000599563592
1529431662
1507092774
219705698
100000249498028
793339583
100001335271392
648508911
15207470
100007313048925
100003267379559
1404446603
1305473399
16406004
100002031048994
1640552007
546433228
16807959
1367310918
1373916529
100002964574417
1501818822
100000683515678
100001270965652
532999700
1335270074
1625557712
626200208
1275191373
616455
1845794846
1201083760
100004185577909
528587538
100000745006453
783015163
1424467985
100004155729911
100001548641535
1572487999
100002425212732
333583380054748
100000598331486
100000179704363
100003001701717
1451772718
581311835
1214382491
100000755092065
100000959908572
100003928919130
1417099073
1766806859
664544322
100000249291960
100005013489474
728489915
629311889
185546247684
1583710893
100003298586590
100003450831736
100001564333220
539902067
1480206705
100002917446687
100002161805464
100001882154075
709577645
534635342
100000538882218
100000027562354
100003036668259
751485217
11814516
594475047
100006457584026
1680365911
100002579809213
1631899958
1191716427
1592676071
100000166426242
69600851
27900113
100001534926099
100004441866710
1540135167
100000561564027
1334100262
100001857932606
1529285537
100000658994007
100001374212260
17303750
1139441171
1494999291
100000577068181
1552056149
620450458
100006752521879
1575611682
1420396116
100000015499588
100000304930232
39202016
1395831159
621683301
1467368646
1630747198
1163712702
100002945405062
634945744
100003585335409
100000490478648
1788823336
1484583875
100003826785027
100001847368578
643335032
100002970610079
1437136444
505032604
1948643
597917952
100006388775517
71700930
596293818
1577435844
100000860116270
703439401
172781636141970
1364160424
100006504769157
100000519939993
1414356181
1573484617
100001986799729
579047060
100001568200941
100001096784934
25905260
1114593081
544841906
1084894706
623383129
100002547002396
1179739457
688709136
1321853713
1581139573
100002104748424
100002454535540
100000972937726
1097311987
1523058412
100000511573298
1119345448
750404846
506263012
1042393814
100002511912174
1094464030
1436217781
504248661
1222728758
1378421803
1423121435
744128633
1485618914
100000634630079
100000091888021
100001592937641
100001229137540
1623432451
100001262003149
100000539026581
1316888258
613976176
1545252287
719975281
100000439989012
1666395923
100001508927685
1064275194
100000891135084
100001900639287
1057145054
100005852984061
100001501671235
1273216731
6214074
100000208700607
1485997594
641021003
1555497718
100000563240995
100003523101685
1467365751
7722436
144026328224
100000170892642
100002116894405
585553287
1100750222
1411021969
1365382530
100005304549443
601556897
100003257172578
1119870464
1218940998
1640575873
100000451535666
100002560658044
1096358719
100005006381634
100000297657360
540814971
1612335301
1804080033
1584732552
768064299
100001635104077
1145872149
1609928845
1291576482
100000504213197
1482946141
1126906901
1306396721
100000449695754
635909556
100002345474244
1369108426
1426264987
520699082
100000631543476
744583536
578518776
100000489887154
519899460
100004004419868
692038537
100000495402030
1165358226
100002365809823
901165653
100000690455136
100000257406670
100001689759095
1036607130
100000534041484
1500435329
100000560736430
100004846350959
659876877
100000055086893
1480122874
619819137
100000231150829
100000210365175
505431906
687884721
558993562
100000354399726
100001051027227
554395891
1331547748
1403103501
1610828304
100000010150328
623722185
558914612
1240161852
100000099952538
100000483751567
1199147991
617051450
4807138
1576200151
100000839618136
755325250
1739445223
626183265
100000706402708
583247745
100006235476652
659405939
1152780140
100000290517034
100000976613864
1448714671
100002734160684
100004366424540
1631780207
100004778582881
100000048228591
722789727
1279009915
1528193012
100000446885405
675820770
1631642701
100006350530929
100002824359510
602137908
100000324541458
559008672
1210639
100002784881996
543559005703116
1384977298
1722321588
1170101674
567999012
100002149406039
1533596011
665820677
527393158
1353257641
564335930
1490607738
100001441680405
100001983070479
1230857031
1734645570
100000099674369
100000256603396
1603566101
100002512069029
1345573930
517349779
1654214580
100003575662164
100000055370889
100005130703881
100001674459333
100001294895336
9403025
100000635464907
1396318743
100003166587817
100002890429867
100002884904317
627381499
48506381
1316052218
100004083440977
775642699
1771191134
767634594
595981325
100006500162644
1355730519
1111669275
1589769107
1315895245
100000349309865
100000345400989
1363181607
100001568668571
100000051663417
7815732
100002485912441
1705675731
1368531400
6519826
100003599650464
1022164590
100000011771505
100001639824863
1177408371
742874246
100004747714004
620209319
100000640986641
1327626965
625524584
610254921
100004375329750
1134420012
1018604113
100005971266493
100002449943204
1399226665
100000146040554
617175
100003269297318
1024961013
100000772509061
100000724965384
100002336442405
100003676557654
1176025940
1040853155
100005116659624
100000399231624
1356140472
100001532186622
794787294
643125849
1563780091
35902433
100003535075612
100006717606358
100000503085546
100003224266089
100003348192133
1317602749
100000669523960
701596851
721237195
100000192417850
641675596
100002220591765
1787702575
1713228457
100000409420325
1821018224
1510937425
27800546
100000269664194
1371750097
2610911
1384282328
1467658418
100000285953716
597496545
100005182269924
617720432
629465344
1332531853
100000771153343
100000443322618
100001800621328
100003541880236
100004082987907
100002387615618
100002547706397
100002114145946
1478658688
100007095279777
36601730
100003253460487
26600615
100001238270377
1096780516
100000821077746
1023657697
100000785754496
1179189522
1245837323
100005900073863
100000520040971
100000573351869
100000807750633
100000511761276
652903153
683034122
1226010547
22209569
1654587320
1824364946
100003905545771
1196773919
1257553348
567888930
1292410170
1849165738
100000400552285
1601301243
100001501790408
1541676804
669268450
1514811518
100006553923858
100002186406373
100002196604206
712882147
1467222379
1482254494
1433760165
100002427193782
100001258659327
1293927730
503208425
1147021752
1203677265
100004990449140
1050227361
100006282872466
1165272909
1108374537
1052943910
100005245986569
100003830973588
100001618460029
100001062254862
1838615878
642468861
100000952834933
100000488864461
1511971251
1205536176
100001603478529
20206575
1003568807
1255342292
590655312
100000444335940
1061516935
100003292347533
100002535028041
100000323590302
1133873602
773819633
1813962056
100004081122636
1384585681
537570724
513343688
100000125914100
523003581
1031396121
100000968005871
541497492
1341931059
100002420486399
1118134887
820640174
100000617634195
100003495885153
100000848634708
1439581844
100000174625461
1553661440
1458931095
100004078424621
1429481479
1335577996
23930846
100000655138154
1647852719
100001560983619
100001581011305
1144652143
1281932563
114500575
100005128448924
100001182795092
100003621025244
1159515696
508717146
1687166548
640206745
532611931
1041660395
1616245417
100000519467731
800394570
1614705489
659454764
100001786486943
100000152592438
1228020832
100003273799009
1200529432
1665715630
100001262830387
328670867450
54702582
100001161747680
100002381015539
1285419369
68114892
100001753003553
698576023
5029331
1193421985
1628466751
100004009705609
1593578098
100000337044830
527601086
100000022227102
100000460818990
100001185722783
783502504
636756088
6906676
668830155
100002186110062
290794928817
729264767
100000019578351
1601570936
638412098
1783614528
616548
640648980
1483856497
1056738376
1181127859
100004920101323
100000957741121
1227701778
73701002
1706841093
81101100
1579350131
100000286764098
100005633012755
100003385928541
173401754
1299367958
100004196974362
1521777367
1331386293
41003311
100004018437373
1513135204
100001456179849
584383098
100000766242813
693516733
63200124
100002526668855
1729831682
1206245864
1287361656
1514583
1516357090
694570592
1515698879
1044633502
861890200
1584480021
842340586
100001456941648
100001297352245
1360697215
100003139725885
100000915277183
100000168243864
100000174163209
1101815592
1243352046
100006829690754
1741857943
1243013381
528162358
1170751255
100004014988737
100006265926885
507339646
789363895
100005216050551
1228530286
1115221608
123707197676563
1236463732
100002072415044
641827999
100001004496183
100000059955732
789493985
100000148846879
173802949333691
557744395
1373651809
100000243475166
1244704816
26305684
1339530114
562338516
1369380089
1818266934
1605364734
100002099549046
1463563715
1707042962
1129112862
100001047757960
100003279384016
100001603742517
1633483035
100001352274101
1251176180
674966562
529081795
100000427705700
100002569617083
500290091
100005504107138
100000553622590
724185295
1121628429
100000225301057
1093073941
100002555399127
100001516906711
100002934901898
1150755009
1302186193
1536201964
100001732789470
17502359
1333682789
1616717850
1653566681
100006172383293
100001435683719
1656439226
518857244
1641050193
503810490
36601501
100003085466130
1363087774
1068323436
1273092391
229905627102534
100000217900828
1127647637
1089874220
1217152120
1185323481
1242579653
100000161550541
100000897252095
1544002568
1374802434
1113990256
1024538074
1484796145
1402292033
1279302569
1705587587
676010550
100000907552368
614149388
1029383691
1497590478
100004937201866
100003405138894
513356600
511602348
1743053950
1508582485
588144134
1596739294
1644942286
1191551989
1392844688
100000244044518
1391133552
424450897620037
100000391904925
664074931
100000993141928
100000421839322
1281320048
100005156190835
100004085201971
1682906233
100003107214601
1520824251
100000500974953
703082029
1644331080
1031894177
627447675
100005827747511
1556232622
1528482020
1187890277
2609552
100004277893488
1380570091
672443023
20600187
100001881331749
100000350759064
100002561462109
800835269
1385619988
1207797055
1663458981
1033376902
1475740441
100005439900419
100001653082511
100001213011969
23702375
100000630123795
100000022990607
1022659974
1291779021
100001239483664
713418901
100006687553329
100003560688058
1776490568
100003275967992
31509017
100005758932958
1541443796
1589753247
1170757947
553608175
100002259813458
100001123862751
1060441726
1202993544
1535752943
100001719513395
100004995660222
1476420296
1081624710
100000132918685
1822474181
143900625
1645721535
100000605090268
632017184
1562954828
100002847111196
859275602
100000543639608
620707901
100003106733019
1632700935
1175866907
1314158941
1224105182
1419004090
100000201183595
1413370853
100000505114051
100000537171778
100000164605283
100001115684635
44204164
514895513
752696457
483001021749715
1441781327
100002548140052
100000107691799
100004393086178
40804959
100004584422256
100001281206814
9305455
842125569
1241171505
551765372
100000641710419
100000218314457
509770601
100002012179314
1379419704
100000569641190
100000603091232
1145465183
683640394
100002687623411
1096082784
9123505
1578625126
1606363011
100001604354357
508585483
1140977735
768004542
47911600
693433040
509155792
100000759505224
1348664366
100003688992844
17817459
6002516
100001478280065
1040924517
100000050876142
1657640267
100000451659291
26309155
1003756508
100004258443117
1326290856
100001017810514
100000002046762
1118599943
1632319119
1376864791
100001475805898
100004588603501
100000681366785
100004991048777
115202360
100001428042721
1648256974
100000074919539
100006592718099
611278682
669306499
1663775020
100002113265082
307074109409970
100001682650811
100006438725497
1087578786
139353436168565
100002988848939
100001099285113
100000055294769
1466622490
750386397
100000522490759
100001514107513
100005368362230
100000045705716
514158427
100000247884153
100002669299651
16601806
100000586927521
1022823994
501931962
588738695
864055220
1027829319
1669924930
100000339302695
100001257167992
848319932
100003538635819
100005410145518
1318646021
508231386
100001379825501
684127501
1236668916
100002403048622
100000133090725
653471183
100002087425352
100000341062988
100003307715117
1578550312
1284904518
506102400
100006028387774
832905461
100001038728468
1401450319
1153395082
1257530637
100000529113813
100000054112841
57204229
15203826
1513581685
1495818908
100004010619426
649171331
1489623713
1370751267
841268817
1395291250
500226202
615338390
729881194
574080300
100003096111467
100000168870443
1549731410
100000511433843
100003819793854
1488725353
100001154404437
901150393
100002878428297
100000049874732
100000140815493
747819430
520485600
1822706536
1258027312
822679705
1196557448
100004470633017
1253498986
100001512816963
341058235998928
100000796667832
625010929
100000129908591
593183151
503212243
100000522403681
540919933
100001092322925
100000343155878
23310914
100000511650325
1296378445
1525930112
1515534976
100000157989056
100001049741694
100001938685057
1708646245
100000230713762
539909707
827757365
100001361031267
1009173837
1187881179
100000842600260
601739131
10035277
1099741306
100003673909074
100006556932923
655182591
538155108
100001254181055
1110701222
627971135
100003047789166
100000777128367
100002785987438
100000109925065
100000443983423
100002207236524
1721191578
100005102556348
100002851614792
1045024525
1461852163
1635692712
100004894928155
100001751704399
5200320
100000086449525
100004285653931
100002886651388
1471831326
1792402954
100002792134687
100003459838766
100000495775762
628633260
550398672
100000103170612
10609402
162778190456758
1717530579
100004586766697
100001306422034
388926541164574
1230180099
1449721148
1217643522
100000077374935
1470589253
100002160882248
100000809347864
100000500256303
1420045081
16319046
100001841038575
1851633842
100003313515801
1849465475
676928460
100004663542530
100000243800588
1260628340
100001313615094
1049450554
573076919
100002750603774
100000143557327
590442223
561412200
783824470
1709954877
729869377
100001224785463
1279854278
100001988737030
5211464
1429264731
1077758362
1566514674
701107045
783909050
622693807
100000954113260
100000260507691
734726377
1523204140
1459549533
888540264
1408981778
1006684122
1013302091
100000744528239
100002919115441
1750611152
1379616723
1608816411
100003675732629
713760268
1573886708
1403689018
100001506901531
662932277
100000134817005
1374081790
1311621157
762748227
100001043597210
1524246827
1665166652
100003396842572
100003517585962
1096594985
1000731401
5508500
100005917450476
799264480
1385614686
612886711
1609292122
100004255661172
100004728307638
28502063
100001263467507
100003169748416
1146644522
100002819991620
100001443299050
1335106316
100001390134712
1681826977
100001062014947
100001430768831
100002083957787
727023219
100005960651475
1827715134
570700880
1233904808
100000111903538
636441163
1107680636
566726607
1597899157
1009251251
586215746
100003532378806
1330042716
1360705594
1353772727
1539348238
100000168039319
100001649554860
100001761398191
100002605578315
100000836132448
24414111
100003893517928
1584183408
100006768640766
1403410618
100001182735693
1352479353
599385939
1464167493
1828990109
100000165189964
1833432058
1675067699
10711123
100004626581428
646112428
100001997846652
760480340
100002401814260
786868685
100000402174464
581528533
1016491288
514240292
100002409754555
1030810018
100007194485763
507161725
1459404151
618347
100000692679447
1298542277
100000840121145
100001918291811
677982745
1144341587
100005028793651
55709927
1543776264
1720972423
1364319043
207860392728113
100000513306533
1539750435
1562720738
1224671233
1262641622
874010602
100000253530873
100000680010731
579620148
11303426
1559325532
596361070
100000138832118
100000109042265
658080488
100003595147567
100001346692749
100002532840703
100000568330994
1564031904
565254325
100000225523947
1299731011
1160220364
662634837
100001340839586
100001103687959
18100904
100002867699186
100001254156366
100000895544995
100002377482110
1531325806
100000016175786
1615815113
100000658111100
507875207
760071476
100005371710420
27712843
1601868828
100001587023723
8624106
613868432
681858473
693583759
100001275507608
524470333
100000458360545
100000419040588
849135412
100001537700840
1673563255
1497972791
100000928492734
100001736594972
100001947970228
1246973378
54901516
100003209865879
739350188
100000033560576
552140803
23402188
637338127
100000253127884
100000402010565
100001979528029
100002938767716
1105578382
100006060300092
100001550988568
1075573871
100006282369070
100001681258745
100001000911759
603521944
100000447855869
500331979
100000230232746
14401835
100004058851280
556093725
755744460
1310451887
1476553870
549208208
100003116653354
1293342251
520260391
100002771822654
100000736454932
1691277984
1153217318
643313160
100000120499238
1128265948
100002077329657
100006216820743
1377769990
752350062
552906637
1561650247
100005905594479
1317228345
565926687
1514823904
615425035
608762218
1186575736
1571940040
100003357777543
1656222467
674612742
526901650
526360002
1634192918
27600629
1711902693
1345141486
100000240057137
100003215799811
1244215184
100001839909445
100000745497999
1201746494
100001186292554
100001270345747
627561105
1235014619
116855675045263
1374296029
630468165
1627017125
42105505
1100445053
100004045337953
100002928039212
699193356
1212527537
1558355443
553790509
100001625972098
100001180927143
1593524580
506572562
100001023704966
100001451158493
100002071525112
1817615954
66301941
1285811775
100001890143092
201301151
100000182122129
628508678
100004249743128
100000455473855
1491739417
1127490897
775203072
517916444
1497621403
515543019
1337130183
100006558128734
100002053597776
509038217
100000133124914
1506825925
100000247386610
1477614245
100000087628819
682246176
100002231266626
1035938134
100000828741143
100003956499757
1560675267
1397724355
1550689014
63190035138
100000548315436
1261507138
1563570323
100001290198415
100005607335776
100000857308343
1231903988
100000252761610
787049167
100001972431704
100004486332452
1362660075
1656587300
1339634928
100001861620555
577894789
1203726817
100000119870895
100004940438039
100001378288545
100003437450590
596809709
100003929747218
100001541953899
100002245844460
790443216
640633084
5943727453
100000890448395
42003455
1225549012
1445473247
