100003169472634
184701744
243001862424719
1324957345
65001231
1819723028
100000478931376
1109933251
606942773
100000254144568
100000481549427
516831588
1388574183
1421917503
587188154
1753167763
1043625571
100000018994003
100001353817331
100000163205430
1480269067
100000503378690
100000705984168
659261192
741475314
1260485667
1512202558
657647198
100002002560936
714539900
734211744
523066385
1198036926
100001427544275
100000002459287
100002538759836
638435069
1522655102
1142845988
100000107553913
1506247174
1042652288
507715816
100004837597412
1346771021
1522824955
1338995146
726091987
1632410676
1309076663
638417940
1412975735
100000059352724
1038033460
1046102417
632027673
1152242819
1307477498
1175794776
662607391
1656578439
1120646379
548006559
1124280921
100000510004535
100000141490703
100000027030084
100003468648013
704196014
1337926311
848815584
711337820
1604812957
1236614373
100000129702376
1311513527
100002142758478
1360594546
1609643591
568145441
538660166
1105502409
100001076691975
820425928
1042306548
511808339
100000048609519
1300061377
812633373
17010576
1651034770
100002563925848
608951867
100003899765622
1015457076
1467786942
1036600213
630109984
1017966794
22413458
1807671614
652120276
1273779825
597008590
1502050949
66300958
1390252370
63911143
1132793567
100000183198709
501196583
742434177
659787737
597277656
1194055725
1578078899
1053798776
1014397221
525863131
1407563488
670311999
619631257
1281803099
1408542888
12434781
567555111
550426736
1354484617
144500998
1334553505
512008594
1536709741
100002233911764
100002838167536
100000189501593
1433273274
1497301948
702458060
666823830
100000100284320
100000826761356
902520703
100000192409386
1409785537
1360869681
100006896169098
1609466951
100000232132217
100000767735182
1603963448
578062293
100001157487676
707199534
1168470023
1522386951
100002592109393
1557128964
543823898
525024531
716531985
1218880409
63700175
1490028104
1220466780
562497339
100001263280091
1288953210
1239756337
100000595021759
542785006
1348836739
685001897
100000090947901
584079687
1123955707
570856750
1603591965
7811518
501569740
620076125
766576003
521022194
702180930
1136627748
732330621
1578141565
1779918483
1158242726
100002081115562
1508527253
1016676810
1134593210
1031812770
1470193056
619130446
100000534746703
1345014434
1166293447
1404353793
1640446849
624932413
693051545
1059875382
1098829314
509577048
1544742214
502789759
1371563291
1434770950
1364643889
1071360327
100000709360904
100000609618543
1615550491
91200027
1639542222
720757502
100000134350107
100003146701494
1028886737
1674774250
1030387718
66600621
1315401867
733729018
1631293396
13922645
798642777
1483342977
100000068025268
644850254
1821191757
1607163039
1567640870
1077386036
1468443321
1720972215
1142954812
1653094711
601745452
1584072289
1810791814
100000377019586
1404721727
502359563
9601970
2021920
100004059093456
1393183264
1401880518
100005090647497
1350093902
1204201070
1264907938
615119293
1617867525
1213943372
777000374
1159620716
507020668
535712746
1263140421
653578237
1027502337
739243233
1469773191
1661613258
100000607571329
1255468319
100001123082358
1624015190
100000175248363
100005887660469
806765045
626576469
526816922
100000102685277
1526117495
1149609687
506365424
1320218244
100006788108768
100001906767220
721718615
626947063
55705582
564536317
205105173
1517805234
1658444933
1098918265
1468672775
508411860
100003198975602
1308751430
1643574271
1454884958
1155243238
717104703
1171480968
717848671
689042812
1241422942
1496643519
1420868233
1542184477
519304827
100002393812136
1049964109
44003870
1515034504
1410877203
100000862504632
100003824090727
1533244915
1642240534
100000977889442
685632786
507317058
100003632801935
511748917
5800405
100000227180381
1124820288
1583065525
831925295
100005282472555
500122545
100000945746673
588449513
642646394
1087398168
1093312561
100001612572173
1586356527
1161276474
1466316807
827025437
739619568
517829609
558780382
7709101
502231367
1154575286
100002357998515
6811300
500311614
1103958636
549633869
1054729162
512895731
1588333628
1043562965
1523254352
100003169035101
1358538244
702444467
689665191
692749642
1159511661
1220992114
1076992722
728043988
100001245634046
1364196475
100000954860017
100005562102768
100001255674764
100000032738628
1625738084
1465323408
663760411
1204277153
701167525
100002923650256
708635426
1081873045
1010620144
1301666402
1494712890
1239003308
588434079
500110620
100005782297214
1334088558
1330999102
100000378076776
1203794003
1016206952
553535504
100006429577255
1259230759
10052450
841995424
1441500958
100000696903371
1527151566
613578728
588725708
1603081187
700609492
606618553
1489453553
100000609232894
517779898
1244313306
1038893426
1452476948
37403642
100000044881351
1261152719
755404708
1079397009
574675120
624797255
1020784409
100000545532125
100000648614765
568693221
682937678
865245173
514038312
1277840008
100000635524928
197101664
80402696
100000334989930
1178105403
751911951
750073026
100001713148987
575947143
1005738180
100004033383027
1370888910
22200894
549819444
1459784961
506265750
1383235781
100000127719127
1397602946
31207098
1571435547
1556663174
57103173
570675100
570802142
532812541
1557893796
100000143246872
100000182002339
1573441642
680303967
1348840380
1535575426
100005911170360
100003713135966
1421146000
100000756391280
1475222955
1551835436
1368804150
510481717
735932310
868540135
523832525
656294214
757018731
1167559783
100000418641501
209263565751147
100000154015639
1036822349
772699190
100000460163984
1276176228
1139750476
1411694678
100000834406544
747497424
576399741
100000731292607
667260124
100000704216443
506890109
1202604576
1190882413
1508621732
100003999050833
1366967318
558231022
674669330
1817091817
1367354188
100000649548595
100000906801769
710791472
1139956272
605667279
1530855094
655686464
1418257063
1577658517
1120354403
750387966
1170927387
1605661627
1498870289
709596424
1662872171
1670070675
1072581009
1578467837
1504663256
1455593080
515783003
1564278227
1318620450
1610570299
646729515
1087034976
1535570276
714490296
1379724381
610891887
614201580
1578293582
574707329
602158268
1286479541
707949729
727166392
500192496
602494472
1613450608
682915081
1405174401
1046743039
100000088202521
100003456626430
1043424300
100003823111388
50800499
100000865222492
1724110423
50313771
100001517827944
702621253
100000433153454
100003302678343
696793447
1105972666
100004104401687
1081160930
1375991807
1642968558
1357939093
574539303
1147620118
1444150013
621549003
100000540394878
100004581550586
100000312669542
100001190790925
100000601354201
584307211
728188201
100005168132205
641284201
1068116827
628174463
649637153
1743493362
161400710
709215164
756208276
594146689
1513951397
1584878665
1482166290
523808868
508376152
566501620
1007300471
1214505691
1659101708
660195802
640034740
633492943
613960359
814763937
100000224341373
561365278
100000019786939
516075259
100004653311006
100000003276109
1497137410
1571976367
1515330478
1444419988
100004513631031
1716148424
720502281
651155650
38403558
100003173647831
1647139270
692111957
1220983925
733900057
1304795620
1165750450
1103661500
100005350146591
100000004091683
1271084175
1489490925
1326517523
804119147
734565914
1102806210
1177022009
576340740
1446496694
1331043022
1540728518
1225387457
100000427402255
1160722657
1451331759
100000342485030
100004759230071
1376082655
1406334076
1379696886
742053279
713174226
100001057796816
36100989
100006501220783
1459416414
1615488948
100002063164313
663947951
1424884564
726465939
638482029
631049909
1210722211
609355437
1115641062
44402734
184601080
100004050544189
879260579
100005066135124
100000701528551
1445381375
100001432482943
1159245934
1076178832
1194853963
5133539
1503252368
1310754164
1456823322
651872939
635748720
11014299
100005884081410
100001044022570
1412297287
1257064691
1227096463
501008772
17223247
503244427
1468195966
1110139960
508727429
1533889519
100001108212260
634058334
1088997362
1029564148
100004118624433
1601344756
715805215
837390981
649813083
656973963
1478555074
1045917893
43400557
100006645943630
1232076777
1429241011
100000760558395
1075449484
1532132942
564976830
583163599
1262945028
1520735013
1615519291
1145388171
1068525014
1175703933
1130343735
1832626643
1698291842
1081075566
635545179
100004086111106
1534883451
1622287680
714481216
1015743292
100000318724781
1258685394
100001635542285
1424202805
1480510559
1833303991
1324390418
1213482746
1483895364
734101251
1727398738
1436734770
100000992407723
35001365
757673938
765290407
802780653
100000209174454
1394116729
1363181229
100001981384334
100002392985523
1636472648
629945522
1036075028
162600665
585992290
100000511036341
676311174
1390994968
100000173621333
1327904375
1507761801
560890174
774426833
1221465366
1302261537
1084863555
100000112784737
612967685
1718494941
1482085332
1466935544
100000089268681
100002355753353
1636480185
767947909
291700318
1019311081
100000095040367
1273298634
1029903508
1595010221
1505872053
1257815811
1384875390
1407396643
653368107
1556088698
1437722021
501644261
1640255258
1301974717
100000466752202
895800712
1162638895
1696912078
100003995125450
1099165650
100001159021097
1397595960
45405059
1190913070
100002584203831
1754070948
1148917202
50205878
1412296010
100000328920058
100000436245194
1469978714
1135401992
512445273
500056126
791699832
1283801538
100000368749214
100000820728074
554156981
785879951
743327438
1509075785
1386032517
1387478314
579772133
1270950077
731825091
30302358
1639505230
743819691
500152361
1271616752
631101692
100000220343421
753878657
1065292465
1512201245
100000089794359
100002688884878
1447031813
1313521634
100000217593657
100002800920605
100001343964731
1038990027
100000265648557
100006456282068
100001834495348
1654596281
100000162411563
1486041505
1589608131
1636966739
617843690
1052284083
1587558072
546601483
169100621
761569392
1660877366
651345337
100000226146782
536837143
1057193204
1131978735
1516563969
100003544395415
100002164529168
1086289879
722987764
100006959192150
586046172
100000752012041
100001075152583
859880192
100000307386566
1556640777
1409830015
100000106381026
1425168063
100000947505821
1625293098
1587843619
1223150529
1565267286
1083699389
1405706720
692781586
1376830882
1359176279
100000368398364
704757197
1562147169
1605344337
1272155202
26500996
785439265
1299073263
870725297
512484743
100001426002374
1500422807
100005710090618
1649816339
100000247586304
605533757
655723415
1311609971
100005896901434
100000194133087
1053524021
671248626
1133940038
1620164269
1004029769
655579246
100000598579702
1388841423
625510988
1172440954
644941029
523298061
100004743933878
100002431866667
1339960300
100000385916588
42102825
1589379247
654917700
100001203442842
1556276830
1023770385
659289240
1294227593
1342741119
692242639
707368635
1092432668
594630677
1770270642
1261626248
100002797759101
696775343
1290930075
1589388253
1180491432
54603541
100000005500458
100000585948045
100001318283767
1458195075
1486868203
1525680444
627648864
1329901435
110400197
100000660991202
1618591975
659030355
1389733621
1243274110
1015736517
100001313499351
100001132455128
100001069884239
1496032825
1829656365
33012356
1684116312
1148971687
74600008
520501863
100000025358366
1318496599
1624346394
1236573442
559129344
100000060168475
502683710
1503772897
1180170737
536928246
1448223352
664542667
1625881253
1386805079
100000174154667
100000195758409
1006463203
1072934748
1628238741
1349678789
100005661061553
1043151391
577128244
100000945253468
100000119119157
158218290969211
715394745
1320147266
100003129887322
64700200
100002036495932
100000686425139
1188292265
1030143762
1202130228
767140471
653232468
1001220289
100001631394033
1230301472
513314626
702930450
100000990663249
1327399230
1263584992
100003883133980
504444253
100006577927630
502573976
547118788
1377150022
684486971
1230355934
552072183
686935049
1570719434
1212701082
1096571190
718667546
776830759
1354920504
504435903
514180455
666416973
30511731
100000227233214
1160490730
500686949
1239507158
1359633189
1535004322
1152900231
397770703655405
1356251186
792610051
678402104
1302327754
1318933504
100002653429820
100000227105977
515101193
608338439
1150983281
1061904974
741361223
557671813
598823836
100000307181053
100003099561646
1283096906
100000001940719
635685620
1517628947
549432271
1247421520
100006463718028
100001609036006
590416981
1233940016
1233502947
552276988
100000180785324
1553344655
537143529
513676332
100000541959322
100000104705395
100000069395236
199303780
524917918
1447208639
1014708448
100001010931509
1461384730
472188372812584
828460569
100000121928081
1471883534
508719675
1428769304
1283226252
100002937561548
100003568763148
1517250424
1377733508
1064325172
100006063101168
752457368
1185562277
100005283271227
567873955
100000071692716
1511846519
100000297636372
1648845875
1071362386
1565302230
100004917373291
531032797
694263486
28801156
1503797428
100004967465755
592374181
100000023332292
507591299
787292904
100001666213113
508879696
1668225567
1470277228
507191587
100000485841235
601390235
100000963218394
100000786171608
729428076
1561272614
1614793799
1531182058
100000068435146
1424125967
1366068767
747030528
730500921
1242374894
100004898979272
1034883811
706396771
736192513
1649241165
100003243501588
589427971
713412115
789069852
100000742456927
1013599398
782869213
100005893802772
1409347900
1691120943
1258424311
1354636158
100004826618271
746258598
500701847
100000250022545
100000703899710
655492985
570543952
31205351
502977936
1162041991
1366800891
1822655273
510312414
1492380456
507355072
1184714425
1390525148
1496555145
1344167745
576004114
1757126322
100002686226483
741343222
100001718206777
511377812
1039658956
1051660338
1346938009
1383039726
1487750804
1392160952
1166134773
100003884485640
1404174767
1616517571
100000356914663
100002464717660
1711753184
100000073745934
546131847
638202115
503599725
543965073
1169385812
1536218485
1081871754
1424157047
1389677044
1503064923
1379140388
14814580
100000636343777
1052982630
1197348310
1306103528
1610718637
1311169862
1288123278
100002310877822
762629017
586769589
139789692715032
1229118515
1423035029
1561443875
1590077933
1281706217
1448340482
688370624
1560980050
1322101633
1291372225
1718809221
1229591822
100003200854637
726635074
215957811790974
718616845
1057950223
1313561927
679545405
1322756879
562974371
1199105068
684250363
841083653
1115661971
100001521884400
1291486681
1490183688
507969087
842334846
1520197677
100003202727772
100000011240185
100000271249685
678024043
1435620103
100000286404142
559836890
100005108520032
1186671249
1388711755
1206623041
100000596615367
1138754380
641340602
100005294259097
585545980
33100138
583472687
1076443678
1520703737
1692641794
562909336
525700706
100002208022456
100003502425271
617729258
1288850743
1554008915
1279389525
100001509221565
539470044
827024700
724301100
829450084
100000325928304
1370007211
100000578211943
1164330144
100000211292902
1426448164
1112156428
1319589838
1199096443
1522034520
706034975
100002921559519
8838172
1374411446
705940914
1471967013
1285055314
502893851
1285807856
745424837
100000690172884
1641611589
100002256390252
1605127675
1253571625
1555965275
1429147803
1512447242
100000306120360
100002487690097
1609651584
1134045696
1623228165
1543552964
1496437199
100000105377748
100000684613845
1101041383
1484271048
709715407
1542948247
669265240
714605612
1301292785
100003655113280
1651534341
100000457776240
1091156203
1460611498
1494316555
1562382945
508977315
1683857733
1533853364
1205231450
562787795
564208704
1185984019
100000169410852
516622288
100003401616963
100005082760535
703167449
100000980561675
709834490
670741802
100000219256798
1434916742
100001137161406
100000072069737
38412663
791105062
520544842
1181978167
1039558500
685858588
537329386
1316493475
1286356331
502317144
62401031
189966761053224
1102485302
1355021475
1494752292
25714379
1426511947
100002281498737
650131251
606679427
1131204203
625800444
557548373
1635777407
100001976387199
1497528306
100001931218977
1559790919
100003260478307
1483691011
1015069869
1170690601
100000559066551
100000368845220
100000742906399
100003355254237
1428861856
100000187381609
755979124
1463217376
100002402175451
504241636
516354448
100000058753918
514637031
100000038256151
1093309672
1418650414
1253580993
589716995
739532784
1583011000
62900836
1218101865
552590510
100005898699195
725565007
1032554894
100000950087708
672751643
542427575
1237297544
1760041921
1050283867
100000820627388
15727169
100001918026905
1283378598
100000704739429
513250440
1438419806
100002355426466
1607186165
100000186040051
705036981
1508824396
1135143559
751677098
1046017146
1534418715
202700685
534907648
100002512957276
1631366186
1002386766
1342911380
1388988874
832002836
613485463
1006204879
641578331
1545578270
68101163
524162411
536562387
1404711300
100000528378374
194308485
100003508592191
1200328410
1155094772
122985334464478
1448892495
736666014
657228367
100001866175942
738539824
1079648079
1285705702
40606707
1269297695
100000350057919
1302019890
1111992863
1071295796
1626451887
1010613561
100004511048100
1125474038
100000350269181
722456314
1165879363
1242157039
1734500317
558561369
1242580229
100000107634459
1080152369
538451190
539889617
1389224856
720654758
682492343
424196704303026
1227380967
606074602
100000435384766
1278600447
100000232057151
100000034113131
22906102
100000094344890
1152753103
552054342
599966007
1171284041
4939731
17025671
48006657
737472243
1808382551
1181193099
513193171
724930843
500481601
706586263
1330196732
100000379300940
543414221
100000092917268
875080234
1271227662
163875860362040
1664206991
1506070985
1342309898
1029459203
501487917
739535128
1520718935
1303061187
592775360
1349421499
660170509
1664894934
243584025736147
1491437817
1555025967
1477750410
100000830029984
1149297079
1504968366
1565671372
1637653546
100002022374920
1783800402
1115175673
1437948315
100000450295338
1360402092
1304361943
1017150026
1198266677
1387777783
560377990
100000109676947
100003236591474
1020711566
100000903652927
1271522229
1474012728
1221504527
1320147408
100000191626275
100000329040135
704697949
1036339510
100000250277127
697772452
100001811314059
616205
1070605523
1208220143
691640727
887005011
1835066402
1341576298
558137980
1331162801
100000489842356
100000327540298
100000857385222
1698745024
1263991568
606027145
1204478461
601323990
1816645691
871085166
41125027251
1400872533
162700588
603123716
100000181043434
100000718686529
1301832662
1360917993
612446288
1094538286
518720263
1442023738
1438930234
1396350195
1575850663
1425734824
1587146980
1493793314
1062421591
1493019590
100001768247458
1042112649
1651702413
508246184
584495040
604840663
100000096777611
784211353
1216208932
100000416382752
1439589392
637234034
1387150687
100000313488042
1321069531
828785223
100000293447677
1317430316
1031430726
1177255878
1321954678
1439588829
100001109742783
537982334
100000289984266
509059787
1425791038
1608131644
1120011047
503472946
1500614805
100000010380865
533990589
100000270246330
674226281
742765146
526721393
1451191256
100004348273074
1242341375
1013879237
27303498
100006419160817
604567321
582421586
1204697314
1663645320
511361710
22620148
547646661
517766058
1603872056
1015437622
1108671339
637917785
1200235307
1841335279
100002064426102
1056360842
1104232147
1027752691
1643361115
1008910111
1213135724
1417327262
58100163
1423516841
100003832197633
513621579
1593256719
1564071829
100000077033879
1020397472
1198942158
100003119345860
1430777207
1448470738
575319493
144700145
1534891373
1121730386
1319571916
1236223236
513742833
1084778125
100001789365515
1148191419
100006656769037
17115729
100000785128021
1109986179
100000049961398
1160493969
901200113
1651697080
1429696376
1156472563
1141467983
100002631705299
132993233527227
1387250669
100000490957697
768294019
1850886342
777257978
1416045481
574462684
681983703
1587967185
1184343707
668225210
100001727942898
100000174690930
176801271
570361837
1015761431
100000873200803
100001558610418
1445157259
500671730
658430547
641229656
1239002837
1369419591
1221021138
100004661433201
1504520037
1347122444
1540511567
12325472
1350518826
1023482443
100002115184392
100000085946739
1655440657
1541351316
824033723
1079144895
1265214055
1453026771
100001902392912
100000582643989
1497561537
100002130321259
100001783757412
1176091137
1068626132
680332351
316984508316840
638527260
583554560
619590219
100002424972718
1506180024
1568701710
1019921347
100006544681194
1605559936
1210141116
523007925
506033383
502741605
196299740426541
185106632
1373242704
100000068660469
1230052363
552630123
1223711491
1193911291
656012586
501106844
575295784
43602159
100000290273054
519224743
1718534437
100000151096821
100000657456252
100000496638209
96300968
1469019081
1174380970
1108070893
627800419
1555015813
1442723198
1425280394
1277388750
510335699
578777164
1073351709
100000446624670
1214363558
1006403508
560599313
543984932
100000023577113
1348876882
592862213
100001044456557
1297020005
1190855260
1178845618
531819491
100000051713736
1841937925
1778327373
538312370
1691638364
1613389531
1771651242
724775988
1117552264
100001403682091
100001994949045
1207367726
1531482163
100003233482625
719541783
507752716
316229411819598
22426913
546386662
762119866
25015516
528898773
1089166216
1405190052
662355212
668097961
692307365
100000124285440
706575294
530999179
1021862637
100000218677411
1202163982
1082379154
1486302117
1520340893
647075905
841074323
100004740371745
1348193126
506690988
1583567278
849700346
1413750080
1182653296
1023045195
680258965
1200788849
583283314
100001934597793
1582120045
1503260825
1324912824
100004642894378
746128175
34800011
1067183657
1496293073
655692272
295500628
521787467
100000753116512
100004485218046
1360546735
100000255862026
163903224
1027387940
100000042254035
707278094
1097112284
714690240
100001578373784
1634671652
565451104
100006081693121
822465366
100000364126346
1634320715
552784925
791759735
100000480640423
647979881
1596496037
1166911326
1013006275
1186447275
1748882339
582143346
1047318319
100002809261226
1677332160
19506305
77700360
1000323281
1419173146
100000064237586
1314795036
1539564751
1282059997
100006159071057
1132474373
100004350218783
601803873
1354650734
100000163166986
1141765745
1345308624
792198269
152400966
100001323858881
1041732402
100000246162806
100000137217533
100001175698460
100000218787487
1056064562
100006720639219
1109881965
100000408791523
100000024570926
828982759
631515354
53702846
1577313293
1682123873
6101742
550272134
100003069458273
100002334030498
1061896544
1355631720
1036874586
578209814
1036457977
1036440588
48031174561
1576385862
1621436285
507587270
583457112
1846960631
1598556020
533970181
214201248
1058401988
100001623441668
100000531557582
1645633987
637154209
563058361
56710003
632677925
682515381
545686565
100000088753091
1257746929
100003105534964
1353690001
183503708
1469250294
1056045874
100006362076368
1601940234
1003776628
1300449236
86100082
100000205845211
1312247572
100000405334564
1401936034
1024660633
556938092
1257996876
1178327979
100002238752503
655287515
185105533
1613516490
825120767
522231945
502023255
866480105
100001190382518
1516361917
612486714
100000034692088
1384033286
1284578837
9009532
806269382
1217499440
100000069065404
1296283846
1060660235
1030569113
688420840
100004681959744
100001239888622
100001086775997
824475234
100000737991388
1364268696
687351705
1390151420
659610111
1664594066
840988466
100000558772661
727198594
1066438293
1551798641
1683744197
852980477
780149547
36101440
507965433
500212395
718787519
193901972
100003076802220
1583709265
1483847783
1118346739
516203050
1413601878
663823734
197100792
100001637209717
1194552186
1541367335
1329606790
812968573
1322004986
100000381024149
34002163
1540126251
574120783
100005124395630
581536429
1509420370
1558989921
874950310
1298634814
1285874312
537534618
1294225738
654693272
100000133621614
1291659797
680336126
1407580275
1620933532
1383531586
1586314352
620051584
619392878
1351495747
575538700
1568446768
100003249334205
1372508847
100001207140916
63700383
1542883934
1307016851
1390086465
1044616857
100001944582550
809370771
100000434217218
649308012
1493837218
1053470527
729571485
1326230284
1581527388
1037181768
100006312731106
798928326
1608953165
1427866010
100000617078848
100001831188741
1352632392
100000124920836
580467863
1527236385
1110858627
1510302018
1403747891
1098602663
738425366
100000547024950
1402432816
659460292
1828327942
100000004337211
100001212769659
1279140184
625595586
1504911198
1742760723
18912208
778444487
561816108
1078921251
3001672
100000439112334
729138146
1209012331
501207341
1477779496
626724506
642742404
100000608377194
1033992355
1154402731
100005371988059
100000380553456
1371246380
1408701548
100004827221724
605753427
764615523
1435632904
644838831
1432411035
1461011635
1023308478
100001506913937
1301237029
100000844003929
100004542310505
1013737831
100000899578652
1013053405
1408569393
1606230604
1133473295
1010796069
1199904966
1145455532
51200869
100003845830386
1728922311
1446862138
500869074
100000045395222
1603756751
100006816972363
21703602
1257635262
1522690531
1104807061
1584110426
1496444210
1254369098
1326531300
1529525356
100003090508319
1245505217
1058366356
1148115779
100001656286125
1305172884
