607536776
1517956064
875200318
1551308514
1019394394
1356231517
1111250308
100002170760714
683683000
591552891
1514080594
516398020
1302090733
26202360
1045140364
662196152
118638
100001406887257
1168506569
1127896016
1354364141
100000197140436
1338116656
505310119
569306022
673467183
1236525215
1539510001
5009763
524377287
100003677119912
641347525
1339046165
689460738
1731295892
1022732294
562340004
100001170087753
1591569889
1184257335
100003114120066
512605864
100000715736303
1065204228
1642225112
100000263267907
1378250404
100002233048013
1727287909
644313511
1384220619
100004462716560
715203176
506283925
669297801
1498933212
1621712785
1025736102
1044805904
1289019234
652885092
1260748068
788319432
528229622
1262360967
1633278079
1034230917
1049402805
16206122
100001315976726
1354555467
1480270788
1429184427
1576020011
100000071731741
1126944619
562418455
34409263
100001917252213
1339537616
11503358
100000698365276
567156225
100002630641432
504532079
12465435
100000097502614
1588751664
1239430905
538030438
614090083
1723754769
1753219616
1664024470
100000616263790
152300489
6806474
1158723431
1702251365
100002556011821
1556659924
759790623
100000231999711
100000284564763
100003754655938
741475314
1385456313
100002158439189
1239663712
100000428838931
1630808464
100000733275026
100002508997813
100000460615469
569221822
3220742
1568103132
1604360148
1366970224
100000319824349
13912512
653045600
1351421792
2250054
1319502182
100000111760959
750856829
100003167945904
1435952799
1557682736
1421606859
740343487
1410909630
1358528866
613922986
1632962770
100000442616098
1382491547
1592504301
1788785454
670723156
100000372956393
1464649498
598788523
100000469573273
597682853
1464124141
1199932281
1324638850
22418379
1467243816
100001715138766
761598728
1295081009
1516794122
647488997
1736213400
1149589900
100000665824881
68500520
566163186
1407565184
1051948129
1342299004
1467607192
504961976
1405224940
606411463
100002576875793
733267465
1660357245
1246895106
500751370
1487725137
1004616505
1045312347
100001840962538
7920899
502485368
1510790433
1204036023
1673764317
1788771664
100005374170498
554293220
686967251
100002615608358
1545122712
1726890429
620546573
100006163001570
1535198426
100000646479561
1345212790
18300962
1320114234
646934919
1436841149
1307546984
100000664963899
579803362
100002429555853
795868500
100000826819665
1395690830
721261096
1446978763
1192415698
1422570679
1330904071
100003301916436
775624673
1416598786
100000521562161
1415114397
517596159
1328958987
560788410
100001177335019
1311611447
8910087
1263305619
100000844646798
1367422732
100000120397247
1551079439
1557464151
501658194
1302820181
68602579
1058078315
668158932
100000034380637
1519596577
1063530116
661043518
648621477
687843869
100000652147659
1164965912
1015342196
592404506
694291982
1350518483
1094311083
531160027
1763038457
1846084206
100000138800992
1498903977
1178316353
1276195533
746209640
1536814960
1356834286
1180489330
1178198704
1506086972
100001863756669
1483365356
552462896
546785345
1011381871
100000340095442
1047082505
1050231341
1011065156
1339774407
1478185383
1191942183
509228159
100000179273857
100000036224368
1576893305
1098072014
100001067409369
1372371500
1462387337
773711962
1422076892
100000619053252
804271771
100000887841870
523165223
1009816640
1223956697
100000625894739
1519274112
584778421
42805862
1568598706
1572949776
1555695732
100000334540181
26207609
783745310
1468041163
1022129631
100006089320162
1112844975
100003446504254
622854397
1307455971
1544905598
1012894399
1338774471
1354912971
1253481646
1098499103
100002852253700
104688729623853
705837007
501999212
1078272819
100000143628386
1620162919
1424625567
100000060258316
1205858432
1735797334
100000388730948
1641447761
631093851
1134270712
799254302
100003852806755
1447551549
673992621
1417553807
630834016
1203648770
100000535025383
1550432525
1214764323
537856322
1472829408
1532101586
1686633414
813690052
100002062762668
1476365575
1075104114
193306195
1356360019
1166001549
577487698
676748031
100000648934866
1434252567
33201035
32801629
100000095495598
1250391239
1846960631
100000044179541
1510886638
1795741867
100000570834654
683894788
572101848
605206044
1088603036
100000291953381
100000144925021
549483741
1320180027
1624823463
602509057
686262618
648723279
1136913368
1559431553
1078385214
1342111827
1032420690
1426552186
604338927
1018755277
650065970
1396838058
100001537546963
694531982
100001093447589
1389411528
1084580791
80401645
1478632644
1233519436
100002673388928
170700165
791039007
769018522
1818842190
610768154
100000023915990
1045759788
512812297
1422056507
646328427
1575032380
1060162391
1645132644
576709543
100002308171073
1634533949
1610763505
100000386467666
1295787970
100000694791540
1519479231
100002716291836
632409279
40802119
537619873
1597185471
1588696164
1212815566
606112052
1004828314
865890037
1079426051
1785961445
704379231
1294179488
1445947973
1359177967
1397051297
100002529255907
1133884960
100000831573016
701262475
1472648686
100000545143224
541987568
563293255
694168090
566137598
1535870388
692574227
100001051301780
765678584
8357521
616766774
1429726337
1091829627
1386042634
1115002296
762335047
100000048788262
1307760682
1035662556
1522209985
100000312894186
1180170031
1178444079
1210665871
100000474188700
515615933
1242947720
100000963143698
100000101595297
12434781
1262142520
100001819503433
819128815
100006654763913
506220179
1506360136
1603759954
1541108079
1032907984
1011720875
1374429410
589765844
166917636744802
1588201632
1588779444
1524339812
1617802714
1640734081
100003540932395
1050096353
1543941930
136000092
3230052
100000493295216
1051661731
727485431
123700185
701591273
38700340
1021740562
1133496237
830160435
1155129238
1078730754
1331449023
1015725982
553986348
572394304
100004711713480
1147414518
1527314446
1494917403
1533160016
1553407855
38501077
1416146141
100000735572384
720244678
1092228190
100000609530536
100000376743932
1280438579
100000381105187
1054382078
1492835386
600244547
100000656527165
1438218183
619162270
1321877272
1588578916
690375255
1228184923
1529130264
1460946587
100001949200280
1205885008
1046743745
168901196
577518849
715421298
1185988058
1471082665
1033794996
502830585
199103841
100000396615403
100000123495252
664724793
100001908578933
512808470
1252098280
100000461787789
100000180030251
1759650741
1384643435
1049811097
1015806730
1475495265
1501866624
550972151
1046825764
1019583274
1744929438
582609191
505173855
672953981
1296811395
1678444641
100000523865541
196000391
640938480
100000203095586
1616971385
100001153811217
1531331351
100000203341743
1561231414
100000097629208
1095791691
504845775
100000529819831
1174323942
1045223304
1320536471
100000180372461
1056364590
100000255060028
1044852830
1534239121
23418864
100000389236873
1545572554
100000560170595
100000859035425
769111543
1329864219
754560268
846224591
667890117
1518487342
500545467
7609086
1481514245
1202300510
542934254
100000307231862
706476831
1770665026
100000564768303
1479548504
643784304
1405312058
1333160197
100000863648195
558694065
1299481789
533723132
730114528
1221285935
100002328622547
707694899
100001286501069
1586718862
100000328489987
1140733670
1390727263
1079761025
655484590
1362965252
100000684032278
1349318937
1219556481
776253683
1042484757
660264304
1564456837
1409681049
100003962629432
510308885
567377851
706712522
100000186162675
100000173135689
557698192
1410670368
1523781324
46002542
57701025
100000720012806
250314318380047
100005717438134
1598990753
1337923732
100001167755331
553295680
100000987157559
100003205481232
100000179090322
745357674
1518243684
508748712
1346068079
5508959
1111440455
1444363887
100003047831409
1310258240
1451275898
1038541951
1456607689
1480546799
656528592
1158333941
14302157
633524903
729553283
100000338254662
649109853
1301292391
1330575655
677933944
677585547
100002068017311
1677760396
1534073321
1308825903
100000514174310
34001775
541704082
507484993
1510804559
704829876
100001337137675
1499539949
55703822
1451220019
758540533
1282785283
1582624643
100000942137480
590748460
1591323055
516618946
1306492506
1840661550
1404105669
1134311725
1103762801
1514868818
28803137
1486548161
1261232941
100001593277471
100000919286666
100000424406755
100001073203908
755005500
100000361449805
100001847469213
500018588
631585278
1816392456
1598478779
100001144065669
528600316
700596683
100003059782568
1334198491
1077145322
782102718
1059040523
796903430
42412770
1071687278
738617362
687191778
668184860
100000594772500
1390151098
1372714157
1393896304
1286632382
1586599811
1038565013
100000335721730
1133145411
1141081139
1732827139
1046413499
1674403328
1139530117
100000733120747
1372925424
570838280
1103514340
842104274
569881745
765726543
1441781107
100002502513706
724069923
40100581
1126094972
1093938265
1652238536
555538290
1741640077
33007917
100000889455129
601336586
1351961599
100000136377199
1083950319
159500375
1294916449
1102820221
1097318467
100000207530285
100001109044754
851210601
100001263402035
1838033120
1525773704
100002145171198
1109725959
1684194857
608568606
1514950764
100001095328323
1577688357
608201518
642646394
1611670763
1056581834
17208984
739963648
21720021
1851391231
646251330
5212764
1398308037
540378029
502029846
1154390386
1618279397
1105839151
1448954794
907885231
1359189528
1021454429
1144148608
589151723
1112298385
653765876
1825121250
100001702904597
30800477
603967101
546316101
100000018792948
100003538058438
100000288908225
199109201
1396205583
1323039171
1620123436
1585454048
100006415243879
709075028
605980063
100002007276550
8222597
660410297
647458525
1760882100
100004039260887
691406667
100000919092422
1462490396
46001663
1544676121
684796666
100000610494239
667012171
698049737
1405657786
835967161
100000679214390
100000706121943
1508078370
1649337195
100000464920264
1189847751
100000157502158
506728455
100002603193419
100001582690884
1332120728
100000477180270
500421760
1447188756
100000441773321
5813826
748749357
1339369199
588820307
743503097
1603522210
1381775245
1476888988
100003678607634
100000125893745
100003989226232
744586389
1424478991
1093208494
1151230390
100003197481310
219559164873737
1426911231
702594113
100002853868708
1513166092
1263962231
1194169835
100000266561043
100002743468614
1484259311
100000565525328
1292843212
1148074851
1633314664
842729769
1152486734
1506870604
100000255390554
100000397500568
100000897338625
26204915
1303471094
100002822919802
31702443
738402602
69201725
1617707181
646613634
100003461507119
1490897862
1574282969
100003096591327
1501330508
1410699214
1261658832
20604698
1472434285
560938198
1218753037
100006613058951
574815577
640258176
1582276652
1022295640
678823626
519462132
551155626
1797062523
1580276947
100000601383870
643315792
67701294
100003301404994
1662140938
1004435668
715225764
1480570799
1029202285
1343433108
1179426356
569768052
1283209571
731478573
100000020102121
1060251278
504702566
1204401850
1536910715
1010752033
1663585012
879995607
508965596
1441148491
1054153729
1098096894
100000862526976
1065272732
100000731728157
1384102967
1175148454
1267561791
687706446
100000112270933
27601072
1173041889
1557669860
1030717239
1093668021
100000860500922
1064470169
100000171933050
647986867
808574675
548070527
1608997219
1410781830
581559057
1097637365
100000027631825
624748571
1538145086
626002265
1799679528
1050714152
1275129104
1207239391
100003402163089
739814895
579889575
1661765207
1506933110
708451406
1027977990
596575774
1061308138
659805725
1472182877
100000051401436
1174541726
1370503366
100000403634905
591676611
1531144386
650186741
1159112436
100000771154199
100000142032272
1175530732
100001431112409
733862024
638438279
1304750915
1062000289
215902612
100000450271915
534735914
100002345128039
100005664991743
100000610610697
100000535933799
538036742
1407846654
525463976
100000971462192
1331192312
655108696
100000456984557
1399087486
1479217115
1399095862
100000534235226
11802004
1388292487
807800056
611750925
1076421600
1090084806
1218325066
1579086101
1714750805
690997407
100002979213134
100000043687064
100000481874373
1763184558
1420752521
1707713372
790430065
1373491321
1532552440
742832593
1513908932
1559207539
1191027627
1172844405
587813215
100004674480166
100000159622364
631266614
509075187
1181795656
1038197079
1522473160
780035156
741970857
512965503
1231785973
1067931831
100002390507832
1157938303
100000565472704
100000107736407
100000771028033
33808899
1261853791
1176279897
100000025462632
1332742861
100000242152192
542876916
100000271839530
555476204
1395660021
1450067343
828977366
1475460912
100001064833012
100000187474738
1257324914
1381136701
1313739325
100000879484484
746402706
1189162336
1513673005
100003826927102
3211765
1647761118
100000729102350
1395999676
1406416443
203801942
1570264985
624402463
1406659268
100000718502652
1556052142
514682654
1453702599
1456986986
654023200
1370153082
1658801224
701579319
1285656612
1532700970
1662866836
731451125
1394647694
1171196400
1481148214
1179813407
1337445362
1185691506
100001044056401
100002424945899
1204141234
100000395580281
618900155
100003254605914
1052930096
686355836
676466953
1361191741
1333095903
1685143980
100000595954548
780929520
1403456315
634808548
100000008066258
1350144079
100000002215875
1642818953
1365991593
502149363
557189337
1003486861
1400954332
614987516
581305828
506534528
731077183
521656975
8339681
531128073
507790068
100000157842018
796519698
100000528961308
1494986816
100000528618570
1579111784
1665896549
1358198626
100000643763447
1347252538
1461830685
1547817429
1393982604
1470165264
1639357186
636013223
100000117974063
1130237597
100001492098983
511794389
334681099891150
1816334037
1630903873
1118874425
9002362
656801912
1380913952
100002569207074
1522953842
43407462
669430120
1352372988
1553680517
100002919147094
585547652
1032171882
543761932
1049859053
1432262373
1058440961
1274397518
12325396
1412019705
100000544410829
1657087611
1635723352
100000203758143
1568977332
506498928
1506591987
1164453268
1151067352
538216892
1752180686
100000571716767
590086588
509359876
570347066
584268365
1101343509
512360974
60704062
541709384
1762251857
670680607
1744999649
100000100027574
512853778
100004761522939
535410991
669864491
737582628
100004495214116
1029093767
646729515
1567035255
1025974796
100005837349909
100000456170649
656496078
1018881947
1815351283
1485406089
1804995018
1156128250
100002937856713
1564118963
100000471549254
100004188215145
705290053
1255299954
537966538
100003114578359
1349850928
698916549
100000020786739
100000100453288
1591234582
1527122180
649140478
1182677788
1443577516
1169748019
100000629493773
1105207144
713903303
633710295
683258399
1015677943
100000063134663
1645304706
1420542539
100000409659270
100000271962082
1407373930
1452093855
100000204245908
668352971
1419606587
100000197060054
5250256
67600932
1569584842
1807014340
1312111168
1264681456
668689810
549547117
708132542
1387872206
1435024677
1375790569
1230008007
82500098
100001150005546
575407016
630812326
1532442245
1055730126
1011760452
1127385896
1074077248
594757362
1406811659
100000546328711
625034858
1256273858
1352614473
694873663
100000687698679
1133581508
1281026752
100001787630183
7002470
516208708
1048420983
817497459
1249282288
70902869
100000168141636
1128940892
1534519003
1318536834
1508665289
1283790731
1633895668
100000867532555
100002570759081
100000479898143
1343526137
1450241449
100000723852541
1079597183
100000245451594
739127145
100003206987666
100000161467035
1268709795
1369248176
1592656116
1142380158
803825437
100002177049123
1051322620
1419019734
100001270560461
1403892076
100003633662882
502753736
80100182
1068116827
1004448497
1240316402
1079449148
1613288686
100000507634933
100000735113988
604451672
1278167775
560641627
769123376
682153207
610888563
1286102481
198400400
1577486264
1376740948
1019931106
645841531
633130347
806255385
1790066322
1419396176
100002605996128
100002527745602
637807470
1431944151
544007704
683246753
584148092
718466544
810123220
110300900
1523771001
1241111547
1319006097
62006906
100001427503947
1027902238
603286902
100000346631337
1167310141
540384379
501900496
192600780
100000291482169
1407964303
715339588
504183418
506902233
1455142794
100002967641468
1175861422
1560653068
1661735225
716001063
5127138
1327805145
30804021
100003624132050
100000741155122
100002300952626
1313085667
670390938
100001527323103
100000279676676
1355507598
100000577316807
100000791096661
1266355959
742430154
736132319
644373461
1082425502
547927989
139400155
1363863661
637795786
1180320402
587774899
1317619025
100002060536419
636356517
1231126895
100000867744563
26207721
540871853
728901593
51806042
631818464
526731578
100004124950170
100000883865582
22203267
592308644
100000450675233
1422018107
1255825306
512286963
1338150967
1387503040
100000066431433
100000824145926
100000305552054
1040386516
100002157530237
1327347372
1159518153
14000725
749598834
1255773205
1226541126
100003384908211
1528616928
1526261293
1137633893
1184947250
1540236852
1343228845
629409256
100000268770705
100000571177766
100000865375565
100000836479888
1225869727
1156300328
30902568
1100741208
788482500
100000253987931
1245952393
1231355483
1305451740
100004326991943
1324323872
653483221
1251352706
1176087012
100003974088925
1155012071
25903569
650903697
1387993442
100002520604757
100000891208632
1554128826
180600353
1049131973
1189757977
1665691702
584297435
1104811838
721328868
1578469876
100000383503993
100001311698350
100000017209136
528390361
1477180590
1263276804
1361235054
1507532495
1602768961
826478501
1639906107
1502161251
100001829778984
1735593951
1615833637
832760391
1122588315
100001660320197
1155842865
30200807
1609143643
100000031369470
1389087424
1244344893
100002476432030
1070090816
1399368276
547208678
710461831
1169127069
1816497309
1064190402
1198095999
100000239534640
100000435271314
1641495412
651708667
1400267145
592731607
1226762067
19510885
1194407710
1090614129
29503184
100003037896101
464724560210286
564724831
6816810
529013589
23900681
100000509981627
660836653
1643904516
650670337
1467637172
1076349274
1519449618
725350848
729336652
909170223
100000472520327
1429700047
1628860074
100000762930027
1464368738
265850552362
1199654581
1277771653
1631407023
146100807
1323948750
1206334253
1076265183
1490246730
723969685
1408646601
552957021
1134447289
1159203470
649813083
1426095355
1499928451
1398432226
62598231673
526134263
1226828464
1035942869
100000230769368
100000048019635
91300046
616803200
100005847155974
1360418557
1231202781
1311834566
10031200
100001591934093
1175392944
586160110
1378787157
1323834357
1338308702
751187904
710174258
1377057719
530637647
667232256
5005558
1057133361
1090187311
761073286
1520735013
1616003087
1224538
1273699688
100001755191750
518845402
1408231149
1532119929
675318824
1039343414
100000251750395
1437910805
100004205474026
1169587998
744470044
1579257698
100006102402697
32806273
543159802
817416
1031848597
1127228027
1289074934
1278616118
1222587391
613047161
603847348
100003584567351
715397138
702282290
1333500803
781732763
1795513838
100000857173808
1139061063
100000017737357
434181543288195
1258685394
79800732
1209456727
1151832023
777168418
823698677
100001095639962
676153890
100000577383853
1090628653
792333011
100000304958481
1413327843
551410505
1115599954
1490880361
1062367474
1397757185
1642963779
620320153
16829838
100001242174639
1411533644
581750546
1655580508
100000599513483
1105133371
100000838622171
1042494005
1612664662
1521714148
1034805084
57002357
1172142265
1286360358
1069772458
1457610849
1306162634
1204303783
1650961507
559626809
29008585
1107390331
631177542
1681962510
1191858849
100000578479524
1437351570
100000471051188
508214393
604362551
1131422104
519341590
1479413647
501544040
701648768
1496861358
100000289509418
1019006697
165700187
599787696
1312429062
1275167781
1419293126
100001924200409
546659938
100000025734450
50901931
1568641447
1054995986
100002207175949
100001097446747
100002123709650
30511622
1056960046
60602284
1385172423
100003159026425
1836313263
772932258
1342133899
1826047173
1213323216
672274252
1101407567
1516968666
1385598680
1722691842
707610206
617900600
100001660115443
100001764161809
878015223
503224413
1065394843
100000119901967
596929104
560065897
1650286219
1378703542
1448724963
1636758689
1572275022
514100355
100000071598689
718798726
808694391
1527346039
100003791216824
14805915
1145501953
100000155790725
100000190407656
193800093
624552813
683163972
100001194587312
193305305
1666177106
100000687440392
1261146625
1191868309
1273440569
100003364153074
1244663597
1532946511
100002308534315
1572505908
682363960
1243936923
848380384
1414249586
1850021385
100001911130457
100003003797491
1545187704
1614674141
100002714056900
1137585760
1336507362
100000393886969
614282389
697838939
1079114962
100000138730368
1507574237
1083832024
1615382837
100000497178364
1761722673
1610887134
437110696315510
692397670
100000468833848
100000691082187
1386050048
1682841150
522446555
675696544
1149003161
1594320058
15610566
97800991
1360548015
1504442655
265325446838829
100003741864680
1714887872
1514089708
1454655701
509713512
1304498359
1418723652
1666046145
38903845
100001103405445
1487732093
1176148223
1059694397
1249716515
1585788661
511779467
1375151711
100000297602838
656546358
1198149800
100002681582712
1284302909
8841109
1502605209
1000983125
876400646
1733737907
1525082904
1039671521
100001498801437
503809263
1167582575
1357211843
1724401003
1384473823
1077751663
639272924
1653841053
1554546276
635232282
1201752358
1015252192
512445273
100000916376700
805525969
40001140
100000797963969
1224504557
8614997
1555952993
657482977
100000044851513
19708009
72405036
1112057843
1069706972
100002674960716
1566265843
100001444022916
100001480566299
667742213
503953386
73000914
1600987288
650287476
100000254262473
1505692024
591745397
1537390380
100001995982311
100000295012514
1296948075
1755712090
26203203
1045943997
100000604306070
10022038
1160589662
100004879599743
100000474180097
47601472
100002476653175
100001646747862
595919015
1250353779
100000716530519
595874034
1431733813
1534583332
1054759676
1538235107
1545645479
667226708
1184682819
1245001747
1372759051
1354643732
1349810720
1017228405
100000918393054
1558425760
1267604747
1215602115
1427539467
100000739931856
100000224054616
100005885851809
707811550
100000125063651
570426093
698880843
1176851808
100000398134264
1481123797
1417200717
539558270
603762338
674349533
1297353716
791889529
502986519
676441907
100000012350552
100000778907222
1242195838
100000911594930
1140371297
1120280459
1040480408
574830156
500090424
1497036758
562153100
1005640034
583845051
725448794
100003201099834
100000664296397
100001343107199
1671722874
1201284318
17106021
1230053014
506297086
1472306867
100003597317738
1812448625
1508160788
722529695
1719454480
1119087401
1802419446
1334630568
734945496
549671158396237
45403843
100001525548583
1617016803
1566437158
100000090868425
1817091817
1323041346
1344890260
1479189069
100000506212186
1044074577
1749011476
506939256
100000870920597
78300368
100002567780320
1143384766
100002431894266
100004592437674
1047858836
1171212023
631499021
1063262081
1216672313
100000219475485
1424070022
1410079524
100000539893448
100002638156690
100001429060344
100001526261064
100000127909298
819225541
1587843619
100001606404530
1382679179
1419447018
1448544231
1533023270
100002432662091
100003534483726
70701904
1250376725
100000111664076
1231434589
1722706404
1262657603
1460123433
1255236148
1267028792
1062265973
750015363
1061602163
2709390
100000737631777
20721038
1598264037
682647993
10601798
100001312537565
1508503951
1165926898
1408702098
578105241
556214346
100001863115866
100000901001978
551145480
1320488858
1100809002
556352603
567919052
100000247727760
100000201987736
100000515431249
203800191
1497738307
100000203346935
556087738
1729096292
747821457
1335482610
1588033598
561300106
660856767
1493808663
1314468534
100000397050361
593510939
747062081
857675491
1561030406
100000472991196
532841451
511636327
751819670
688745099
1789565474
100004491960115
1400957914
1430163474
1752776511
503910076
100000023246790
1482049302
1381711723
547672924
1108787236
1314740521
681632260
100001168534749
611797395
639022185
100000294410926
1464671612
1421840193
1020344667
567212463
1596447880
100000980594710
1424245134
1406830968
1111906234
100000197904491
604114598
1330879644
1660311829
680945140
1040730664
100002192622004
617383364
100000160216267
580894917
1400714233
1219673397
1229135079
1250631229
100000042996100
225700319
100000357664985
1248012860
100000177083724
100000785664878
574971908
100004061237984
1398100718
1623812149
100000775997310
1649228092
721512390
1121803152
1225596779
100000277818610
100003953339071
702378990
1647767379
1771077420
100000680086227
1675533327
167200565
639484809
100000031979434
1472536051
1601993639
1172237601
1468843838
1433370385
1489399641
701375206
100000316481243
743128100
601009288
1402670473
1469511119
504115633
655809988
1366873219
1605690719
1048096482
215902577
677961102
25201249
510792037
1479939760
23227
741500420
1255800064
553971560
46705913
656626308
100000080299693
100004233521356
1417299467
540236256
1002063727
1238996049
100000337361168
1574855759
1206494741
100000904741113
1648253969
637810862
1669653428
1577989562
28806813
46100854
576046304
581785750
100000354168215
1028866161
697890861
12913036
1800559969
1303940759
557413670
1629975844
1289182852
590189000
1349246909
38205219
1669794371
544401120
100000030870521
694601110
1264007300
641020948
585024650
1585420578
1552567063
1122787811
550037964
1667500790
100000356785376
1511166804
1495657311
1568647246
1502376690
508814004
1565613840
1015736517
562879494
1110673483
1098358196
100005921860137
646603016
100005799727008
1653206012
100000993709214
1016776364
1391812614
798685173
1446395101
714983824
132501798
515452227
628861173
1668332319
1086218629
711984408
1065956857
100000852682742
100002337554752
1082209144
100002776718309
692117383
789359335
100001903316446
512108055
68000491
1200218069
1058524144
1624346394
1346101643
590079937
1043875249
1280312717
1122133015
1051030879
1283790631
100000622696802
524710103
9432912
1019691996
1773716565
1536038555
1517798912
1238636641
100001560989022
629021121
505952160
1359001496
1021976152
1569728144
100002866792794
650085374
585210924
559494627
1350096155
1422041224
1379537167
1514625647
100002418837945
642325173
12126367
100000273017555
1330877841
611440219
100003003992166
1030924352
100001692780397
1834269543
1443100957
728886662
1011591316
100000185739426
55902691
500845518
1624892284
823878231
1649407108
706160958
1384141425
1254326313
1369915216
159500112
1074602467
100000019107403
1225881359
100000429774374
1357757916
755043243
1126484598
1099441962
753343680
17823408
100003759825924
100002554369163
1217109312
100003070847762
1244752865
1476924985
1174971697
100004187680625
1246383422
519929648
671790689
552048667
1219765213
100000310633279
1436194064
1359491255
1728125492
1006726592
1562076279
1544799502
590161408
100000629658097
1447454316
9434055
100000619834803
693763823
100004713363336
100005984288622
583214081
1112487601
1736363202
1543130639
1293408691
829116837
837010363
596496694
100000089868850
692322698
100000062697281
1513232101
1439952439
1095834158
100000361031385
1646344420
1329442901
558197904
667586698
100001241091322
1626741553
1083040923
100000491703815
1518798489
828675360
100002470787012
1435926836
30504823
724411543
188301205
520739069
615374598
1447183836
503538281
563227328
1121936663
542375602
100000298140556
1181193169
1494857746
1264617788
100000011337494
1253417604
1247135832
197300695
1574599858
1528422264
1638803635
100001879789936
1425967279
1377889263
100000049425782
100000276963854
100000412057958
1802554009
1014876060
51808621
100000574028185
661227630
1568900388
1693862316
500242314
100002003201612
100001477922605
1417312037
1409782326
640671942
1259042088
595627249
1317454392
1383616489
100003288226153
823073773
1558505330
1303022973
1022141064
1010972018
1171303880
797085304
666786524
1848720714
1793745884
100004487855432
1311565174
1492942980
1342675890
712588455
100004387243822
1677332160
1607850024
647457320
100000126075117
1209992814
1103557131
554686537
100002150451881
611263974
100000135856881
634399605
508115231
1571259854
624759339
1576997409
653613423
1659084477
1263454383
1042010281
1613994639
100003074363400
100002733699905
100000831585961
40600895
1537405308
100001026350657
76805586
805530631
1328434322
368884239801623
39513152
1565551114
100003724437948
1634828611
547537540
508946034
100000592056188
100004101197033
100000425174757
1663275994
1134332033
506715546
1331572231
1419140221
1286663679
1474630356
100000153510760
728635273
1447772070
1062859837
785997821
1267211959
1267399781
100004751380734
1030286852
688617488
100002151962132
1270770506
100001786149488
1515771350
1442253651
557803031
1440097532
1769843680
144600004
100002699892437
1530699475
551627795
100001432334839
723373214
707405032
100000173713802
1293514622
505194482
1637863854
1281298033
617546361625210
1104724352
100000031040820
1800302672
1291041363
211000556
100000942948169
519198615
714275351
1176555846
1209572712
560722519
802520331
1301903461
540189890
1328233180
38000044
1603343433
100001233390885
550235836
1690748781
747543335
100002825950366
100000415552803
749200118
1260187843
1423720455
100003143017876
1664613475
748198316
1416707533
1095604041
524235313
100000129591834
1484328014
1222592145
1086173965
1210023587
1235948444
1263333259
1596065121
1274835979
1224354840
1266033248
1312712326
1066065102
577696903
100003074685359
1633293259
787874594
640496309
1299148484
1293246909
1516726206
100001105037552
1109163882
45708417
702607402
1090428353
1465451135
1378882700
31803217
1109020351
1485905291
624991250
163801063
519952846
664334852
1071943676
100005176213267
1283933153
1034982044
100000219955804
1219465346
100000298540687
1329519525
100001029094907
1000636701
1438012434
1414725241
600451727
715947584
178715422172766
1527240236
1604508911
616988440
1002371246
607093930
1503048918
1405991044
1469798945
1023040281
1557876694
580400200
100000664792861
1387591438
100000189241463
1137474038
622105828
1684602848
642134826
100003315679809
1450988102
1148113336
100000003935029
100005510473418
1574586657
1246080116
100005453792333
511635726
100001280998452
570112497
1141621978
6204361
776554115
1208225430
668509464
1068406265
705408210
100000177996828
549945294
1588136732
1178362239
1361487708
1345058872
687086237
715656886
622717546
1577450555
692707614
100006104527782
24209378
1063821582
12438704
514362082
1382223935
100000731569391
743768508
1246804135
1151000588
1678846804
599930973
71102753
100005544155226
1342343608
100000067923364
100001342110211
1027628227
1461117765
704979713
1420731728
565374474
1374151839
100000555125644
1058510754
100005378653734
1411687242
100000789358349
652821927
510104883
519582044
680387680
769423497
100000144265340
737837617
1325270720
100005048373001
1106349260
1212677484
1621387253
1547452244
650330756
1405276757
1544712984
100000681773029
569039607
1197886146
1627042801
92800651
1217347838
1279484138
1080305662
564096638
100000103696624
100003686452048
1446827764
1534803465
100000226096043
100000108149037
100000074735259
100004469251190
1275727746
505897256
100001632765127
1227273776
856034718
1321565910
1112460047
100000302406228
785579503
1436056194
715163061
1248632095
100000639567636
1531915323
651553796
100005482621477
510843034
27703470
1062360862
100001481125222
1271074271
1017358378
750108697
715644917
1497514541
55701286
632713265
1487338492
100002260475785
100000040899797
1010238894
1508514601
100007298863726
1603490953
1253063199
100000148178315
1389457556
666687346
173144234994
796475681
1436706322
603824706
642640902
100003130168238
1677906534
1567152299
1231458676
1337560337
100000863521968
1495980022
1787569747
549077294
1460716903
753033444
1216221627
1194590362
100001128276909
521589335
100000168938891
553859216
506236932
509148080
100001530273803
1657826479
508253572
1284852065
1487723608
100000077967285
1316467031
503838997
1691638364
1501985828
1217812052
1169432222
1426628947
556388651
1231792048
789782700
519902264
1215174527
593011421
50102258
40602105
1665079133
1048096500
1330510401
100000018379496
503719365
1176558229
100000480834738
1195419547
100000610028363
1430320477
1195692533
100001316700265
1077760061
36201029
705162825
1138107968
654751816
879480316
1440651153
1538291711
1291891989
1177996441
1473063984
1619244777
1529036240
1422690369
1407431074
100000520500657
100000116836738
71200439
788994692
1012531032
100001120130102
1007726706
100000645294819
100000227180381
100000752037074
26506138
100000057600572
770498384
553384448
100001449403762
1055769071
1208892815
1093204623
1239990546
1313636574
1221908014
100000748549282
1364674854
1617845502
100000706950827
650451925
100000133373797
530743574
734929694
1108651964
1234184132
1019296091
1308816304
696190357
1250634858
745275595
100000437557574
514952014
515076321
542025650
100000012238016
1753368915
100000229703626
100400215
100003040203056
5225491
100002322375460
100005236327170
1417921303
536456530
1228094062
100007614661623
1431222163
593235812
505737083
1134884169
657309395
100001564365889
504283861
511680118
100000382477755
1090826466
1394878584
5209286
1233103618
100000229090999
647274867
10709905
1668445508
1387977175
1113715635
1640922455
1281424111
100001348514920
6024924
100000214827649
1500152703
1532642752
769888707
100000354782573
1656566991
1282478661
1178362268
1351540619
623686940
1025550052
100000025066671
1532282169
1563230608
1293145718
1101244986
1563721191
1359662180
1645671957
605807350
31509272
100000055020748
50909118
100003488091171
100003926908147
1533372191
501719372
1383012972
1471946983
100000722370920
1786815630
637525783
100001736052987
100002245112942
1248641084
1308984864
1363186412
100002740177353
100001117534854
706085678
1250201025
100000005496656
1177473668
1783959629
100001261344660
21313497
662766210
642027701
184902814
1035640442
100000184437695
505617814
541121077
1241394417
100000693190312
1458826043
1338381932
684405466
1165601546
505983884
1150960204
515212743
728886791
5815216
622035979
1594891030
100000404770228
100000018248048
699591290
1018130259
1187928067
1146593167
1521142012
1484244659
571678660
1617641798
1708982031
100004599581052
1317439611
684466772
100000122045332
1255643263
1559692089
557977401
1470483177
100000372405865
1256437091
545614849
100000470390708
1622577375
1197525439
1384002274
1314913718
100000698769523
787101203
1833788965
511995650
1672555837
60002066
1165196809
100001842994748
1087253515
692645306
100002874763839
1790193118
28800296
699430647
1831926555
745284291
1348867265
645951175
520693335
580761421
1497218996
100000006970299
100000568681665
700240770
572560403
513915074
100002330084793
632438798
1283426860
1595220872
1324952061
1428979898
1599160819
1728751909
721892530
556917024
710474151
100002755410327
100000616665319
600870203
1238330918
22003351
1296905303
630177193
1585920889
634467492
1137210931
696583686
100000372497266
100000161702341
1443042891
1080798592
1470984825
100000089850285
1073137787
529525969
100000163593004
1252141411
634209646
1487932327
1567283759
1495670896
1640233121
1536296152
891485353
1443170323
1447250502
1258671308
1295861403
1231385629
1379517336
100000070906582
551940439
1453040274
775957557
701918091
1386958247
100001192141923
1550732508
1500308370
100000711741791
517047712
1458474362
1403719965
1237749551
559643626
100004792202853
1568200874
1196777659
1623228165
1605004807
504905338
1535360877
1820090549
1553091253
100005030193172
1347010613
100000613040810
591330725
506535536
1514142954
1160667049
661329622
1555953235
1051833324
755667596
1247453367
100000327921227
1282947111
1188073871
1600881274
1660357310
1608916819
100002508812651
818072617
1099951955
33007533
1502877705
1661812169
1050280404
1393364245
714526856
1649480436
100000434891681
525894438
708129255
100000066961062
1646993763
1184268239
850985617
100003876101229
100000624276371
1667207399
674619578
1571001484
660232189
653575392
1445576531
1279312489
1107528968
1534189258
1467153728
100000683657905
1204215778
702454586
1354911314
1076529225
626635807
100003453234535
1850268583
684305295
664275210
1375601736
100001122920582
1317721720
100000496770351
28002431
707538310
1187400365
100000651014883
100005180345481
100000415232495
1454552300
100000522635396
1062085877
1247438685
1317281405
712518145
100000414393929
1054518534
507187857
1001847284
518530919
613298832
1389837467
1418334756
698415980
1123304303
100000005917914
1370774429
100004588394125
100000599690363
1028645548
1190756143
100000143720853
1216962094
1010494467
1456613781
1197538511
1328621504
1242439780
1118781823
585190983
773975955
1381571214
100000940450767
1634510914
1518917566
31705825
668041782
620168069
1022298093
100007059994859
1583575374
1399029020
57701349
1351015637
100000452782102
1412285842
1270740425
100000515600225
1330710877
1013767522
1024113231
100000303714597
508521007
1210658804
573012063
100000923250457
1445485662
745355464
100000078674067
100000568813973
1044435390
559657808
1207830547
1465484179
1043133859
30902008
1234351881
1850420645
1600164495
1540666447
1330891679
513311826
899055108
1506450097
1234134792
680943396
517058761
100000236246273
568996150
632090071
100004426024098
1524217080
1544890609
1448576004
1792759105
1327776213
1513263680
100001462434206
1038518980
1534706286
1292962063
682147903
632014516
27420489
1835255639
506501587
1314114807
21300653
789106154
836745051
1317610108
100006234612281
1579093566
1231938963
1196524069
100001845747390
1440096007
807851519
513153631
1459375900
1564320681
678008221
1429943931
1682354507
1617980489
100001944721921
717071135
1072248182
512317816
100007551182867
1107272954
1521456774
1027651995
561389621
1173245914
519881600
100000354049136
100002008760521
1805372326
525414533
701662238
100002883856636
770378398
1615582980
100000027241873
100003741437137
100002146162818
1786055708
1132793567
100000218192733
1399929984
1149052810
1569857670
100000134813479
1611244220
100004150834363
1459414076
100003615572087
100003756837140
100000441086073
510092926
1182344566
100000539102009
1378904787
1124562555
1223093126
100006410372227
1211106740
617663516
1379780624
1198257885
627015802
1561091350
1847258892
1525159079
1491308409
597701515
1449265466
1368717408
1151205087
1001987704
100000027568053
1367178573
1165856377
1020585373
549526694
756708217
504876528
1254450432
100004863758196
1508344188
100007080549752
613254374
545801632
1038836149
38201548
1049513511
1195018833
1104982709
1665744981
592880616
647603790
1601282627
1231350525
1374732566
1369211714
1071785304
1590102615
501312754
1607343244
507784197
1414361910
594233370
1132805791
1381606431
770789904
688747040
1807926786
100002629249306
100001134369490
1622715989
1421052181
1334289040
527464567
100006293739643
1117740048
570655583
1809455706
1478393270
1821780664
513006404
100000692558965
1309357561
1426131268
1572738064
1538772855
638543372
1478993799
100000021688598
1609104317
100001514982331
1810867470
724618355
100000076922382
700413882
100000321822954
1073685762
1335813746
100001544093790
1389935863
613519401
1308750264
1361460769
1003185756
1821191757
100004363960991
1330715773
100003873983019
749363682
500439810
100000086981783
100000143496751
100002245274767
24200711
616561691
1453380096
1668427798
1222549620
1121568693
193303768
100002212074363
888005719
100001434975740
1554000563
1549618087
733015651
664099618
645892446
1556410941
535261288
678919328
1494087170
1432466723
1788810088
500038278
24610798
581494679
517478839
25316056
1255385242
100000937748040
608988062
100002281575727
100000187317928
1101203991
792124249
1228531082
712525305
1785017137
1413926787
100000932872761
1374523515
1736690544
100000819470583
709191467
100000129678260
814292301
593600140
1205103529
1565315000
100000210715509
1433951207
1284812284
1050093471
1212661901
754168491
503419860
521113364
100003683905008
530960054
1602785249
640712616
523570635
690877506
1003156323
707417485
1574931289
1163512485
1156416585
100000239979034
100000157427394
594520314
617423351
100000096574171
1149294131
624306992
100001918547446
1159162103
504281421
1417183056
100003536585923
1546312524
1804450328
765360039
100001396892546
1424837282
1055429791
603802336
1010337551
100000508099208
1347495745
100005491805064
100001507730028
100000778322023
738396549
655916791
717633450
504365070
503089339
16924875
100000030572649
655736429
29907262
1317666530
157000714
766259311
607644244
1280771040
1545586977
1070743505
510206437
100000064437040
100000003644130
1521955552
1145804486
563191277
1445648055
1577436191
778364572
1030483625
509128498
1469152827
1543255802
1573472375
1176469040
1011745313
144100062
629914090
1088585073
100000183570021
525148594
100000793668592
1556403195
1318373910
56903566
1387441157
1497601460
1254655354
683892078
530257668
694104420
1763372743
1306892557
692080552
531942609
768560312
602464620
100000042730181
650892829
1535375969
1033053054
71200708
100001959113164
100000452274205
701419258
514274521
100001791923554
1528786389
76000340
225900419
1533305065
100000665405035
1572571109
1061946166
585354135
100001893612786
1045454209
1115723906
1460330679
1376409854
786942576
1104967761
657818084
1103661500
519366861
1665603443
100000322904956
1079405391
1054799247
100000352448091
583610238
593900042
1439602854
555134554
1032688571
100000271940297
100000169236949
1255978799
709212480
1253531551
501712555
510647373
570049364
831943953
100000816515447
1844667364
25301346
1050462090
521506066
1784234709
1286194399
1275604488
705355174
1633703822
100001325399048
1557728440
100004352020929
30411657
1229991261
564223922
1403127777
1534550155
1308540329
37700556
43806191
1458110649
1426539025
26001924
100000335982687
514709204
1630192007
500412496
100000473312611
100001667215513
1514193529
567936619
500424749
1584274079
100001825138874
100000006190109
1214457069
100003097806927
100000220900717
1223376423
549541131
729241889
1059717545
1151738645
629317252
1568610031
100000309919562
1352834548
1113653237
1278409536
100000663194554
1447233538
100000532144884
1022028257
100000424803952
1494800647
100000408857374
8002783
100000456932414
800265502
100002176948180
100000175375065
100000010755703
836981131
100000660014936
100000964899700
1324278988
100002414155616
653530400
520373410
831709427
1075118138
1489069661
693423332
520095402
1573560215
501284622
16823804
100003085685102
100003361149202
1187565117
810413185
100000005822582
729408328
100000153666113
613901178
561876242
520810648
1614582846
1022930971
100000094502467
1109468405
100000596096526
100000231173138
904210110
736197917
1283918037
1498540638
613717215
100000404649970
1298132343
1123636375
1432564154
100000667712709
100000649565821
100002981602001
100000200207733
1057054411
303261506360025
536188191
100000172423991
1656001686
1452995543
630592909
1466931777
6407185
1354921021
6411885
100000126786119
100003365555774
1812169342
1622648517
1584471733
1357137408
1059414060
1447114543
100000592697898
1227775899
1185834180
1494891584
1192751669
1262908413
100001344784279
1058048916
26508125
1647192920
695766109
1495317536
1824356561
1482554794
22614838
100000212582123
666055596
1454115217
1353626571
815527085
1199870480
1409768137
100000228484427
100000511426292
1217762653
742631644
49708451
1575697996
752195687
100003058977824
1847437093
1451444622
100001038265500
523400867
1499782377
100001886132958
16408412
1316889391
1553502213
1218229190
641030488
803780386
1054198153
1480446553
1437095722
100003824134335
653610548
68101728
535919778
1623777441
100000008836089
100000192642582
727919615
100005843592382
100000011881285
100000350793332
100000364892728
534704830
593344890
1279653776
1376220317
100000640444523
1359202300
100000089086091
1483154413
624437451
690197302
1341339698
516678337
1416351892
1500737890
695508447
1534106060
1370211038
1554648407
554462530
38312861
1388691582
100000087965175
1360128857
1451691696
100000522433398
100002619231939
1447475627
306744750525
621302844
1686865264
100001700855658
723868820
691693093
631784433
793514687
1189244525
100000123043925
1274015317
1425954848
100000095560040
812407331
100000382073593
1228864200
797090584
703827401
1567474723
1663817241
508470444
528549882
20511741
100000813558658
207555645942758
1525183525
100000746499803
100000010621351
1035150097
100000039992193
1579834744
100005706990704
1301270909
709933258
1441697477
164860350256647
637033403
1175508838
147800866
733537646
1153970533
1110855441
1607036716
1572666921
535333506
1159462278
100004587094208
648705082
100000278691129
1644724097
532930482
1139096269
701314924
1331107093
1203275017
718667120
601581559
1334482031
100000498005987
100003828757805
277569932256422
1436052018
39207504
1352019495
100003247045474
1461020462
1319749592
1587375504
1745957493
1393282326
734316396
100001568465036
1073837180
685796797
1809270269
1249521190
155084837893523
56014195
582324651
1464953684
1639538440
1160455084
1696806346
100000230743709
100000925965381
200003135
100001165597724
1590844676
601362992
100001566101093
100000898326208
541970958
518141118
100000556190306
100001347762322
1114020348
1331924089
1584487716
1658986545
624082457
762710206
15911526
1084294297
100000584853377
506762848
1489872275
1366090420
550917083
1507598409
633493512
553782852
671289760
1536427878
745670071
68112027
100000025738805
100000736047342
500846430
795368807
791156491
12446345
1197848732
100001629865074
1200443075
1100711840
680838721
100005270922039
1257883830
568802414
797060001
198501602
693858309
1165916896
196601146
100000033622552
1429700369
1653796786
100000218524353
100000477600192
1076072847
1056481478
665837016
1219208461
602054936
100000749394005
100000005793687
688639913
513818861
1108636463
693159960
650631868
1201747537
34307762
1221077702
1417316729
1268324463
1407614160
792235017
1078305802
1376213629
515216522
630372745
873360400
1422075322
63203997
1434981912
1721330639
1569694560
1563014431
1532478684
1558943736
50905393
1251046919
1405771441
100000689362998
100000056297486
769774712
1149461540
6502183
100005015558976
1432020065
748543740
100000010474034
560869249
100000004772589
100001536949360
1424970071
234610269933919
529947971
1239335584
1302776834
1758145815
602909474
1473290176
519173347
100000379436870
47502174
501438543
100000178786325
100000463743583
1637434482
884620693
1018929074
1290726161
1023727120
1235593027
605627890
631431129
1496029331
1464842937
1100286491
540248540
1503842528
1287458868
100001232108389
810493887
1476244823
1302856198
100005245688058
100000233735330
566826806
100004871942516
660214165
576255363
1286769623
1220907786
1440964493
518657588
100000011333981
100000674042551
706417935
507789469
690562561
1451984118
1411843441
1004319942
538000769
634615825
1161717922
1500724860
100000648086746
1163272585
1410576119
1599162857
1781340481
35803306
100001854529097
1490387512
1126973117
1323492238
1795085617
1059525168
795876701
1138042601
5003143
508184966
583227003
1253145757
730746829
11700366
1050302052
620015244
100001816764893
1566485722
575786736
1592684279
100000121189194
1609212414
1499915307
10731637
1601718265
100000821124580
56301144
1460742021
30415118
100000027166728
1050578204
1267849741
100002846423936
1549542080
1148113590
1558999412
100006685873911
100003287341150
1061467543
8219585
1111514028
1304240278
542160082
628141237
100000584016895
1431332707
1383852077
100000185926409
100000184218375
100000063048765
588695048
100001446656692
1247993958
1090689666
1535672787
1305194514
1059268650
1765015135
827555485
1351344374
721602255
62905358
1066944644
1318475484
753358473
1442174836
631934109
627505125
624225927
100000907146442
691768279
751107649
517326214
1091160945
1276288669
584370223
1409003270
1219477882
716611639
13709592
1496092828
100001122818586
689565238
1507209094
100003064007050
1349914085
100000275660980
1211431450
630142450
1206135627
511684716
100000616843393
536201622
1468221456
808683490
1101608634
1636154285
743817709
1534591835
801959916
646929718
882450503
100003240818561
100000482532150
1141358097
100007446695485
100000924843779
619705888
5223323
833602795
1557013000
655001629
1187076473
1056661833
100000053240684
712045861
1192106129
821635342
1264828110
100001270098625
561797148
100000784098570
548006942
1792953340
1110545458
654263935
1124454165
100000509504125
524622504
1337243003
679304156
507135630
100001680633510
787153804
1424093388
1472687862
1806186101
100000461611471
1442486783
1500979214
592026391
142500690
1204793674
1017170766
1155226066
100002020730114
1395616187
100000164307636
100001282380533
616924436
1158524732
68107218
1672697233
100001292814234
100000118623973
776005257
1411315030
1052264352
545138107
1269962454
1660026750
100000065142983
100002314336655
518423294
1118719907
100000621232731
1081207041
1678920015
1795366255
22903189
1377670730
1014876162
1306783588
1212840569
569922941
100000115420580
605876677
588694335
26707647
100001460950042
513598390
747213146
100000039824684
100000164490429
100005086354696
100001562019858
515996974
1126662078
1738365720
1408162404
675539033
100000828724143
100005805224465
1385625748
654808714
17815563
745141941
517099131
100004107935356
741598341
636713799
100003526653419
1453380570
741059899
1313694226
738653337
1509358220
1446372370
822623678
1073959533
100000106494719
555967015
1407534061
1531317154
449138438450930
100000345472884
603813498
1612256991
1386647225
1578076704
689977598
15800945
1176068635
1538046069
1598660086
708160600
1217194791
100001760552989
500383429
1567775612
1320922243
1256218541
786194835
689577941
1073893656
773437353
1393487486
748139272
1258591049
26207526
1309060229
505245148
1055073169
1153026681
1547748978
520850026
1419676246
687386644
1265902173
662894882
100005623694361
1154141988
613523257
519027089
700807202
548486941
508967276
100000674079311
1069065050
1159794611
1063244877
100000700303870
100005792560979
1321336952
1437069097
1590741009
511568486
728060163
545260745
772995606
1333814088
100004175014350
605784709
505785279
100002188076271
100001397171437
1435417960
100002374427875
503482803
100000006219963
653799566
165702177
1583567278
100002204935628
70805824
1349126015
514246597
1362326145
1150522762
148900493
503747591
1561971503
100000209833677
507014244
738083874
1401847326
1425609228
501742738
1061103692
1237387694
100002085126508
100001085426831
1220081566
1535141581
1570317041
100002278924449
1045838065
1191174366
100000887890237
1259462212
1708946666
1663626860
100000173840793
1459763330
612081548
637326067
100000749505074
1002387118
100001580821540
100000016386023
1442483046
1233324506
100000727844360
574874733
727330939
100000241963299
196600024
25521776
755634607
773883974
1639987954
1175681004
1187922169
1067996394
1489053845
1534566952
1477489601
100001099955876
527036891
704527236
1225542042
1572220367
1475724493
661790907
100000141799479
100000618994280
637337149
100005174769334
721390166
563289451
1552778475
616115832
100000509500101
100000536022929
1313536915
559815080
1359094329
1643977208
1678681493
1162290179
1079893602
1662457171
100003696960925
100000050982213
22200142
100000223782521
556430923
1500493722
582129385
1012952137
1418006041
700566348
580537262
560328296
1268251583
1253938601
1082992404
1611974511
1371746104
100002348989841
1448468081
719586518
12618223
1769580634
1127735046
541871237
1575610737
729975009
1293378566
100001352435487
100000926133035
100000013641026
49407855
1522837655
100001183237802
747106350
100000286161983
1212234490
100002278392978
1341154452
1605885576
100000249580125
1498470143
1001621455
1566950472
1363777262
100001713803842
772384401
100002007088952
767045583
100000188662511
619344375
1690521590
13952139
1199160926
697131028
1074491119
1656664704
100006544932934
1085897457
187700559
695416293
510561287
541166081
652206265
1133551920
1500698188
1055779780
643599997
1595679162
839669796
100000233473565
831655363
1664200128
1336950675
1162953480
1406416256
1655611717
1305840946
1460598005
1054790528
1520681696
1663309077
617924618
664381102
100001919855588
822723737
1103795982
100004576333227
1036179017
1411052656
100000812648515
1643757972
26705012
637214011
720762515
22210473
1443003436
825593339
1464124614
588756788
500924108
100000561996358
1375081576
100000219907534
100003501042339
647627964
100000847291403
1409480955
505420256
1204590616
1066302162
1215524732
9314658
100000698750412
556866138
1142861008
607590963
712696881
1511745610
100001087240437
1619423635
1070265815
100000099490216
1539784917
544725328
100000141233049
100001910130450
1344573896
71000850
100005822794650
1638699246
731783867
546901316
1535185930
1019401367
729877860
688866049
1637629443
100000633664401
722719063
527276091
506379944
1004665333
1274087513
784518623
100001062082356
1752099987
639152688
1358913536
100003202011094
1559896806
1130635859
605339878
1558389806
542114351
1283315302
1543902421
1222708350
758431482
100000581021837
648976476
1095330363
1023428718
342182672528052
613518494
100006801011793
1524554481
100000507523405
100001737738088
1567817532
619367137
1045377816
686351653
100000255175471
1645506673
100002009311286
1401940271
1390021838
1045367491
1094476195
686494427
613960471
1715005408
1606542273
34320654
100000294866869
1640100034
100002086370769
1516508388
1357941602
100002021380724
818703935
100001124441541
100003985629266
1603789264
504856375
1459783486
100000391008588
100001117597093
9306084
1505363845
369487923088191
1148689834
1014950489
1488707330
100001934961854
1209470431
100000197252306
1090936540
704181689
1315482107
47908273
1022192274
513323658
512900550
1464050357
668456327
17009487
100001887913994
100000821488140
574886396
100005210864372
1353056451
1569111209
769025883
1265760266
100400155
1378053307
1290130499
100000632070948
1237562386
1036646043
683840335
517321916
601409480
1506483837
1077581643
1433156855
100001559966747
17021810
1274552136
504388902
783615023
100000165533857
593280839
1074462870
1352155932
539583736
100000219682452
1164006341
100000593463785
684072823
500753935
705607789
1054144947
1348127918
1113398968
1253901154
514573928
1614973406
100003653170691
1132357585
1170630199
1206054567
673295963
1409154686
1276762438
100001208198744
183200569
1666644717
17831410
100004600484453
1277074461
811291796
100003092085610
1641772879
687041260
1810285412
39901246
100000173146256
100000561586132
1061682009
1519726393
769417905
1138970911
1396180663
1691871768
100000680150289
767328734
1601170006
4804077
1269072231
100000065605844
1374057961
643284791
1388245140
646315194
1573661496
100004060892809
501195228
1251491372
100002610138924
1095420134
767583719
100001012183213
1094605508
1532297824
1340883766
1231853508
1221578926
1294598760
100001638544588
1564638705
36502895
1240966631
705617851
1489537066
550049059
1228635
100000161830200
1387085804
1666582205
1283466716
614681041
100000215481777
1339017869
508307120
1831602531
538873092
100000390646603
1405751770
48000693
100001361118084
612212432
639565380
1450014919
9428994
100002497967773
100000695110173
100003538489197
100001112989898
1208521059
734593084
1440031611
100000409022171
202300124
100000490355295
100000959113696
776119255
1398436988
100002274464788
100000093465923
657246760
535687956
1263494858
1125439197
1495899143
1416729013
689000143
100000520711635
100002196578704
1310534715
26708560
100002703200917
619215316
1192826156
12617429
64802727
1300300202
100000422875960
5210422
1178783025
1164804402
1178032276
593380461
10707299
1562423847
1192025163
100000666128765
1446307260
16821763
1080703155
1796280415
1033987834
100001712003726
1292959210
1590507877
1132633757
100003082423648
814534501
1352744851
793724544
1673053974
1525895582
697284899
100000846085854
1130231374
100000032147074
1408391072
1411028083
57204229
25903315
657255623
528735497
100002149932305
1028211815
1374444786
748259856
534885677
1253319656
1071761021
1005193057
571543161
100000134460424
100001070964532
1346126467
100000749462638
661614776
22905399
1050420095
510335104
170341900041
100001127146782
1469241073
1055694815
1389121536
32301025
100000001822194
583803709
100002093636607
1819126753
829207500
543984932
563665831
1323242691
100001460528815
82410049
1362466063
100001087168441
557373857
702548111
1351553867
100000531212535
1330165535
100000117998862
100000150561984
100001328120431
724041627
1102450492
1469289039
1624053337
1126505139
1370625994
622200041
1648562871
100000015888885
1077312438
100000048268498
1512137685
1785041573
1580230687
1441587502
788987279
1468983620
842237155
100000409855892
1422066352
100000204339092
1161530253
1556208232
651785930
1358968079
1181170411
6422854
664508958
673188321
373852449393751
36001769
11807848
1658943633
1188420779
660022951
100002469685522
12409534
541569129
506851180
100000293716484
590870887
1288268970
1054102451
100000550851101
684785428
1325269793
1266433136
529099975
1401590146
1001945437
1430774683
1399850690
100000685556215
1408972391
100000143342652
100004229347518
1467383076
600040606
1564081769
1015630206
1350698834
100000006276290
9211862
1426893216
1584076074
1208797334
672251610
100000734834126
100000045354825
100001173193014
100002043472433
543345395
1305272645
1055225003
502099539
100000412566918
1340234129
172201178
1405417389
9117392
100000228627155
1598071441
71201983
1207053160
100002021886394
1686212206
50311591
1255023296
626345188
1247917102
660228964
720010600
1199936628
536538107
100000346958143
1050484165
625043511
1157056626
1475930130
1057519080
688448832
1449472047
559838803
1306967024
1493255382
589260742
100000416390895
100000443824113
1175882050
512744332
100000073812866
1227034939
7706239
1087478136
752823485
199100564
1587783864
1128292746
1676196481
1053996071
1033943281
1184905735
1276291804
100000130431755
1077858656
1500557452
1354305453
1372365913
1221159039
100000110573575
1099187562
1312951272
578703056
609246003
100000154674810
501384036
100000697099101
777109450
1682217950
1655671033
66702605
1222180055
678409280
100000439417385
611332300
535325238
1302480088
17801527
1310064921
1503844743
1212701702
100005644084233
1479137923
1160581988
714905823
100000294788176
1663477885
100000195497315
1259794390
1004256925
700908736
512396964
1444786293
1663180803
1411885414
1836746301
100000044974109
100003237164127
830624851
1145575831
690739897
100007424280953
1664107729
1017952500
1653091981
1034072704
1063852417
1372221338
100000960084111
555623976
597731469
657619455
1563220470
1506294988
42000747
1592081131
100000331208416
100000721166941
1020630446
584906922
604743541
1051446664
740792873
672264076
1226954284
100000106861273
505551072
1069282420
549265670
566274151
22611864
507664232
655477520
100001463880162
1174546005
1574775169
100003549108832
9108811
100000220950686
678143046
606630498
1429590130
616545079
1601317409
100005760703164
1036412503
783158675
1627681624
100000402758238
1318927063
1553073212
1817528082
588065764
100000742699254
1357295250
100000693305833
1001343724
100003288246595
500446957
1350401525
3217299
1608206369
100002549340719
1638963708
1225961435
1096227622
