100003820013818
683683000
8646456
662196152
23203873
1354364141
100000197140436
1355507598
1482543776
1539510001
1142337060
100007554668605
100002402588785
1326393034
100003114120066
724618355
1378250404
741475314
772609259
504702305
100002497986206
737993643
788319432
1513232101
100001315976726
100000020170305
1549068266
100000841811866
11503358
1168851218
1588751664
582609191
704334173
629145962
6806474
578300731
100000338395018
100000060370085
1630808464
1451220019
100000460615469
100005803721489
100003028758531
3220742
100003253648417
1031127094
1608767429
100003526653419
750856829
100004542334699
1153947560
1114900413
1195080859
1454597561
1320177256
1199932281
1375368770
1183268906
643887786
1819036163
1736213400
509892457
1010953401
1405224940
1045475423
643090328
60800058
100002218846711
1510790433
647702194
624146432
1621122180
1687202791
1318536834
55705055
5232130
1476888988
100001601157405
1328958987
100000844646798
1053766849
1132793567
698012729
1406869854
1170662180
437110696315510
1090614129
100004673013791
680598024
157000714
731177320
1184858819
1147904391
41800095
100000036224368
100001067409369
100000022743770
595876346
652902348
1422076892
722617547
655491837
30406134
821635342
1192398363
100000479510303
100004879599743
696187674
1038764091
100000506212186
1479022453
1788332380
742282168
638131879
1205858432
1011530155
100006288159795
100003852806755
537856322
1472829408
1532101586
100002062762668
1476365575
1266999905
1532790925
506113321
695604651
1498092300
683894788
532747956
1320180027
660709877
1433370385
100001396892546
1223162072
1509462160
100001537546963
1412585668
1203298778
1154141988
1196943724
1210023587
1654736656
225501513
100002308171073
656592259
100000397500568
1444246112
1519479231
1460483467
100000718502652
743768508
1592095379
100001259160939
1397051297
100004750174506
1437030798
566137598
100001051301780
100006032320793
677539847
1429726337
100000485866871
1610483620
1465877433
723046412
1666177106
1557079396
1505282925
100000127673491
1598264037
1524339812
190200150
100000451356154
529525969
68604598
1097318467
1184760102
1568581239
553986348
597412447
1654279410
1349887505
1544905598
1850826001
100002188076271
30902008
1280438579
682147903
1475412481
100000539520272
690375255
574592233
100000123495252
1054198153
1302480088
678960462
100000661506170
597988720
100000579319395
637828049
2311973
672953981
1236508197
82200391
1095791691
100000529819831
725522550
676259782
754560268
7609086
685093321
1354921021
38208053
1333160197
100000301407439
558694065
1313636574
1640798685
590661476
1140733670
1461020462
1564456837
1289737745
100001129197039
1410670368
46002542
57701025
1035781871
1386803123
553295680
1533006120
529947971
1128490032
100000633803202
14302157
1280256765
100000144739864
727645793
1330575655
100002068017311
100000285537207
507484993
1510804559
1333738192
1226654
1413191060
1413277290
1242350131
100000942137480
1591323055
100000181870149
100001638544588
1246357579
1103762801
570504714
100001593277471
1501214984
100000361449805
33411719
1353814695
100003059782568
710474151
100001133709141
738617362
572277653
1158804984
100001200452927
1027056592
100000050433159
100000613152754
1126094972
1652238536
1330533209
33007917
709460527
1300929345
100003956596737
1192826156
1032629771
656450155
100001095328323
1336509644
608201518
642646394
624465086
646251330
1468983620
678909346
1105839151
907885231
1144148608
1254596788
1501728856
145700211
100000288908225
100000721166941
645953428
709075028
1452684480
647458525
1637667582
1544676121
507651157
1267849741
1649337195
100002603193419
100001582690884
1355773278
5813826
748749357
1337713363
100003691585416
1461976335
100003678607634
1652147495
219559164873737
702594113
1263962231
100002743468614
813690052
100000649435539
1390145314
1257412948
1674797941
587983742
727598701
38104503
1490897862
1574282969
1501330508
100000157546127
1218753037
618266276
100001039374304
1022295640
514574136
1004435668
1480570799
1240085377
771535393
1010752033
1663585012
1054153729
615498883
1339950051
1079114962
652215130
506625716
1116129381
537026004
626002265
607902293
555245242
1087876498
1192616333
1012163154
503089339
1433577132
553693542
1251447004
1596091170
1054898931
540649598
1260617118
1420752521
1707713372
1418596701
578703056
742832593
100000681497960
620538745
1181795656
512965503
1554579778
100000107736407
1140902252
33808899
1256592998
100002476432030
516316275
1475460912
624366111
1619392157
199106197
1395999676
718507445
203801942
548089855
790704687
1394647694
100000611925332
1803769992
1397386566
7102905
100000396615403
618900155
1632962770
786282417
8109662
1004915064
780929520
1549645056
570843505
1363659913
1030382705
1367324316
521656975
1402584589
8339681
531128073
1242195838
100000643763447
100000338015124
579264191
520669549
1130237597
1228531082
1663325048
43407462
669430120
1553680517
1065347051
642215281
1049859053
1274397518
547038701
1619238094
1018709508
1657087611
1635723352
1594076965
1568977332
100000352448091
1164453268
509359876
512360974
1075196186
837010363
1424102386
100004495214116
646729515
1567035255
100001933001147
100000738646863
1349850928
577002241
100001292816140
3208821
583610238
1619565253
100001646747862
1039644542
1174386291
567552538
1106216072
509148080
1055730126
1519888063
100000144925021
694873663
1625181499
100000615871371
70902869
1304434905
1343526137
1370179855
100000653799700
1068116827
1031457257
1079449148
1302596067
700626978
682153207
1286102481
530446879
38413773
15904264
1508328566
1467244248
544007704
683246753
1548530683
110900772
511248849
192600780
506902233
754020028
1363037833
100001080031368
716001063
100003624132050
714593394
100000665703337
100000210715509
12464984
1542890927
30400842
637795786
100001540659878
1549425816
100006977074105
787050213
728901593
526731578
100000215468118
1387503040
100000824145926
1607362984
100003384908211
184013021649808
1456373517
1354415261
100000062236586
100000836479888
30902568
524678216
788482500
1450933945
1176087012
1155012071
100002520604757
1527164529
303261506360025
1157774598
100000090048478
832760391
100000172740175
25903552
1155842865
1095685183
1035131622
710461831
1207666372
1306783588
1031953881
789359335
19510885
556802672
1194407710
678054509
505026807
775909081
1293201166
1464368738
1199654581
1631407023
2002548
526134263
515287850
523171331
100001591934093
1323834357
100000563890513
710174258
1377057719
1090187311
1520735013
1231853508
1532119929
1325413962
100001030620887
100000553847678
603847348
1214250379
1176087726
100000857173808
1284017890
823698677
207101881
1062367474
1531196621
1390261930
1444786293
100000838622171
553377823
559626809
29008585
1107390331
631177542
100000471051188
1187899113
15204904
100000025734450
734945496
100000333520216
1056960046
1650484891
704539557
601698210
25104796
560065897
1396838058
765565363
215902612
710740766
1051443110
1212815566
702676814
10731086
624552813
100006368798279
193305305
571678660
1544712984
1572505908
1808550079
682363960
848380384
1403151184
1665164237
100000263820510
100002543743109
1024234707
1045743570
1109468405
1235940305
675696544
1385351596
1686410812
100003946285451
100000052877948
1504442655
100003741864680
1714887872
570838280
705617851
1668487869
1147207989
59510784
510505376
631499021
1724401003
803305000
1661765207
1015252192
512445273
584778421
642329282
1260986613
100000064669082
1231350525
1600987288
25903569
1483701839
610768154
570347066
10022038
1209742023
100000334540181
562130070
100000219194258
1431733813
739993197
1045690355
715607177
1349810720
1457972860
1514581190
1392312242
100004998668551
1214777436
100000045520206
1417200717
708916735
1297353716
1221206382
1361235054
507790068
1167240832
100000911594930
800389454
559497239
725448794
759989454
1662701319
1232875869
100003597317738
50901931
1617016803
502984136
100002308534315
100000920701230
100001103405445
876400646
1615653080
100002432662091
1627842544
1585296451
100000142249233
1422018107
735651269
1293332246
1262657603
1341318317
100001312170096
524778511
100001013595153
1548687996
1333101626
1649228092
691895258
113900081
1139096269
15602355
747062081
1561030406
1373951389
532841451
743006239
507288340
1531915323
100002932725471
100000388730948
1387085804
16913031
2357920
1634828611
1424245134
76805586
1802964678
1330879644
680945140
617383364
1328468001
100003465343095
1395315612
1531385543
637807470
13949107
1081180996
100000062257926
1121803152
531891506
100004028770382
1353475265
548802593
655809988
1366873219
677961102
23227
1422690369
1421840193
553971560
100000080299693
1669418045
1574855759
625465480
100002245112942
100000860535860
515615933
100000227176441
630318725
694601110
100000727233320
1568647246
1565613840
1110673483
646603016
100000354249228
1016776364
656664808
666285126
1562250021
692117383
1611244220
1624346394
1043875249
1122133015
610385835
512701023
1506591987
1514625647
1426943666
100000067951468
599812773
1009725630
37401823
100000185739426
1413283983
1275604488
1617641798
1281511326
100003759825924
1419865208
100000257451784
1219765213
669582321
1562076279
1063776634
1439952439
100000234263498
1381711723
100000491703815
100000272298202
1194311278
188301205
1574530103
563227328
1101336679
1024763431
1247135832
100001478156606
1471890939
1469530928
1014876060
100000474710279
1417299467
1545071017
1237904448
583803709
1387225792
1310147520
1492942980
712588455
1677332160
647457320
554686537
1576997409
100003074363400
100000831585961
724068381
1358301411
662796105
1092980410
100000170086838
1011781110
501881723
1331572231
1474630356
1062859837
1267399781
100001786149488
1327581714
1502509343
100000137302167
100001432334839
1818842190
1023812339
1104724352
1268303630
638676675
1448751709
550235836
815184302
1850774905
1260187843
1423720455
686315376
1060162391
1260748068
1274835979
100004036363643
576709543
1066065102
100003074685359
1045492112
1387632564
45708417
702607402
1465451135
1116810031
1414725241
1307546984
1576164834
39000454
1579834744
100002598572335
1194830938
603002307
511635726
100001280998452
668509464
79600713
100000177996828
617229887
100000593463785
615081171
1345058872
574255581
1367452123
606112052
71102753
1840661550
749395018
631585278
205104858
23203221
737837617
100002632374990
507090788
1547452244
1241064356
28800296
1080305662
564096638
1275727746
785579503
627247783
100002977592801
583103573
100000087155325
516714560
1487338492
746402706
100000749394005
1247596560
1302072917
1197538511
1194590362
1564015141
506236932
1657826479
1711753184
1542722753
1060912659
680881217
530103996
100001511936392
601581559
500351716
661506083
100001697788205
100000480834738
100001316700265
100001158999447
1061682009
879480316
1297932295
1473063984
100001831293238
1501823372
730056044
565611994
1093204623
1174042109
1364674854
1617845502
1235971398
100000851684153
100000437557574
1809270269
748543740
1417921303
100007614661623
631486938
1109388024
1282170219
680686337
1387977175
1640922455
1727821716
1532642752
133701199995768
1592959156
1532282169
1108715836
100001736052987
1248641084
1177473668
1178316353
505617814
1588033598
100001766032359
728886791
1200218069
1457655381
699591290
1195402775
1214375260
1484244659
100002671269288
100000318103963
557977401
1221408901
1622577375
658375045
100003315679809
649805882
60002066
1374151839
1121137561
1625700867
1197886146
645951175
1536296152
513915074
1223725407
556917024
100000563362724
100000229090999
3230052
719407188
727490643
1057056729
517099131
551920423
700240770
100000196276074
1447250502
100000088988138
1153463988
1055777479
1196777659
1623228165
1001681946
685780095
1820090549
100000568813973
591330725
661329622
100000389236873
505685698
1149041084
525894438
708129255
12418005
1262827524
1374523515
100000036935192
1354911314
626635807
1317721720
1152164855
100004953635349
100000415232495
100000522635396
507187857
1123304303
100003774022138
1113000567
1101877289
533924561
1328621504
655924612
100000242306385
1496386247
100000672826389
505523246
30611310
1363837054
100000515600225
100000299172425
100000303714597
508521007
1513074039
573012063
1043133859
1412544470
1291594631
669722637
1540666447
1469479986
517058761
632090071
712045861
1448576004
100000601484416
763819660
1492835386
1531317154
1572949776
836745051
1317610108
609982893
100001466256792
1440096007
691146103
1459375900
678008221
514702950
717071135
1027651995
100002008760521
1809496365
100000541100639
100002146162818
1786055708
560493656
1399929984
100000134813479
1601566253
1378904787
1320108465
1847258892
100001057618978
1545116830
544588640
100000130882946
1367178573
514951793
100003756837140
714867040
1683692259
1572972911
1422825474
625568614
1042154966
1622715989
503404985
1117740048
100000180039453
100000628148787
1478393270
513006404
1167582575
1040265492
100005321522220
831943953
1425290210
100003205481232
100000321822954
1426975075
1389935863
1756975772
663165407
695099021
100002245274767
1608378835
1453380096
1668427798
193303768
1446311859
1556410941
1494087170
1299639720
100000021554317
517478839
1360801786
1204671904
100001154205708
843785095
100001307888544
6709231
1413926787
100003980671603
100000460804030
856074867
1350984104
1051460140
1513503306
1295266516
1145660408
1015725982
1663477885
1574931289
749779230
1776000728
1417183056
1490657432
100000336332006
55703822
19601446
1546496629
823004683
1476244823
1070743505
778364572
552769134
629914090
11807848
1276047777
1666664693
100001410113343
1439312063
1033053054
630046627
701419258
724549666
1085534881
500902771
506622991
1828898271
1103661500
1108004645
50402476
1255978799
647107977
100000816515447
1375530466
732188142
100005629537644
100000443086076
1426539025
1320147408
1303806138
514709204
21722692
630812326
1214457069
100000309919562
1022028257
8002783
1420547969
605206044
1187565117
1520037711
651397082
1023523273
100000200207733
1432476638
1202300510
6411885
100003365555774
734065519
1812169342
1622648517
1584471733
1059414060
100000654694514
1494891584
1192751669
1058048916
26508125
695766109
22614838
1611614818
815527085
530637647
716327880
49708451
1251755385
590826560
1451444622
100001356046625
100001886132958
641030488
535919778
1068142598
1619394934
1384908197
1209180796
592197547
1344507123
100000089086091
1465735078
695508447
1385504055
1140573756
1458381563
100003100339064
1484456783
1542816263
100000382073593
1344863686
1850268583
528549882
207555645942758
1381465464
733537646
100000278691129
1644724097
1141061244
100001350964282
718667120
1188456543
785797157
631973791
1482034386
698322940
1352206300
100000116084572
582324651
1464953684
100000580063958
200003135
1527650080
100000556190306
1584487716
41302308
624082457
641691277
1366090420
1283926085
100002088714052
1418000541
534113382
576526321
100000171909257
1310368438
41304310
100000218524353
1056481478
63915348
100000005793687
688639913
100000132489167
621783079
685344409
1663394717
34305458
1037261650
1149461540
100002194058173
1270770506
100005147711811
1114650319
47502174
501438543
588030664
1572275022
1660736657
1302856198
660214165
567596440
518657588
1004319942
539715399
100006727145671
728889527
35803306
1059525168
5003143
1360224162
1040465816
1554402913
100000121189194
1022732294
1407380451
590832784
100002846423936
652281515
1044435390
100000696854772
624306992
1558181899
1351344374
571655552
703577577
1318475484
100003032792642
1312124398
518308978
1402175461
1183426263
1385188179
100004580587621
100001122818586
1201916337
772384401
100003064007050
511684716
769062224
100001936373617
100000213977499
1742760723
653441901
1090950031
661769639
17009487
1265943553
1573661496
524622504
1337243003
1084601421
100001648181803
1404886034
711836656
100000463743583
1112657948
1146384640
1433111133
100000855624430
518423294
831655363
1081207041
636885131
100001460950042
1738365720
100000204555762
545979465
654808714
1523563209
100001730250388
519595395
510561287
752982067
505604640
830160435
1845991823
537300314
1180489330
100001760552989
500383429
548404291
1419676246
5127138
519027089
1294333283
100000674079311
774114782
564593627
1066619226
772995606
1478846109
1183396745
1668086676
100000006219963
611448412
100002204935628
1456607689
503747591
738083874
100000179090322
1387299136
1571259854
669150272
1506996175
691523814
1465840621
1073558306
510587119
1622566240
1175681004
1017719747
527036891
100000220292466
1405856058
1447227949
1357306018
517621222
1370153082
1625804641
1268251583
7715616
1611974511
100000517389246
13711203
661062426
1522837655
747106350
1212234490
100000461611471
1515452072
1181213455
1690521590
100000409659270
1199160926
1600897865
765831053
56707367
620418500
1768150178
1025717264
1463837121
100001308546216
822723737
1643757972
501384036
825593339
1464124614
1413028085
568620756
1392969602
1213751428
30406609
1363445506
591745397
1459774251
699081953
1596390279
1118294394
808519045
733300584
1558389806
1283315302
1543902421
681632260
648976476
100000304447347
1599191673
613518494
825819487
31001915
1401940271
100000073370685
1383505417
676356053
100000312705406
216000995
100001117597093
1148689834
1488707330
100000023605361
1353056451
100000632070948
517321916
1077581643
17021810
1390089519
714535549
1178362239
1599737782
100000435137159
1460973553
703827401
1568686262
1409154686
1184138669
1630419558
100003092085610
1641772879
687041260
1445603758
1519726393
1805778595
205300916
100000065605844
1383036978
100002575660782
591531735
1293145718
1094605508
1340883766
632409279
19220457
770839794
1450059333
1017952500
1405751770
23324162
1208521059
519597547
100000984240369
528229622
512060757
1577688357
805415087
1087546031
1567141538
1563220470
1616615698
100001732797173
1178783025
1178032276
1193811723
1392995475
803658311
100000076922382
543643253
100000846085854
1411028083
100003536585923
748259856
100000030572649
1253319656
525148594
170341900041
500412496
1554822732
829207500
1347710249
58805279
1482892837
671951802
653610548
1339663822
20500621
1441587502
1581888772
100000204339092
55902691
1358968079
1068759377
503365750
100001983002596
506851180
1673704101
1054102451
684785428
100006339400499
1266433136
1401590146
1001945437
100000685556215
10001269
1365515261
1350698834
211001852
1471237135
502099539
620654328
1405417389
55601763
1598071441
1322135864
1308681370
803159287
1709119909
1604841719
100000800256595
1411315030
1155712775
21700046
593510939
1033943281
100000130431755
1077858656
606141305
542176264
746837237
1520681696
1287904662
71201983
100003501042339
1167977177
29627344
678409280
676704104
100006102402697
100001759854724
100000197252306
586837097
1411533644
1663180803
100001498915536
558421493
100000637570421
194401924
1071933112
1034072704
1745341721
613630220
570655583
100001847469213
1293246909
173300937
30405612
1458071531
653755208
1169563722
1584495703
1270351866
100000916376700
505390934
1433058511
1386721880
1174546005
1574775169
600721126
1106887221
606630498
3800523
681922105
1528422264
1654862053
807851519
1264768387
783984501
588065764
100000742699254
1036412503
