658644065
100000409052245
100002039132190
100001826929332
100004079500719
1570293471
650395435
1560677286
1523081460
100003718839711
549501221
100000961421170
521640368
100004407991356
1831193543
100000406850046
100001868255345
100001821263065
100000529350356
578254180
100002189485091
100001484468367
100001501864063
1660436207
100000089001640
100001686213961
100001483778007
1352928987
1439966218
507508850
1039436742
100001375448606
100001284159918
100002482561864
1383964450
100001718019627
100000531788578
100002983446296
100001373630986
100003680665663
1708808696
1849513917
100000347206243
1325918990
100003755461107
100002749401705
1459290172
1104492182
100001012505241
100003995869200
100001611472385
100005929121262
100001660710933
100000398145128
1152902616
100002374334925
100002788197402
639689254
1684862087
1019574252
1454153254
100001559603103
100000126691057
100000426382468
100004095636363
100000127663287
1332252528
100002730998298
1126587184
100000297169151
1009637437
100002454992240
527226013
100001425812996
100000286255080
1414857982
100001001229284
1403702982
1762072516
100000631626300
1458314644
100000006776706
100000014154106
100000944298111
100002437104117
1002626435
100002164743623
100000969831877
1449759521
100002302525922
100000516835621
100004421743035
100001828337717
1480959072
100001242109374
724611231
100000945552753
100003254086353
100000137051769
100000493946381
100001627033264
100001300435762
100002018699252
100004860422665
100002275484561
100000963146715
100001928616377
100000676617344
100004123805580
100003158746557
100002610798627
745686307
100003264566641
1138442185
100001109285462
78100233
1545499787
100002180713867
100003640210204
100000189243043
100000691044677
609420426
100002452878597
100000177489855
100000074831212
100002954601746
846635295
100002198717489
100000433935369
1290611880
1229516461
507458712
100000918393376
1506828196
100002158976415
100001296771369
100000616656486
1547662569
100001002117958
1321386917
731251347
100000166083755
100000241472343
100001557709939
100000168311578
1520824919
524668482
100005820360136
558676691
1444161752
100000353311300
1421426287
100000524052594
100002528299568
100000670483742
100003045785668
100002294130436
100001919167132
1388340279
1684429535
100001667673944
100004060896842
100003297054961
100001114591854
100000620020130
1548935360
100002565610097
100000098580270
100000541591558
100002335795739
1598016455
100000180945802
100002206986739
100002031180961
646863280
100000822184193
1234941331
100000186346489
1188690995
100004552566740
100000998140286
100003287250496
100001920756015
100004446845736
1821580668
100000547882110
1060916107
100002597172707
615875521
100001240697498
100002178206757
561860233
100003530748687
1037854937
100001522682233
1477260234
100000757856766
100000590681791
100000493306930
100000139800685
100000703485312
100003654468871
100004072922996
100004246177954
100004199619350
100000166174544
100000257867314
1742010589
100003225854619
100002547433053
100001201654457
526513017
100004275780105
100002362451538
100000401480594
1733765127
100001949952372
1683577759
100000917994142
753742639
100001519140088
100002269237919
100002804571438
100004029132897
100002904886725
100002431787642
1822621550
1193341518
100001019527475
100001461011166
100000061682818
1291184100
100002053231212
100001708476535
100001085485608
100000888618088
100000825691679
100000852666879
100000948413898
1665128722
1048800577
100000411972658
100005846832499
100000102890366
1566965976
100004050450624
100001572602039
100003482139348
100001436760412
100001988663660
735715185
100002042414492
1708678261
100001367726652
100000182288679
100001428207600
100000586977711
1248494636
100000550583937
100000740040160
100004567421845
1186813230
100000337036229
100002584203831
1638484177
1710647855
76000834
100000082104482
1174247715
100002029538121
100002614071062
100000977516221
100001927564197
100004582990540
1394503302
100002658727488
516030765
100001384955264
100000616223422
100002389042076
100000562415402
100002859438309
541667990
1473210519
1748041339
1484123001
100001900680421
608718125
100000449335592
100001519196077
100004923216891
100000750881746
100003855062215
100001188009681
100000907360085
197402888
100000178677378
654732105
100001505172402
100001114248323
100002939107265
578312004
100006052740733
100005316065178
100006691510275
100002475755629
100000697937256
100000697868662
1276681055
1053621932
100000863697551
100000482890474
100001008198141
100002217301935
100001118537826
100000645960266
100000743393493
100003226358934
100000565358467
1715710529
100001818258266
100001833116460
100000517533152
1420954267
1243342998
100001201047182
1223201141
100000503119252
100005280905938
1141801505
100000127002425
100003744862628
100000537825331
100001316828848
517943850
100003819118405
100001119435388
1364858721
100001716522188
1165393219
100001133073111
1248150529
100001721573297
100002201577746
100003343770315
100000726147636
100001680928682
100001687446956
100000740761903
100001068136192
100004905152295
100001354407938
100000390411636
100000921415936
100000772561874
640768806
1596494535
100002538596541
100000235168976
1102796627
100001211070027
1098530114
522765917
100000028212196
100001058730656
642071680
1438505237
100000633085350
100001902516463
100001047706463
100001247181416
571607698
1323368568
100000496219482
1546962587
100001947372259
100000917779253
727610619
100001022144854
1379724381
100001429361594
665936018
100000108921660
1428522486
100002720338567
100000262217591
100003681618835
1493225574
100002979938363
1200653483
100000492757246
1794944042
1786391261
100000255335708
1670925662
100003893275733
100002790982995
100002072098751
1274224168
100003345511139
100000171352352
100001672983554
100000115103562
100001261298425
100000640947509
1321962371
1494111113
100002031858419
100000138604068
100001888961483
1399772730
1119581021
100000868354462
100000605398250
100001700932419
1787831706
100001170173260
100003649717564
100000987827428
100002596522444
1425338619
100003332409828
1420287036
100000152377018
100003182744748
100000650820039
100001663241674
100003328490700
1524785610
1850678225
100001729311302
100003364696753
100000146130002
100004074380385
1168434153
100001181811437
100001218249027
100002066717281
1675945437
1604405584
715797462
1352728104
100001787194742
100001537156809
100001267100175
100000927492798
633298252
100002247177391
1781443610
100004076194007
1547965171
100004591057477
100001055764341
100003673038900
100001776564751
547797188
100000030653656
100003086600707
1648023540
100000181944065
100003391240355
1432127181
100001405718653
100000585245231
1102417430
100001693257627
100000080237921
100004452811486
619255180
100000957360188
100001014406836
181100414
12615099
100000435492975
100000743500634
100001783832162
100002136475554
100004742076817
1012546038
1764853733
100003696693074
100001488262733
100000480434097
100002146131804
100002573212372
100002103841042
1733419615
758449501
100000457485527
1250852252
100002572056667
100000295185176
100000657881307
100001614859353
100003308532192
1193153871
100003979411748
1685442241
1035309228
100001349551074
300600699
100001704778092
100002271993698
100000927794958
100000387832313
100002909628190
100001696227020
100002890588784
100002144087598
100002122431204
1040312514
100000170178303
1613329046
100002664658513
1387871327
699299092
100000972006713
100001217160721
100002641103106
100000014046840
640230790
1194321724
100003701883787
100002552127929
1697755244
100002219996704
1649274602
100001467285391
1134515119
100000013406781
100001599556056
100003280922857
100000086291392
682907061
1678001730
100003500235659
1068598073
100004564151477
100001656827481
100003042974526
100004066064921
100000056958918
12314791
100000624194817
100003312955308
578823744
100000439670628
100003172709266
100000661594602
1042241011
100000990135694
1773673490
100001446967261
100000446680773
100000128636808
100002498119045
1364730467
1110211885
100001157433020
1221784577
1558021353
100002032193268
100004097503824
1125039806
1218092665
1574040748
1587597696
100002367272812
100002559191397
1387495797
100000035331682
100005743860662
1389660056
100002955585685
100002094142336
100000983033967
1845800491
100000442631867
100001183770360
100003335989312
1572063495
100002072380188
1174759712
100000701565129
100002254308891
100000022854484
100003569733613
1525877582
100000512765113
100002223610002
100001901839912
100000180253877
100004599362379
100000922425116
100005640008463
100001745717421
100002170374823
100002737008715
100000590596343
100003303044274
100000666775715
100000924721931
100001705990879
100004229734045
100000979678390
100001468302126
100001673622027
1005064523
100002336417638
100000162766788
100001042509004
684252802
100001781360565
100004178440722
100002858052032
100000084406930
100002547375101
100003373683625
100001839178480
100004431164106
1168801480
100001407615834
100000431876153
737963722
32402420
100000571808598
100004195691786
578289536
100003872288243
1330134818
500354908
1444103093
100000060845794
100001419532368
100000251523172
607807485
588920923
100001547725324
100002732124009
1462232801
100002161444024
100004970315477
100000676373122
1779504741
100000556348578
1459149861
100004145051608
734278020
503889547
1498695402
45900132
100001925023283
100001535303997
100003668278887
652812036
100001378418186
100001178617781
1708922586
100001687930071
1419343193
100000367776949
100002143945187
510812631
100001692871301
100001250751918
1442804904
100000781242989
100000012153906
100000028185882
1742445823
756138619
1662964034
1635159421
100004229291010
100000474642851
100002947832841
1391653913
100000473092825
100001453408385
100000487043877
100001085799846
100002162426577
100001029213025
100002922985211
100001482827267
100001410308312
100001058722350
100000372094850
534289504
1844158725
100001335368975
100001261197345
689706843
100000727807153
711023153
577205358
100003275664988
1352532324
100004070508208
1706188645
100002173043695
100004947516861
100003753608208
1642636799
100000173964938
100002249891925
100001272302314
100000401013552
1171421173
100000627086238
100001136660322
100000518242888
1539542124
1015213385
851375322
502006817
100000734418446
100000649557598
100000616021347
100004621470897
770254092
100002099376502
100002705723752
100004635790939
100000598062943
100000440428331
100004840262509
100003233278171
100001300132236
100001531850362
1356529019
100002948668652
100003692859761
100002201562331
100005978319458
100000589566330
100004011857730
100002956642127
561086537
100000388950150
569864220
100000003747873
100006131284039
100004224493731
100002005818740
1659531216
100000279715133
100002061931410
100002512472383
100001472142248
100003525957604
100000502615219
100003772714489
1474145511
1606639358
100000066458473
619113523
100003452934323
1132742894
100001372803105
100000703715246
100001497650317
100001573640462
1707439432
100000416373352
100004019333763
1107861686
1614930069
584633260
100002855484496
100004570958075
100001078147211
100000149858060
100001076844740
100001843488400
100004609062057
614194607
100000202932627
100003130359848
100000462985613
100003183498984
100003511784745
100000728006904
100004936562235
100001582418336
1663243939
1155006879
100000158700422
1103780279
1798773980
680939631
100003563684277
100002403398125
100001322724833
100003989484755
100005060255978
1274095079
1545350076
100003058598426
100002890774157
100002341402455
1807693156
583913948
100000145688833
100000054912230
1426991237
100005684684388
1438430794
100001563977402
100000087086096
100001250088632
100000780976124
100002617300152
100005544813627
100003260834838
100000234932382
1614124690
100002091146899
100002020149770
100000586578185
100001494805734
1514799736
100000914335119
100002013853418
633594276
1732916526
1048681549
100001493948866
1501711289
1501963659
100004231992573
1044993940
1491976247
100005000195939
100000712455122
100001517942981
100000885961049
100001764915111
1514354599
100002392142302
100002579544137
100004547701325
100003455364715
100000112886207
100001138700929
1287746288
1643649210
1043511551
100004322468549
81400809
100004423357858
746949331
100001369224303
1075915543
100000109429301
100000246499348
100001039152794
100002501223265
100002279720097
1334632941
100002008184117
100000695073483
100002362770462
100000401070226
100001160574101
100001671999111
100003541854351
100003263700335
100004470450643
100001100148889
72803856
100000553482942
100001873300778
1247356546
1638235807
1131183473
100001850652764
100000540298905
1753854022
100000437732825
100004195574069
1625395357
100003713972197
100000225551853
100004587822015
100001845271613
100000029625404
100002348619871
100002632985791
100001250021251
100000459791646
100002575772933
1304047704
100001104453109
100004653330426
1564714604
100000075407684
100000143414083
1241522620
1480317027
1058725264
1001505508
100003190782189
100001570283001
900910586
100000604080089
1092638266
100000088684585
524114732
720638236
100000051588072
100005151549713
100000167153825
1679701799
100003121232762
1718947667
100002578786525
100001018380416
1341617494
1351627116
100003962229877
1140035846
100002109712717
100002173441919
100000919030468
1030385092
100005101205129
100003968801791
100000502609239
100001958342746
100003271528261
1355606945
100000881157394
100002697753034
1222031331
692400840
100000190069871
100000499047357
100003236329162
100000297295917
100001612854997
100001709142678
1439619701
100000927632013
1018027739
1405265020
1081873390
100000489005047
100001777032127
1601259734
100005350783001
100002676282151
100001670499791
100001149300495
1018727071
73430336360
100001762257964
100000619251531
100001704714881
730017022
1191945874
100004635393588
1485965397
1596637209
100002834290583
1424082049
100000249510753
100001113754686
100002444282194
100004290040985
100000255949763
100001551162323
100000833643133
100000016487528
100000654120048
100004594505328
100001546749965
100004838135478
506696949
100002938756693
100001966999679
100002187009483
1330011562
100003089505549
1290431837
100000415784464
100000735606439
1397143324
100002807374415
1843868149
100002878268772
1068391945
100001867537559
100000356194508
100001666661502
100000699873879
1760475162
100004440103342
1644811087
1267236327
100002692632983
100000274802387
100003589424597
100000793246979
100000905153281
1152522091
1457327328
100000024442087
100000214504284
100001052692065
100000965297355
594668669
100001404568122
100002724770702
1283062041
100000470313265
100000044352899
100001772713292
100004981811467
100003813556668
1408398517
100004528843983
100004457160541
1790779435
100002551696747
100004938068660
100000379616363
100000632444581
100000535841272
100002903614177
1826002355
100001957651498
100001795977185
100002582574831
100003655735199
100001494128623
100002213912887
100001752358868
1111215403
100000538827860
100002929351314
100004687540439
100002073595420
648847754
550699307
100000896355055
1041994494
100003560625179
100003693403115
100002184863626
1618956388
1445905080
100003739481707
100002377841892
100001030350585
100003124156008
100004837775806
333500214
100001654081144
100002913037171
100003705655193
100001142893684
100000210305700
1627751578
100004461398387
100002974271154
100002173495255
100000545082818
1560976072
1459890275
1423201620
100005243504065
100002049429753
655672912
1184577562
100001208191022
100006345614479
100004572427783
100002429380625
100004681415108
100000605612559
100000624823787
744735274
100000545380427
100001867242757
100004285864151
100004886709974
100001374945994
100003541964444
100000189139866
100000734692841
1170097024
100000814867789
100000971115088
100000044323223
1470005128
682230894
100004424413996
100003698966030
100003335025335
1175960679
100004863872535
100001181787100
100000852188995
100001948202365
1520780442
100004567926287
100000152762450
100002640317931
100000174814181
1429156868
1576659481
100000037742693
100000148364029
710881282
1765222182
758268938
100003512924080
100002621307632
1220762584
1145637023
100000993067522
100000552794906
100001074182959
100003651495612
100002134906695
100000678639794
100000117609041
100000938320930
523353982
100000922487182
100001394157436
100005720790204
100002570431515
100000022276709
1625975824
1593570239
100001462853363
100002326854092
1360624048
100000727277074
100002618823342
100002004814275
100001586574065
100000681627552
1573971365
1226801304
100001504450092
1036970984
1589841547
1350808007
100002627312418
100002334980891
100000511170638
100002720569811
1355605437
100000399896729
100000529113587
100001727416056
1788978006
870165051
100000707279197
100001035531761
1743773253
100000923274828
100000303435783
1631737799
100002551382407
100001432377915
100000618366142
1495058918
761237549
657186999
1695057660
100000188613815
1333839748
100000142696937
100002454880136
100000728349338
100000252879203
100001537634127
100002685947342
100000718278555
100002375516768
100000132860387
100004707432431
100000325316994
100002556792293
1368033672
100003901310330
659376769
100004804750829
100003531252985
100001533848284
100002442770685
100000106676701
100003154822762
100000206245541
1454684632
100001456305845
100001472704017
100000160517806
100000547142831
1787871069
589650675
100002043617539
100001126595300
100000910453391
100000841403819
100004289135134
100002174905025
100000976134087
1083424598
100000410233172
100000804054120
100001015183242
100002515182896
1670554113
100000053091949
100003923745785
100000130775297
1622542702
100000714766146
100000890348902
100004845813015
100003788513696
1325826419
100001681785331
100000005161383
100006020522978
100001424685544
1379665360
519551668
705446678
100001425129220
100001524687031
533252968
100000134952278
100000771731031
100001097767578
1607383777
100000071758168
100002455030070
100003414971564
100001058370480
509574740
1405488112
1372125802
1162682712
1501795504
100004192273185
100000563892508
100000218980705
100001829618246
100004205973626
100000967786982
1393627406
1297450058
100001917249296
100000041220297
1185077372
100002248539259
100000264780774
100004605842610
100003171631410
1783843945
100000872750720
100000093767601
100004787022863
100000005150997
1701993630
100002141835900
1844779620
100002030611141
1641347239
563410550
100001396848762
100000192383974
100003965856409
100000705229045
100001033063794
100000095065157
100000755101272
100001611514977
100000902402178
100004367796251
100000766695698
100004333842114
1532048426
100004181826620
759011317
1124978010
100001409919014
62600261
100000473719251
100000875143847
100003604008827
100004399476199
100004056484884
100001533976618
635532887
100000302598188
100000696485155
1639220755
100000084705105
100001308040910
692899630
1781524698
100001193926335
100004660748111
1843755567
100001090729430
1004442301
100000222979605
100005978102969
100003971735086
100000178117910
100002613446380
1317866229
100001283820512
1836830795
100000460721747
100001882350462
100000414463199
100003842078185
1643483931
1582957469
100004007746506
100000989650765
100000198644880
100000198279948
509864798
1744740946
100000489409576
100000163124251
100000726030220
100003082302463
100002059136938
1678182007
100002128135333
100000038169729
1080530729
100001817011534
100001118653854
100001309815967
100004739286764
100003274942580
100001962624388
100001896682182
100001447992780
648179282
100002417024195
100002001746996
100001100917976
100004220700389
100004736676707
100001642429985
100000818905766
100000290933986
100001553785804
1729707612
1358359421
619781342
1456631588
1842823608
100003048982249
100000143158231
100005646368142
1002185642
100002359419034
1533152390
100004281520427
100001321841795
100001998896287
100004605331814
100000141612041
855790122
1462553532
1085164730
100000561334063
100002227386714
100001689370885
100002997156031
100002648247903
100000707387964
100001809872130
1117505421
1384195913
100002820919919
100000759899155
100000897309606
100000805441156
100006435255289
100001399218086
1667023351
1826720053
710895181
100002188663528
1655956425
100002378857668
573710726
100001472781393
503255921
100000971410672
100002670556929
100004924061222
100002532234138
100005465380224
100000977959323
784235526
100000189459291
100000174886221
100002511508556
1179130104
100002478322520
1204492439
100000312467314
100000011604945
100001043678509
1598491552
100005828112070
100001085257434
100000705148523
1460270815
1034236541
1009929580
100001806004021
656484886
100000550174106
100003943977949
100002864563932
100003553278257
100003682403956
100002142782166
100000544865318
1507906622
100002449510557
1799111874
1797650236
100003335328947
100002948116768
100001200540111
100001920383680
100002412064535
1674725016
100002596755795
100000900527039
1002286353
100005602960235
1193535457
100004237771418
100000478513027
100004098513298
100000143075392
1386162183
100003556155212
100002130462345
100001151144326
100005193761867
100000286917240
537872012
1111403052
100004402988849
100004363770647
100002185746735
100003137402324
1219987796
520606761
100005164903468
1001700527
100002145475314
100004132181077
100004163404926
1591452225
1538553551
100000817692939
100000441988420
100000075570318
100000664525493
100000554929648
100001144869025
1492273704
607284833
100000203774383
100000130307511
100001794204434
1425625156
1561386424
100001333526270
100000644365715
1265582908
100000405877224
100001981137753
100000758644989
100002116795222
100002824558650
100001196101620
100000197138970
1795707597
100000134915134
1284548410
100004070790836
100000845511722
1784443319
100002485368986
1385052071
100000263854354
1466479107
100000890374426
1492587633
100000426925887
100002261223329
1131792853
100002962087772
100004036158464
100002359313709
100003594143405
696189338
100005626596074
100000186617512
100000175912679
100000804270991
100005141353027
100000949687954
100000118706694
100000948805426
100000443570504
100002261098188
100004547713338
1827758148
100003520603582
100000165475510
100001281172631
100000643787186
100001940866155
748107145
100000863378718
100000119351408
100000665767169
707033956
100000488133036
100004368967143
525472520
100003800268891
1839567510
1624039012
610489412
100001054483794
100000238783309
1430014965
1574350888
100000649462682
1800731950
100003198216276
1063135780
100000074912221
100002942762320
100001925428923
1498219768
1796156652
1445165409
1600484060
662016966
100001862932469
100000100151839
1419398285
100002375509147
100001478925840
1140204883
100000350306437
100001057894938
100000566585442
1300372879
100002272017392
1600383855
100000518101444
100002090583011
100000829918589
100001230093128
100001008590128
100000246282856
1170135929
100001462461392
100000191977425
1580029956
100000286269222
1253425893
100002923982716
100004976915306
1079128291
100002206166500
100001276340242
638415234
100000636789884
100001634576778
100000218837695
1212844702
100002949655980
100006099073807
100000275425395
586813101
1827578458
1535524555
831778220
100002564622025
100001994077556
100000779654468
1721216498
100001975959584
1205938196
1492035636
1501138133
100001181802066
100002576150775
1665946816
100001184667528
1519620238
100001053482912
1263291018
540242006
1693261075
100000261849501
7922591
616148670
100004749757473
1534745473
100004595851360
100000553688833
100001138869889
615267517
1389012166
100003449097078
1593834032
700259397
100002346858780
100000976219763
1082565966
100004607883895
100002538195273
100000639007359
100000672503775
513141105
100002600306208
599899138
1828659896
100001243231067
1335223262
457534510990998
100002271027204
1042534055
100000662034883
565974253
100003559155330
100004595324554
1676282096
1096573299
100000084705314
100001799301260
1830409403
100005147472723
1189916577
1284745588
100000049526055
100001724040532
100000207515755
100000422414429
1626615588
716812972
100001170036881
100000691427984
100000367849362
1223125138
100002297684819
1024473016
43002778
1121354673
100000216413700
753284297
100001637042490
791260524
100000467402904
100002419063021
100000975575363
100001233316794
617123011
100003972664323
502306354
100003036885583
100002016738730
100001003597867
1434934076
100001113726801
790193642
100001219193214
1058883472
1230334428
734135072
100003566044507
100000427157419
633344549
100003473512100
1598972147
100001841079365
38709298
100000079183983
100000555124435
100002638831470
1154698614
1765962759
100001517925259
1024665620
1782850757
100003164375566
100001126896970
100002917673724
100004036215121
1623291029
100001509188879
1102897352
100000683246628
1603225601
1262991800
1274808629
100000325833148
100001951385110
100001262351342
100000347267472
100000793365121
100000524472554
100000681036088
100001936374898
100000146500700
100003624700593
1438170714
100000351632953
100003013893346
100000358116235
1358557906
100002680283728
100000994536341
100001006588409
1229801366
100002311786601
100002712739290
100002759385343
1021043019
100000066034465
100001677128331
100000098301763
100000614076109
525718238
100000565920985
100000781249800
100000673009148
100002870571412
100001490757213
1087539854
100002216344694
1050246891
100002824141857
100002487450166
1561189571
100000690968535
100002576494871
100001265924698
675324779
673810563
100002579044665
1672713089
100000166601528
1578644095
100002629092027
1673045000
1239339117
100001881799689
100000573858368
1581399579
100001367162584
1103425858
100004468032342
100000304704815
1043164093
100003199179944
1337476831
100000251419201
100001904362468
100000768403516
100003982744776
1703273075
1023400924
100001755154916
100004087988490
100003726797470
1546962820
1167727524
100002703409710
100001284165588
100001571942069
100001050171768
100000512587608
100000868631129
100001458718241
100000722662515
100004541380001
1087925777
100004603993968
100000934463834
1341471113
1357975506
100000099029020
1143970077
589645988
100000978966583
100002491339803
1299795217
100004155579838
100000983479641
100003380363046
100000085056858
1331968123
1445771434
879690388
100004004536933
1439856383
226400141
100000828697505
1084904175
1243745755
100004769282718
100001301597157
100001935987484
100005584353260
1623145876
698696903
578859722
100001618230119
100001065614668
100000658244834
1148425843
714054470
593583346
100002419252701
1238224171
675741962
100000590178246
1052466507
100000695252368
1447452370
100002354192004
100001203567360
1455963167
100001842308643
100001441261566
181102226
100001142029737
100003920871680
1127527314
100002369196422
750306807
100001888238150
1323432886
100001147281858
100002359128054
100001823618611
100000009522340
100003322977052
100002665843357
100000643830279
100001310433395
100004096429823
100002557612002
1381744004
100001863911801
100003071544578
100000172209668
100003974420036
100004451738864
100003337725928
100001037764576
100000838918924
1366262823
100005999863344
100001276423744
100003894357460
100003663762292
100005116622958
100000859085335
100000694171137
1623855789
100002566690540
1432114227
1438959098
100003178072588
100001000845222
100000267759163
100002454821445
1817412303
100000448095906
100000974018227
100002033773771
667452179
100000369151254
100006363972979
100002212465992
100001517513228
100001382724013
100000720973131
1173677309
514311614
100000256725441
100002471778383
598224794
100000374031641
100000214682774
100000970562122
100005069948568
100000389024802
711564155
1635842143
100005948053498
100002274737611
100000440742499
100002467558145
100003305570615
100000639863431
100002042951040
1482908637
1242803966
1199398318
100001456854014
1448331375
1147456643
100001227650982
715296899
100000949773316
1197505213
100000929575840
1382384110
1125718112
100002107796500
100000298324172
100001081635781
100000218029651
100002743820992
1262945444
100000575200559
100000457040967
100000269290629
704777132
1523990418
100001895101741
100001918779981
100000542730832
100003520825966
100002019601101
100003700292533
1007753079
1373952493
147900591
100003854587400
100000114530062
163924493661180
100000042090192
1445482978
1291454993
1195646912
1285883253
1269898584
100000840232491
100001127750627
100003531288770
827428679
1285717050
100001215010819
100001596572833
100000925510739
7957252
100001598482526
100000388921994
1049830896
100002426798827
100001630770866
100005802610366
547604298
1049114624
100001431425167
100002339790963
1724058947
100000650700284
100003903783089
100001251394018
100001406762354
1677668079
100001796351834
20003043
763453746
1265118878
100001996960447
100004008307565
100004534183641
100000612890023
100002846945610
100001583692614
100001923054798
575621866
100001137603030
100001171862411
100003987433026
1326864992
100000881275520
100003173436600
100000147946014
1589005452
1650587552
100000420369362
100003976332544
100000474555377
100000019160795
100000171396897
100002531694089
100003714076850
100002078515419
100000202912973
100000926107957
100005130907222
100001361611995
100002544805758
100000712084865
100001074144012
100000979888908
100001148078381
100005528324470
100005268780709
1396220179
1342922498
100004901406958
1229914188
100000084651054
835942179
748309550
727027570
100002838368596
100001225656310
1147391176
100000115197081
100001474966296
100000961280861
100004034666059
668097253
100000223879834
100002274003264
100003858272203
100001346856182
100001772691058
1605616674
100002517161365
652597180
100000571134757
100002409243892
100003091829419
100003088329581
752658804
100000685538423
1200961248
100001179546866
100000702697183
1344562706
100004063090964
100000290372208
100004852898501
100003699397020
1424920834
1239710411
1317272102
545127745
100003259147347
100000220017721
1643226451
100001431043480
100001171574495
525533450
100000733445044
100003244107635
1010471674
1582084513
1538133100
1814006489
100004378502876
100001035495048
100000859396010
100002744827840
100003767283035
100005955780802
100000920324420
100000020584763
100000105737497
100002481825299
100001485038687
1669754572
1301441992
100001591457061
1548579864
100001645021457
100004201027147
1604886611
100000561374963
100001880332086
100001119097023
1739934039
100000824007019
1248562382
100000634023276
100000474675534
1332914223
100000782578206
1702911153
100001567575085
100003822212678
100002239847716
100000241428452
1583618142
14204222
1838850156
100001612643054
514180878
100001025800437
1602921817
100001285396291
666081073
100001807095495
100000547608197
1364833899
1488886402
100000605058118
1592063394
1829686206
100000178666360
100004932880569
100001849735644
100003020725833
1583971783
1322788245
100002072487148
100002433424574
100004694168930
100000431973307
100001060944790
100002351840515
100001787887201
1458486871
100000456838646
100001319596006
100004690952248
1142187651
543639559
100006014650583
100000196236829
100001973295624
100000501994798
100001127912670
1410077871
100004034235381
1412343560
504514182
1184108123
1467922126
1184488058
100002652609606
1832776827
100001958873375
1005037484
100000102202345
100001037906586
100001269475852
100002611551420
1464879222
100002084761050
100003569376999
1311208403
100001262700636
1805246404
1328319656
100001427995926
100006065312291
100002163089077
1513868527
1090340861
100002387393704
1578082580
100000350857212
100000220416909
100000136602293
1002030346
100002919872718
100004283585121
1826225867
100004370282068
100002048064266
100002387787821
1731850252
100004580461173
100000861803260
100000226446816
1014072502
1415667906
100000897508699
100001635223152
1793523122
100002551603104
1245667470
100004337256995
100004053980122
100001614366608
100000067985032
100000631975522
100002462108724
100000023732938
1255453533
1426269543
1224695554
100002924986598
100003282388843
100005379993227
100000682616811
100005140802161
100002177822105
100000473044155
1037212934
1442388656
100000689870764
100001020028297
100001157340187
100001950386372
100002355811035
1230013761
100002423081576
1332750068
1468891066
100000724943429
693975071
100004114025836
100002978176032
100000358945025
100000141156664
100004784923830
100002842288842
100000545958560
1660646803
100001135999460
766890786
100002497942031
100001514637764
100000656338222
100000574744467
100002293246141
100000972588245
100004189445346
100001477347237
100002971705461
1619500724
574620319
100002342802323
100000635646317
100000429804031
100003270394759
100000035892973
1847355415
1655012762
1654321180
100000363559648
1411514254
100001537012677
100002605856684
100001641151212
595710449
559665878
100000150206900
100003464225453
1230627887
100001424712026
100002095978506
1537840042
100003179877935
1122892257
100002547361685
100003496084719
100000397483457
100006272166122
1333538604
100000467400350
100001375411004
100003848463244
100001488612084
100004684652398
1214510665
100003270278242
100001014916304
100003060073233
100001546155657
1400957582
100004541346656
100002013464508
1046763180
1443256058
100000337624402
100006154479603
1309580196
100001334514415
100000783838396
1639454850
100000712954526
1101409280
1245306604
100000486550683
1599146528
100002507604613
715133645
100004033245192
100001284311605
100001073381504
870750149
100001223880496
100000084059056
100001513553347
1848166419
503404592
100000213196453
100000565965304
1371341071
1544160222
1430276811
100002609865509
100001144980011
100001594483091
100001112676906
1600841693
100000639242285
100004438982626
100003301810968
1133481128
100004738812487
1403100626
100000540940930
100000245867011
1149818308
100000532013777
10802542
100000611963504
100000361620284
606128571
100002496375027
100002123907139
100000378638035
100004077440468
100005036257911
100001268785057
1292206778
1089044443
100002149386576
100000937993451
100000989315141
100001575469364
100000592593984
100003819012678
100000528870010
1641852154
560449612
100000348111797
100000731923560
1121667165
1463473319
765744159
100004679282512
100002211577177
100004312091561
100000400503451
100002178321020
100001532933762
1403216425
1102883150
100002467572429
1802795966
516251041
100001326410502
100001053795642
100004783742452
100000910618423
1136366791
1440030305
549647341
100003987861978
100002273834203
100002550372903
100003293968823
1270210689
100003360963692
100000576381881
1439524366
100006209460452
100004678052429
100002585314565
100001317423960
100000465205266
569382845
100003556180555
100003312660850
100000717467148
1583992689
100001849488883
100001754629690
100000003939531
100003608415660
100001971164239
100003462171406
100005755933502
100000467351033
744031795
1037444354
100001180459076
1690815872
100001297738201
100002015509300
1318155006
1426032808
558367606
100001577687908
100004583983866
100004054830194
100001306467583
100000651430160
100004547281690
100000415044235
100000126688289
517986789
100002874927460
100001622445346
1058636999
100000223943911
100000565093042
100002025382547
100001214495610
775782145
100005058133613
100006354186073
100003148975415
100004399238499
100000419516163
100001519196627
565159641
100005276739062
1314622534
100000828542912
100000942533997
100004714987794
100000270192731
100002549384175
100001264302974
100002456953066
100001693680850
100001229683261
100000245082822
100000071569453
100001197394343
1640797117
1526347556
100001911296383
100001351505236
1404175141
1192051055
100001085903299
100001727782618
100004582003843
100001260733998
100000057946643
1818237141
1093372447
100004943824046
100002066676449
100000072406578
100000160491779
100000380840244
1247598134
1456283861
100003176561095
1470381762
1122763086
100001301245367
1405651085
100000868086361
1065923743
100004172323730
100004979439535
1580260989
100004641126505
100000781227270
1328161961
100000492490731
100002647982502
100000196578317
562222741
100000103403979
578504119
100002697599048
100001812867722
100002492873292
100003472588429
100004341280130
100001271869315
100004221641097
100000556533805
100004548091573
100003040826954
100002482218990
1057544598
1802966240
100001298256455
100000246799545
100000966039922
100004447261552
100000595155884
100005332928508
100000734992525
524972196
100000721599254
100000250329248
100000526416921
100001616169839
1050128325
100000274517439
100000960656703
1645281829
100001277914548
100001961580207
100001069961560
100001810080297
100002718773768
100003162227785
542908581
100001853112531
100004177002246
1778685413
673236843
544531989
100004120440434
100004338424981
100002044332709
100000531313125
1425494248
100000527526713
100002900387789
100006003999449
100000157344951
1031622595
100001534282209
100005009103030
1817182388
1229514142
100000876703532
100000517011637
703060505
100000494985394
100001623762663
100002354922955
1449366043
100003535013916
1589636341
100004364550139
100000432141621
1516751627
1486055051
100000197954143
100001132380749
100003009635229
100001370733330
1098309948
1066464500
100000485993003
100000378458001
100001047032314
100000830826328
100000752152375
100004192149231
100001649814792
1232543005
1315440017
100002796897672
100001379366963
100001375237783
506081343
100001092237500
738845544
100000155948707
1284341474
100002243017784
100001390335424
100002999736031
100001588783325
719290569
1083699519
100000477886942
100004718971908
100004696722216
100004141444403
100003757459771
100000904657392
534573306
100000805260838
100003027830396
100000488216592
100000856541948
100000508063126
1203789062
100000091374670
1382512483
100002470316225
1403293876
100002072646544
100000227050060
1769420296
100003157475738
100001969060423
100004009756888
1411634054
100000058173516
100000446585349
686510886
100004728603010
1180741287
528807068
100002539396572
100001042474971
606568868
100004543571092
100003073772068
100002412676855
605071810
100002378505349
100003202592337
100000817686548
100002327360201
1645215242
595894704
100000183318255
1434995145
100000455590821
692681267
100002612124144
100001953701252
753757345
818890435
100002123199241
282783265113
100001504546936
100000641827464
1125601286
100000086506161
1159110241
100002319502984
1243355268
1390680612
203400598
100002588117843
100002505799880
100003014037928
100001629778079
100004242601558
1347201545
100000161978610
100001673401220
100000035372499
100000536238025
212401215
100002790802693
100001896085767
100002206072023
100004930023975
100001530330563
100001781590728
100004040696463
1783028034
1535926859
1350364494
100003187356143
100003801563863
100001560502062
1539619156
100002279402616
729897987
816233231
100000662176945
100003636353036
100001394186766
100002079006336
100001455031443
100000337415156
100000016834507
100000060805879
1428667192
100000508116770
100001509932385
734794009
1285092339
100003516307259
100001053014452
1807996332
100004606423799
100002497957422
100003587542655
100000087197650
1078869155
100001113435159
548532152
100002328611429
751207222
514319362
100001762205029
100002475147142
100000940525063
100002362612510
1474487106
1546686599
100004476103643
100000023283917
100000271331276
100000716332980
100000052627475
100003661391647
100000672035167
100005456201075
100001285055718
100003758065775
100001970335912
100004185572508
100002298561054
1808400623
100002573876222
100000550225051
1648834525
1469648996
1029281550
100000598367976
1735085377
100001451282786
100006215611069
100001662645273
100000346132455
100000927698474
1016864171
100002474739019
100001284781585
100000010073107
1322933762
100001591246560
1727507954
1374924518
100000349123317
1138602195
100000877458512
100000357924714
100005112218274
100002532487834
1251663520
1103056863
100001402849670
1473123073
1438683243
100000455878306
631812180
100004355913312
100001703374694
100002504551933
1532720413
1349692803
100001946674935
100005466761988
100003533671944
100004054143547
100000523925907
100002696343754
100001609150671
100001256555644
568351547
100002158600530
100001862566353
100000735303725
100001542907334
852855222
100001770563170
100001133738927
100002079023995
100000646027520
100001766151490
100000030828369
806752459
100002199101452
100000235955795
1191016700
100002109072886
100001369302107
100002945241220
100003002587674
100000171167944
100004688677611
100000825167254
100000516854435
100003174884707
100001301106726
100000278343098
1547377260
100002642902559
100003671365208
1622512875
516471263
100002193757248
1255811447
669863798
1066657753
1159036094
100001059837977
100002339112806
100001308786734
100000271389382
100004079301369
100003814122251
100002599393139
539629613
1485754578
100002935857523
1306768605
734413979
100000083439926
100002077487968
1094520584
100000809948788
736323688
100001999853761
520030020
1586222185
100003082775373
100003331780023
100000834750056
1404245722
100001252918727
100003082446755
1196273880
100000598280066
1228702958
786738047
21706158
1492725704
100003134438489
100002681988156
100001899524994
100001289841433
100000169531352
100001409405161
100003028328736
100000493667162
100002093278576
100002633916828
100000850195798
100004206842106
100003064988402
1237677892
100003671831499
100003364546734
1188742128
100000658388645
100003110450216
100001187169440
100000655783505
506350489
100001435705864
100004077818494
664927569
100001662618105
100004511281635
1404541283
100004424882164
1665969244
503880419
100005357738625
100001429807116
100001293123332
100001778861761
100000176301754
100002220803942
1070707374
100001845377503
100004576482455
100000028806765
100001233201248
100004616172738
100004018868524
100000581540285
100002961259288
1833541806
100004759691480
100000005024434
100005003172515
100000705358378
100002278881640
100000532669194
100001821133002
505699190
100002296233271
100004307049188
1754041354
100001387995430
100005669829178
100001988055542
100000960614610
1599703642
100000266159049
704415239
563051431
1233776464
100000791590918
1806142577
1196213250
100002630110961
100004239368015
1529934320
100003404296382
1490859474
100000156415041
100004413245975
100002072818178
100004725612077
100004774621444
100000078851311
100001869260586
100004305366630
100001066527558
695834446
100003309625067
100000392977445
505850637
100003305698800
1154216273
100003320903289
100001850314031
522849156
1659342416
653240953
100000441911656
100000748966445
100002198163844
100002665955080
1446868183
100004455974408
100003284296223
100003030848648
1808775795
1434700485
571824608
1364690653
100001331112823
1836110707
100000913836373
100003091348673
100000641709952
1334004958
1337968364
100002938421424
100000706952688
100002383042657
100001649131891
100000046002976
1212665628
100003966863068
100001487998582
100002476922906
100000759635256
100000990783048
100001676198076
1084372820
1497964915
100000380628400
100002121897049
100000558054465
100000482568553
100000196388891
1241698277
705730561
100000175707191
100000182041425
100000233693682
100002451277670
100001086791046
100004771172586
100000594607962
1475423145
100000513042781
100001594391752
100003002531848
100001632288044
1402542956
100002088159559
100000123196557
100001165112447
100004100392807
100000442339177
100004997231446
100000406875374
100002616579533
100003240531661
100001346075947
100001381122790
100005219134317
100000153474275
100004105968037
100000965986940
100003671511960
592785175
100001531824014
100004314217229
100001129616854
100003141072732
1160685984
100001707605797
100003353521534
1484260611
100002014313907
25510331
100001478826305
100003653965710
100003150042382
100001063541860
100004529462688
100000128693487
100001501285129
100004793022790
100000814530211
1166209503
771469936
100002182682649
100001130264637
1773441549
600124051
100000733703073
100000624997521
100001593590327
821569761
100004261535438
100003919580374
100002049321344
100002980245150
100000480114795
100004309807565
100002279705699
100002886800930
100005024709518
597008176
1556170647
100000815271756
100000503102409
100000791845345
1420786485
532521402
1025600658
100000806799621
100000591252230
100000039544182
100003835777887
581233618
100001689785593
1146363567
100005112912380
100004340010865
100003753970900
100000082214222
100002087899868
100001237157514
100000443972295
1481912772
635504255
1485441040
100000801603815
1430074673
100000076273910
100000762531118
1406521625
100003667473226
100001603785848
100001329123381
100000788887904
1656948453
1190124850
100000851548446
100002196517277
100002409756466
100001405689805
1298831408
100000254128023
1331972473
100001457941295
1242787397
100000035109514
100000302925252
100000587206207
100004929851613
100001238305157
100000524773041
100004118707648
100000453370866
806660421
100000164734266
100003080175101
100001174112094
100004364163464
1744222514
1367884089
100000494422614
100000228160290
100000129178043
100001470748841
1081922179
100001913300014
100001353402528
100000201460443
100001579592694
1022654512
869420566
721375335
100000875025701
1123664039
100000067821291
100000864836717
100003082995317
100000910371354
100001001935277
100002254748203
1747253055
100000167763014
100003203405106
100002395637432
100000161807138
1206351252
1750605169
100000104046613
540830416
100001132775023
1347706182
100004087264969
1463401096
1206975658
100001755647860
100000617772653
100001417498174
100000494937604
100001061662791
100003371873174
1559763085
1553684539
1478574264
100003555052675
100001144936613
100000136807256
559658908
100001853872180
100000189642383
541549851
784479669
100002569196804
508077647
100002505221151
684374502
1726030031
1421343483
1717443022
100000562754456
100001450596272
100000940987865
1793479094
703763292
1283462592
1700387712
1389657006
100002337321027
100002251803622
1386814792
100000225886443
100002129622390
100000492701937
100000897100039
1590984290
100000471049474
100002758020487
100000681187185
1165237716
100000958985266
537042753
100000140425082
520846621
100002547174362
876030106
590645722
100000813915656
100001573028066
100000165262128
100002099984106
1438360392
100000185203895
100006610390228
1699982365
1223055139
100002893430050
1678845769
100001623598077
100004516511132
100002946683521
1354116954
100000196062422
1605702775
100000629860018
100002946833846
560011009
100000338326054
100000280363650
822215243
100003387627846
100002234611255
1821851924
1498793191
1293270809
1072424896
597266422
521649763
100003752996043
1155710294
100000950507310
1271894829
100000151665523
100000045704090
662448988
100000253028521
1531074
100002191533886
1208680690
100002648272999
100000580828801
100002611786354
100003686767927
100001915012096
100000092985529
100000222964381
100000953603669
636272797
100001845785941
100000815824906
1526444101
100002440659582
100000331056343
100001442087887
736496065
100002269373931
100002316317625
100004670923267
1335271164
100002494421653
100001664653392
100002105772782
100003107235952
700530505
100000726353392
100000550369378
100001665106015
100001788534883
100000153417742
100003674536222
511943652
100003331205353
1467501682
100000487278503
100003221408856
1033890992
569632053
100001057062913
100000158866150
100003352119282
100002271199484
100004961580070
100000744103570
100004113250546
1075432912
1054758701
100002245590205
1331535428
1353244083
100000298291433
100002100535975
100001298752362
1218075629
100000137655154
1463357579
100002568050843
100000977153378
1151766947
100000951671130
100000503389339
667495134
100000535502464
1209247817
100000708551442
1330248805
100001139584674
100002933715493
1333549692
100003955149967
100001467403172
100000699063062
523095523
1541963887
100000954710851
100000278974603
100000994780446
100000481184516
100004225988648
100003403492705
1137044125
1549088511
100001892534894
100000615624976
100003950979995
100001448898541
100000140413918
100002921925702
591680919
1821148149
100004406623438
100001481347034
100000548322534
100001938254601
100004077831547
1834528455
100003281122198
100002620375344
100002967051755
1281780713
100000952141511
100005028150844
100004135543563
1616150314
734865083
506781870
100003881969108
100002163881542
100002566319052
100004912840558
100002904024975
100003466549932
100001009476608
1499374336
100002380578829
100003366641468
100001371307110
100003143261098
100000535491195
100001337840782
4924837
100000343684978
100000045627142
1028513594
1306830798
1155123830
573242619
100000490506419
100000223914384
100001868178457
100001118564600
100004301281541
100000211720269
100005019192504
100003748788669
1737653985
1359847207
100000544931553
1684943058
100001653080023
1307858390
1622186544
704563663
1028049969
1348575772
1361382706
1193383372
100000798788046
1735218699
1024633715
1097857827
1663372532
100003682765154
579389387
100000360596435
100004579381799
100002049722063
100000059094927
100000521100118
637243145
100001641513597
1461604602
1345270530
100000641680888
1601541984
100003982364406
100000455388380
1392128282
100004003049158
100000586393917
100001643890010
100001203459789
576161645
100001537874291
1265194930
100002166137739
100000843602567
1326916309
100001859608209
100003320384407
1631962193
100005107061488
100001528987748
100000266634499
504996028
100001845834422
100002664397022
1113144038
100000790278039
100005933920980
1318159700
651502384
1344857245
100001642000322
669407010
100001689485585
100001114216723
100001045172326
694169906
100002922901691
541631924
100005128080197
100000390952262
672600202
1542541666
705549395
100001475616601
100000297342392
100000562135464
100000079328214
100003885283286
1551490090
100000979637930
741285165
100000339103486
1378123648
100000824906589
100001243323508
100001716842625
100000890331888
100000011176061
100003714718704
100004100745578
100000115342318
1558118082
1465638169
100001769686451
1692143462
540281608
100001119687862
100000413349169
100001470374251
1243595440
100000160951398
1366840331
1504369984
100004100663308
100003488642431
100001773237844
1476360322
100000056653685
100004754529038
1444874031
1226195815
1446961226
100004075192064
100001986116049
100000682760701
1019799623
100001161632189
100003230515647
1842554999
100000823021032
100000893687797
1807653537
100001302303367
100003428192374
612520397
538369750
100000490795337
100002142062522
100002722304647
100000255358731
100004046423695
1366014558
100002676303827
100002477188533
896635299
1651193996
100000158316713
100001792353277
100004696272784
1684345855
100000162559646
1578733321
100002399625860
100001046224515
100002519192095
100003509173824
100003992610478
1071733200
100000353158694
1624551572
100001966285138
100002851713808
100001430618963
100000040491203
903365413
100001411452793
100002229131205
1190226855
100004865823779
1362921119
100000079098929
1245032218
100001451646352
100002291913828
1062548378
100001495380272
1142402703
100000537769741
506517749
100001219465460
100000125745103
1419829641
100000855918422
100004467761927
100003847727998
100002563404962
100002565644362
100001450629961
1643592867
1805178753
100000697533625
1260729106
100001610756937
1343548017
735215294
100000939698289
607566591
1335729777
100000282714371
1319061622
100000659130154
1219870361
100000740932865
100003180616409
100001366145771
100000654624779
1204435348
100000191467649
100000574560278
100004110965945
1415799797
100000147774862
100001586802629
100005466960313
100003393593576
100000858670483
100000598460125
100000608518514
100001884274965
100000767387533
754222947
100001789611334
100001737514784
100000308319721
100000380801596
100000632645084
1239676965
100002123809674
100001466749411
100000547196771
100003223367611
100002334261864
100001208639015
100003208844369
100000780192750
726640241
100001626552891
100004420986081
1423350043
100001248043281
100000087855892
1365808033
571972642
100000130014967
100001457778129
100001773667086
508312986
1770508926
100001898001726
100000453798988
100000947131165
1666239420
100002695334896
100006532332374
100001446100621
100002916736354
100002049354057
1399341881
1623846605
100001656930264
100004750868368
100003620970664
100002273824558
745439312
650457704
100004922072432
1075989950
100001223118127
704949429
100000212087841
100001224826283
100000321095990
100002959231253
100002042432193
100003149263938
100000246627552
721730173
1145264879
1657613124
100001710491763
100002126576986
100004230912056
100001160699116
100003057728994
100000151813591
100000213401753
100003181369039
100000910448765
1342393152
100000273627504
100002833775876
100002932294771
100000446682232
1301777806
100002674355417
100001863032526
100002032747055
1341510583
100000088524285
100001478976650
100002268970458
1612464262
100001562605989
100001105846710
100001576208880
100002374597325
1784024976
1240063614
100002263240248
1505530142
100004792422929
100000031787529
1652298203
100000370067762
788618623
509548255
100000616179436
100001584922757
100001209738101
1503822438
1320276510
100002090911319
100001404952968
100002518806854
100000765325653
100001270740776
100001992220361
100000791663911
100000353349489
100002278951562
1518326003
1530576640
100002255432599
100002485534868
1353833064
100001756544893
1404248053
100000675166168
500687624
100001264224141
1465857022
100000624473253
1834332088
100004076510650
780324513
1547436358
1188263268
100000100812483
522255424
100000305743836
100000219697551
1644715880
1354367116
100003498043844
100005283510896
100001134450359
664762253
100002555296262
100001542245528
100007139373916
1284168875
100000069403622
1303360247
100000407803291
654786643
100000205497653
100000527595349
1436586831
100001004445085
100003280576267
100002114322887
1551822632
100002462404715
100004053700394
100000155682311
100000114436400
100004930032114
100000425347995
100000042840281
1840805490
100000659581463
100000043842859
100004421324272
100001198490703
100001907500079
100001874981233
1671310679
1785678739
100001515737158
100001079237167
1232447674
100004135414409
100000140083254
1510417256
100004773096827
1074631594
1528470871
100000616869779
100000686892932
100001297715051
100000781988490
100004770094646
100002834446265
100000833256725
100002290448209
1510001818
1734635479
100001175923889
100000473667544
100000903475946
100003168093478
100001028010455
100000894116668
100002618227696
100002342186903
100004237299856
100001864785023
100002021803970
100000662661706
100003575989805
100002007403689
100000165664240
100003029604763
1320228774
100001670644376
1582345162
546688027
791485533
100003522949617
100003645105812
100004163404946
1824764072
100001246873285
1346542639
100000897674987
100000032092489
100003868895482
100000699362311
100002569927247
1086399308
100004260403212
100005355338980
100001300781941
100000446097499
1386928403
635663262
100003202255116
560140606
100000914646523
100002431376328
100001157261611
100001525072453
100003402402340
100001429487815
1616409812
100002838337291
100000202463787
100004526493691
100000523396622
552215428
100000721136715
100004825088551
100003095899165
672673473
100000148701027
1488768699
100002907267814
100000271239554
1750532296
100001924488313
100004231263107
100000650175417
1036181826
100000553482926
100000709082140
100001514297074
1268503109
100001401785820
100004432719395
1196250371
100000704001793
100004399628744
100004255689153
100002039944346
100001003242172
100000986375176
1019057032
500420159
100000471174227
1475192526
1171391079
100003259809834
100000073149495
100000203381517
100000814975994
100002774509027
100000189321965
100000648876300
1296406351
857995316
16503784
509073481
1000052173
515693062
100001411242536
100001407056046
100001648583558
100001369356082
346664795427701
1287907910
100000219744067
529344922
100000048036950
100000309983170
100001571399247
584628112
1315001911
100001893065377
100001915062867
100001501307971
100004103829611
100001067607062
554020434
100003724959306
1798025308
100004061945776
100000824748240
100001832466167
1125345665
100000777018693
100001762931577
100002238391373
100004254184394
100000871612150
100006741752861
100002893669669
100003182216513
100002008040751
1815231837
100001483262208
754478944
100002585985763
100003603092702
100003504081298
100000552410877
100000665171360
100004100289327
100000027018624
1686851493
100002829314601
1368383132
100000892826448
100000827570135
100004439823025
1416647811
100001404464863
100002708671840
100000844195920
1240678001
1783773570
100005172638812
100000343288615
100000993400431
100003488451113
100000267337629
100000181166585
100000146601997
1498790914
100003253692386
522107595
100000722278010
100000037893189
100000767346675
1519426478
100004146904540
100001149086193
100004135899989
100004111591273
1198258139
100002851295905
100002894960998
502946618
100002017276582
1207775654
1245391025
100000390707966
1539343279
100002383571640
1345845098
100001973077784
100001252636796
100001676422392
100003515809940
1813375555
100004972689630
100004009491151
100002171353413
100001300459970
100000576776864
1009004784
1651390810
1452228643
1073567836
100001326170999
100001069310834
1248283017
100000813801723
100000105848515
100005124632199
100002713820521
100002897812160
100000371397691
100000199347988
1326481974
100000949097984
506487792
100005300942430
1230333769
100001953257978
738607398
1215492117
100001236992855
100000175745671
100000759979410
1041551620
100004038014113
100000176120922
1070886029
1067079089
100002022559442
100000635336754
100001898745328
1806212335
100000245029321
100001075450658
100002061896090
100000246611794
100001874034537
1824628746
100000660006069
100003482951585
100000058451229
100000184292903
100000742464739
1359455020
100001810640450
100003445228124
1115901184
100000658541252
690628728
1659617185
503838441
850789667
1391166596
1383263389
1457662783
100004475438066
100000764957227
100000548509588
100002463772208
100001221788440
100002342986448
100004073178671
1021207399
1269378740
100001971937032
100004038270535
100002325340214
100002276070404
1551113479
100002070929255
1362485170
100003114428088
100003075626780
100002773993778
100001198862594
736721200
1616342843
100000154216659
1189822273
100000670983143
1415490501
1439464471
17908869
100005236211431
100004046626226
754868855
100001134938381
100002405087327
1287727286
100003812495915
100005407329434
1187209251
29608196
1620351459
1730221661
100004906664307
100001437165819
100002940755202
1501586700
100000850085835
1504962444
100000956663858
100000112441173
100000219132391
100005220400745
1380684694
100000704322136
100000323943333
100002435370802
100000794884158
1444200671
100000017075571
1570629384
100003230025480
1317097823
100004073920107
100003569367562
100000006301761
1222833656
1800295683
100000674168699
100005334221666
100001651126641
100001557536419
1779474785
100001093897683
100000354676021
100002436670320
100004224666550
100004973820559
1333628153
100000239949314
1636358791
1659457428
100002224958032
100001437217107
100002361229447
100000038760690
100002839954222
100001740540894
1734709414
100003206106794
100001669866213
583610595
100001604359705
100001417118642
100000996294637
100002286572489
100000759365911
100004217591871
1561652544
100001858488434
100004745402767
100000817273013
100002394271208
100000273242802
1219960667
100000106055373
100005068512147
100000133410022
100005694602211
100001953557895
100002880627752
100000797179638
100001555248156
100004930146462
100000267204701
100002405846410
100002429793441
777947453
100000793504997
100000091438308
100001732202355
1077290279
100005143442253
1610000343
100001277198519
627270332
1456239486
1275617986
100000337644036
100002193442154
100000908423830
630383163
100000364954464
1244768954
100003646462223
100002200409133
100003617621445
621384437
100001844510968
100004079025081
100001779172244
507163852
100000167748322
100004847080577
793974305
1424640253
100000050424642
1341319089
1369721081
100001608036680
100000609578672
1096322584
1134332890
100002517402843
100004497790212
100004412710408
1484194419
100001008708823
100000621627120
100001151097065
100003027423198
1361936445
100000665081586
100002691730689
100000433534400
1105570277
100000589002608
100003882614914
1660872541
1535927486
100003298253039
100000175613461
100000511395389
509056168
100002067782614
100002910799074
100004042312848
100002759401592
1153217447
100000767387125
1636388525
1053521308
1680422134
100000563402104
1232982297
100000762984031
100001236191471
100003322433501
712143754
544130515
100002219670257
100000094425687
1831878552
100002915591853
100000975256041
1686145127
1074934952
1382288255
100002534712286
100003577863549
1339039341
100000863243001
1670771838
526801254
100002432115462
632237036
100002564030619
100000584722513
100002217721402
100000312743357
1542407420
1065485855
100001251793307
1657953080
100002959225643
100002633310510
100001500195924
100001727922909
1547196855
100002490997646
100000971077725
100001182421668
1082993621
100001088117406
100000574739157
100000909746431
1797787709
1325003382
100002512823310
100000649159166
100000603354706
100000697093974
1257582947
1319045451
100000010059126
1325089676
100001538533195
100001034430969
100005971080275
100001767692698
1429393894
100001099143736
1405798582
1023571216
1674547181
100002070146894
100000978732653
529038528
100003072094414
100002236204611
26602846
1818507672
1479055679
100004752125769
100001012834505
100003317708369
100001949893127
1451712766
100002090889941
100004044510598
100002204480304
1844303331
100000337108019
100002111736518
100000227012293
100001008237038
26304165
100000055948584
100000707871439
100002648379268
100002553417456
1002913482
100001208271020
100000914088417
100002531714851
100000147511967
100001499729081
100001087865776
100004874760426
502051124
1747620489
1326567372
100004016893637
100002810923350
100000569152415
100000490347965
1160330629
100004315113503
100002159303618
100000624968916
100001026910663
100000954113957
100001985432328
100000845542540
100000905581379
1039569817
1621993523
675546821
100004452161133
1816519805
100000239305137
100000452906043
100002402416361
100000213669711
100002447815887
100001787352020
100002030027853
100000514692587
100000986688713
100000556249252
859645310
1391394276
100002143837277
100000205228732
100003102264188
1074945685
100000265155287
100003078163887
1784330838
100003233040791
1646299204
100000663143443
1569338816
699228866
100000166128081
1391683569
1454361052
100002492331697
1233728068
100002305075621
1250353964
100003640599798
100000593613141
100002237603827
100007044185491
100003403148821
100002640250826
100003167912320
1382917355
100004039344194
100002285482551
1196510978
100000556990492
770738009
1676628314
100000499794374
100004185273423
100004389725961
45009518
100002880568013
100001358247588
100000487115154
100002414558757
100004093936074
100000444685840
100000638535011
1244217553
100001040349040
100000646917367
100004329126725
100003854262649
100003748961308
100002382047642
650773316
100000263110536
100000088985772
100005565423749
100002012014065
1372615318
100001079384093
100003284188135
1188038313
100001410028850
1360440588
100000412113989
100003129041105
100005287506795
100002098119554
100001188342027
100005087703150
1530074112
100005011690041
100000154992995
100001126324939
100000027864912
100000784661673
100003369724099
100004011358797
700459812
100000267491970
100003242920051
680540015
1105729432
100005840282017
100003213032936
100002584366313
100002936853341
100000958652857
1046916349
100001824717037
714126510
100002571597393
100001578769767
100001277277794
597098286986089
100002680121787
100005300884964
100001655889778
100000322457891
100000168540595
100001829028398
100002047289178
717990911
100000644450699
1200727619
100000922367034
100000103431569
100000478202541
1274654224
100001191989065
100000078536772
100000592528287
100005018560804
1428974463
100004284605414
1579992533
100001487506511
100001899451748
100004409281755
100000801398004
1030775781
688770575
100001568965821
100000198909142
1339119449
100002199308593
1376875041
100001937307594
100000485815743
100002226818132
100000105950061
100002130957256
100002224758394
100001686687294
100002549796615
1563438496
100001911210322
100003670117780
694872597
100001918219775
100002565154717
100001491384756
100002526508399
571612690
100002615571470
100000820356643
100000500353933
100000573526050
100000073245852
100002213859286
100004375389247
100004022343546
1600180164
1037517039
1105059231
100005141203233
100004962250824
100001569185566
100000649417154
1025853595
100001404583234
100003302668925
100000176304544
100001435417483
100004741830899
100000225485841
100002516281199
100001554476732
1262624862
1136624204
100002359334108
100000348931644
1163881310
1457045607
100001238354852
100000623256465
656366398
100000146492248
1354407687
570795664
100002162657899
100001431113984
100004500001785
1365521233
1411381574
1272528533
1451342532
100001615022852
100000032174130
1359330652
100004540982897
100003681185666
1378313303
100004973144462
100000032569424
100001012885313
100000703735081
100000000214931
1821682189
100001011263670
100003378054942
100004853287258
1545991088
100001596821346
829083725
639149347
100000136391421
100003779761122
100000292600658
100004350905955
18300940
100001715262697
100000487775304
100001237411659
100003655141099
100001163996893
1423689150
100000838614458
100001046800011
100001417747599
100001831325408
100002413480422
100002546021634
100000045263460
100002040259424
100000301992954
1183972025
100000062381687
100000606106102
100000251834943
100000614199163
100000077053002
100000509449849
560595006
100000818354363
100001974318933
100003313055407
1053964725
100001123663169
100002272845507
100000800829967
100002952330271
100000569412408
100001513271163
100001059950312
100000004628978
100002090361968
100000863375146
1279395998
1295154996
100001788538159
100000959996403
682526789
100000941217994
100000342627917
100000336000535
100001029405783
1506751814
100002426501317
100002157341437
100001402204032
1089431094
602923862
100002145401242
100002378695099
100001812081856
100001486088172
682988079
1097613235
728149279
1567061788
100002826786050
100002778143647
100002600950299
100001992545895
100000436105594
1130733758
100000635474577
8908322
656170605
100001137662698
1513262687
100001494779161
100001379874325
1026686823
100000624990088
100001155042139
753753140
1103492679
100005442639555
100001383761643
100000179254736
100004622646583
595873308
100000112279352
100003899309123
100001392411790
100000736451256
100001691031084
100003188578401
100002212052400
100003625203630
1707171440
100000608113669
100002407835703
1351154711
100001627626724
666878269
100000940194210
1173081810
100003616797203
100002342659357
100002689678716
698153845
100005344172176
1378446158
100001318502805
100000855695339
582113423
100004524160636
830919137
1041749876
100002574882199
1588590448
100002346773765
100000353252963
100001279025909
1242953253
100002568621068
100004081302251
100000896801829
100000344856231
100000420775404
100000245139701
746688108
1341340280
100000227283877
696414047
100002249590150
1655941978
570220352
1341568653
636366079
100001000202107
1539570337
578063714
1109762785
100002367334049
758494403
1399576386
100003997898115
100001216506027
100002105886507
100005329986318
100000175500449
1791977896
100001100363020
1281279713
775434105
100002820922444
100000323051607
100002572366822
1031842702
690143438
138600366
1428349763
100002348319031
100002472208864
100001925646635
100002704999804
100002292239083
1656035921
1466054503
501682903
100004095424907
100000767949363
100001702778622
1218725051
100000483810400
1077638141
100000866833942
100001724022852
100000540786971
100002034892127
100001223002831
100002212186497
100000122870928
100002779894379
100001516190607
100002011387344
100001755622390
100001192764623
100001827973107
100000122522090
100004677634818
100000108128938
1417644657
100001770570383
1232617515
100002282145206
100000904526375
100002342870421
100001191117684
100000647414112
100000623018753
100000593750886
100001100944878
100000524259957
100003079396036
100002636251635
100000633231153
100000336830030
100000994084712
100003906504013
100000761215569
100000853977514
1351683261
751356170
100001738228152
100000325824864
100001337028416
100000435325292
100004983815149
695462619
100002471679781
100001494953924
100000211346527
100001171187710
1081719401
1657809124
100002639728047
527004228
100004938008075
1459861109
100000361532954
100000226508599
1824502182
100001734080010
548004144
100003261406561
1557440724
1270845697
100003557208737
1509460945
100000603325201
100003461278265
100003825146310
100000871953400
1636493288
100003715138202
1833071371
45607146
100004188102338
100001777855450
100002219031385
100002095786311
100001642295146
681773751
568901591
100000926779606
100001353068530
100000018434513
100000304290789
100000626210904
692445922
100000663091068
1800760375
100005362123836
100000835081828
100000075591317
505539559
100001063989292
100001663828916
1269820951
1706748726
1406652494
100001757755801
100000290740966
100000329236069
100002958436744
100004290303467
510304436
100000171527805
500303564
679193909
1388936500
100002767668403
100002582743410
584426250
1203957273
1393085179
100002284355172
1055690734
100000502153046
100002127305824
1260567283
634748711
783819466
100001057470830
100004775312559
100001841086430
540179213
1384265151
683544396
1839373546
1414985439
100001371444375
100000165390099
100005728475612
100001664036740
100001671052665
100003338065306
100004721256252
100002096906869
100001031817132
100001492327910
100000822718551
100000734814755
100000682540247
100000970742036
100000084765697
1026759641
100002190280063
100000041708437
1079105478
100000324891473
100002618767670
1408551307
554129707
574523045
100000839300132
100001701414468
100001572737705
100001678251708
1557767896
100002390827709
1845554868
100001558650220
753667146
100001170930534
100001646177989
100003341837777
100002280727969
100000474625560
100001450224959
1519664012
100001100022037
1591688491
100003898908261
100003221150178
1647592799
100002280877518
767403127
100001663755422
100003492621018
100003027093001
100001300663527
100001386390601
1394276131
100002587376713
100000604280328
100000395882243
100000026371295
1511871198
100003956180431
100003501344452
100001558701134
100000293962209
100001437400168
100004094182809
100001225642294
500334070
1295396538
100003552655078
100004610192545
100001441050483
100000761081145
100001494138422
1691220197
1131673106
100000969120254
100001706472351
100000949496627
100002152478144
100003138740982
783026423
1374492773
100003196584069
100001400543652
1441609563
1094247723
100001079799583
100001334477680
100001203490348
100002254930064
100001224646409
1103348350
564264576
100004095843601
100005946997694
690616725
100001863820171
100003959868220
100002228185651
100000612187099
100002618777609
100002483320712
100001112536393
100005346161468
100000595005573
100002031256188
100000601094225
654935216
100005521539531
1326013083
100003951425541
1316769383
1335417049
1487612915
100000051484861
1785140188
100003718361841
1182194974
100001124139054
100001653926325
100000542536217
100000124987587
100000436078637
100001204580800
100000398736047
100004349684508
100002767310799
1557308934
100000059540870
1649257510
100002294931664
100001174652511
1001301450
100002586682640
100000413763694
510810612
696571114
100000853855659
100003952062325
100000559597910
1600242780
100000151523818
718086088
1123040692
100002710250557
100000843532080
100001677923481
1817869148
100001022598253
100004464216713
100001441711333
100002656511121
100002549476534
100001485868883
100003071944132
100005229520706
760189034
738612455
1066730329
100001222987178
100002639845153
1316317800
100001055246989
100003729013336
1177938684
100000082335523
835032365
100000617550889
100002801032374
100005990438096
100001990118100
100002578021899
100003015375292
100001592531697
1599595414
1423480173
1038530354
100001346248680
100002148155512
1253442180
100000391125238
1156229146
100000263465716
1703371815
100005329683660
100002378764514
100000290236935
1521210993
100002193270754
100002820374486
100000534203827
100001634629329
100002123108016
1369617245
100001001027115
1812065477
100002256004751
209502793
100000706616276
100002217984738
100002212084572
100000604531062
100004130855181
100001365658738
100004091175884
100004353270702
100000862494986
100001507313948
1356762790
1369537011
100000191181421
100002458060404
562747371
1135115890
100000313099919
100002379947642
100002189345494
100003802197079
623852557
100002647045173
1060369405
1708432017
100002033361313
100001494451984
100000396352172
100001842952922
100000607300478
659265008
100000795105848
1454141569
100001204726034
100000511220726
100002663825565
100000701028376
100000813666553
100002649106104
100001486956281
1128665814
1156819715
100001706977846
1523020883
556432451
1155915558
100001998539379
1605810038
100000457710085
1589980933
100000832165210
1350475491
100003783129465
100002065234593
100000088566485
100001437528576
100000056996278
706420646
1630660516
100003399392982
1653057170
100003667501833
100000097902181
100002101732340
100001861434520
1717367982
1251374036
100000337602795
100002691587225
100000584091945
100000335030271
100000559989966
1341736650
97000568
100000279834231
100000595189526
100000159112084
100000998107504
100001431455894
100000169230174
1792540345
1070532718
100000826903194
100000574851472
100000444573421
1038933354
737192075
1413601447
100000016033230
100000454248464
511373593
100002683266868
100001263913746
665417225
100002678538035
100004399121652
100004683344338
100000936785615
100002420571829
1385568472
618145204
689029577
1590217612
1805871638
100000781031731
100003845903197
100000292777202
100000129579112
100005160121980
100001341498897
1365008326
100001861970695
100002959568510
642352168
100000497768799
100001011519383
100000605462403
1486602853
100002990648475
1414122538
100000981403171
1596431862
100004348751645
100002892259709
100001737842304
100005678922466
100000559214875
100000505776516
100001366862255
1750205546
1231302675
1788431531
100002270684593
100001052330947
1667090522
1775785400
100002311453687
100000730867646
100001443908165
100002731931072
100001725701663
664894084
100001326932495
557993150
1551707577
100000997545290
100002565156766
753954376
100000918151888
100000641163254
100001875596685
100000604051131
1349527449
100000639608643
100000186928344
100005673786493
100002150382242
100002701789509
730904213
100001080471382
736806184
100006482556018
100000561004955
100001664283566
79602108
100000036280755
100001101404566
100002796777823
1036069823
1238831529
100000273364835
100004755901157
100005077831291
1716008874
100000357246470
100001490109995
1253605747
100000897756775
100002143126086
100004926188336
100000637260770
100003778638467
100000399813112
100003608854799
1200105304
100003605213248
712297960
100001347104163
100000822723897
1292162238
100000753711029
738095642
1774758770
100003769300671
1029378536
100004343350315
100001832322423
100001422266429
100001537236932
100000159833990
100002567259949
100005133782682
694454576
100001394722453
1389256218
100000208837414
100002432398119
100001519297675
100000455972608
545773127
513579214
1281578202
100007045897788
100001220426158
100002297585355
1032323547
100004556191425
1331900562
100004309870095
100000424922309
100000013801248
100003578456358
1349079693
100001918436264
628596460
100003266354769
100000786412764
100000224532365
1038235427
100003347816639
100001923252009
100000242631745
100002573839543
100001480096844
514986580
100000029967296
100002106431045
1258756352
100000948250687
100001565891560
100000600645764
105900535
1512944143
100001370676368
100001086543560
100002183490744
617015363
100000790686330
100001989941934
1260614189
100002846846045
1520341991
1350983443
100003056391066
1252663430
100000557045415
1831775720
800910723
100005840760382
100000950120835
100002341117629
100000304833234
100001721141191
100000446304239
100000553412829
100005358163476
100001746845245
100000423765068
100003605033280
1792992403
828670301
556104523
100000938396258
1189667196
1559030546
100002602492934
1449245720
100000621873825
100000910182727
100002323211210
100000204998549
873445283
1400479392
100003761573594
100002408252259
100002862769853
1350964325
1379587361
1437819655
100002455496443
1256346975
100002241588844
100001755764633
1327266097
503951079
100001872956188
738738793
100000173986638
100004261662941
100002768255663
100002593976521
100004102542311
100003340008739
100001088537733
100003967304603
100003331585329
100000461028501
100000213851924
100003960890241
100002280128493
100000379463719
680845261
202304068
100002182985324
100002349734019
100000738236835
100001111983303
100004047553110
723223869
100000034512453
100002558586758
100003935890855
100004426772098
100002403365401
640821793
1566763234
100001912405220
100001792211517
100004073672750
100003294050297
100001813281717
100005023410008
170127953070028
1442516094
1098918486
100001209692653
518446642
1760809676
640695211
100000765491076
100001394225771
100000307260409
100005706842366
585780212
100000118880758
525204450
100002141927381
722049226
100004478259674
625120563
510102921
1270170503
1220367431
100003600581219
100000320747768
100000979712446
1733664952
100000102912276
100000487909164
137719682975462
1851351456
1495644160
100001978941985
100001182892277
1481220903
100000860653198
100000674704136
1430557426
100003352540345
100000570492054
100000130864080
1536279639
100004662189332
100000857556776
100004924441470
100000510951183
100000485912266
100001590887999
100001539644363
100001207491457
100002861523152
1065932555
518046388
100002412158225
100004510265170
100001622608470
100000777162479
100003147172148
575711252
100000157057213
516173232
100001877023757
1841365956
100004381899902
100001289931027
100003669803123
1574029845
759316527
100001779053594
100003395865846
1234324965
100001195955017
1420927982
100001016394788
1452942873
1239024996
100002585593492
1586260192
100001553255574
100000423554684
100001261091642
100003118459616
1296976817
100002424233034
100004629759656
1502995241
510821276
100001867459124
822570012
100000190322512
100002910062617
100001930975047
100003829760880
100003486443038
747070923
100000615143667
100000877067072
100000546954904
100006873332214
100001511424156
642479680
1807782133
661356636
513941603
100004394495099
100001254394407
100004148802267
100000151076536
100001104322486
100001707406918
1491060876
100001068035354
100002521550268
1226062593
1816533958
100000713775619
100004724529991
100001182744474
1266301940
100002756220328
1593000117
100004374727728
100000858288851
758960104
1214703066
100003198431340
1167520552
100002918806196
100000495425080
1442868785
100000695443858
100002182260582
100001985758424
100001156067969
100000548862625
100004149760465
100004094164616
100003888316982
100005618558104
1497473520
1284085716
1356225677
1547703214
100000501381263
100002307705291
711031402
532112938
100000528732018
100001939243967
100001021645111
100000776746922
721345631
1251764952
100001941255510
100000620090926
100000656311499
100001807103311
100001627217701
563563796
100000694219459
100000461792653
100000775569130
100003276847781
100000203408001
1483810237
100000405924408
1167021935
1164135145
100000132216800
100001429699064
1261194002
602877192
100001301424654
717649415
1094785587
100001911537250
1708879215
1204555107
1133835337
100002112846450
1200510204
100001091204214
1451663945
100000251179460
595309668
1570526876
1370826900
100000673243971
100002361709076
100001599056603
100000574663736
1508428289
100000749992673
769358890
1254944476
100000379201777
1786369154
100003533417164
100004173223381
608869477
555882892
1822495728
100001720113044
1729193810
100002755543407
100002426485984
514659992
100000827706302
100002691762922
100000602574090
1242358200
100000967125751
1126639089
100004027854590
100001659354974
100003959478150
100003727616893
100003511993020
100002339379816
1150477783
100002105343269
100000507136845
100000353361997
100001317332138
100006191761053
1851225666
648370364
100004781438187
100001899920796
100000391345151
100002258070079
100000819619974
100003693954225
100001764535800
100000478485461
1833641222
1803885252
100000977583186
100002400162703
100002018245995
748685468
100001418112977
100000800475798
100003286450575
100003611845673
1389025008
100000722703366
100004909274462
100000428714310
1545948574
100003004528978
100000599876939
100003549773215
100000618334137
16204678
1677528070
1307259065
100005151724005
581930434
100000229731929
100002880705399
100001449010805
100000876320639
100002945091083
1136882604
1251287600
100001907395604
100005336977185
100002357245440
100001421659093
1144059776
100001821804281
100001004352065
100000084792463
1140537849
100001835921572
100000577720268
100000888145700
100000220021553
1079531142
1149323130
100000858935924
1121860687
100002221125216
100003542883727
1502876654
1306021465
100001723150298
100004299342973
1274730450
100002601385204
100000764622823
100000471927415
100000921753367
1240683108
100000720508469
100001946218864
100004455480511
100002209303670
100004607114589
100004086930877
100001914342517
100000677315822
677719017
100000144484812
1079783217
100003678588262
1571613298
100003081118974
1076958610
100003179726431
100001074247031
1593118276
100000798161809
100000900818373
1003477328
100000066523775
797532047
1805357364
100000293403049
100001431556413
629601289
100004106152008
1409555279
615147427
100001004252161
684016171
1408833175
1358505139
100004395191619
1325975918
500088848
100002787425888
100001118986627
100000231832015
100000054352975
1496893777
100000123564991
1169958213
100002883352427
751207210
100001719192375
100001233060995
100000339480246
100002277508148
100000749260841
1617602461
1037830882
100004460791394
1174561977
100002763521170
815267327
1564151792
100000644458275
100001596415487
100001452718854
100000790863218
1202033569
100003370901729
1178500675
100001928289822
100000020950271
100000568877700
100000572045587
638684991
100003831631631
100001794212998
100002018239294
100002563536546
1354113193
100001258607413
100001339328771
100001345683191
533642716
100002994537020
1760234993
1415709157
1696683417
1609000024
1253373350
100000493204758
582356740
100000675407450
1368914568
100004468862824
100000745755633
100000811214392
1654201734
100000101450778
100003640335981
626052977
100001712411489
1575556078
100002942773300
1348293482
1525526406
1336173638
100003144887110
1344519782
100000488498885
100002023753224
695223962
100004317674020
1021066436
100005039553412
100000482018667
1295316981
1141994769
100000950453204
100002050600635
840600205
100001540020974
100001751535235
100000846082324
100004669360579
100001248670229
100004161396196
100003613622239
1415708202
1278542906
1067306972
100000996901805
100001575712859
100002393531636
100001428392651
100000540614672
100002406648524
100001486207339
100004834180679
100000675127076
1642504113
1323906416
100000919343890
1537715479
100000325247230
624630116
100002615359678
100000374063979
1472890505
100004003906395
1511633791
705570910
100000153171486
100002787748210
100002314534910
100002443506786
100002375550408
100001466843314
100002290248854
100003815091312
100001043008154
100000016787630
100000589067684
100000715221464
100004614340076
1032716644
100002294295160
20902280
100000287021225
100001595706106
100000530503472
100001214927792
100000102993556
100004510800693
100000108243142
1006470638
1631807184
654833432
100000351087638
1373551072
100000721033867
100002678336971
100000042436079
100000273900999
100001459653976
100000542881608
100000494344099
100001897392372
618704525
1379057964
100000206868253
557054384
100000362200910
781142808
100004247493810
100001491380219
100000919994527
1353803663
100000190644689
100002915798756
1005724643
100002660314163
100000711733054
100002308630762
100000532094777
1580841024
100002885494222
100001264949159
100002357166605
100001696248130
1153713806
100001270682701
1469816875
328457768840
100001806673340
100003588426070
100003764308098
100000594384303
100001488638123
100000122185441
100000867315948
100001401892315
100005717402047
100000695983072
100000343064112
100000246797716
1420587149
100004892346205
100002289935905
1057114976
1297273113
1298086045
100001845755398
1297497726
100001215822796
100001244779098
100000594502094
100000008899922
100003000571771
100003783974310
100001128495490
100002679755235
568433543
100002565140293
1280774243
1640864511
539747314
100002456732783
1484813370
621673393
1241816636
1798458230
1203948330
100001385460419
100002212608359
100001048841423
1753221350
100000584772418
695045531
573227558
100002812729562
1494672700
100002842403480
100001350262423
100001599532452
100003620014798
100003063328508
1350720017
100001842647836
100005541402487
1392864670
1226580608
1472012416
547744303
100001802756313
829759878
100002116818651
100004656190074
1494107238
100002787497797
100000069277263
100005135520059
100001972781273
100003032917648
100002847654160
655506189
100000779834398
100002277139972
100000075298065
100002818164216
100000970390105
503774407
739200491
1180266325
100002147730311
100003136140230
1149273879
100003086771313
1585030946
100003097247984
1216450290
100005509624696
1381006453
100001118017261
100002564986722
100000015018708
631199755
100001281659066
1216451539
100000514575428
1206211402
100003307146789
100002587501302
626545317
100003925168999
100004308578893
1618710888
100001779341913
100003041142195
100000803384343
100001640940100
100001278084241
100002016620069
1543906420
100001735714339
1467592865
1045522211
100003077896583
100000163056505
1370491465
100000812167820
100001588756776
100001218882328
100003295144514
100003071895539
100000541643951
100000455817092
100003386020965
100001943790062
100002442061427
100000266149309
100001567328688
100000815103574
100003816824381
100000933686488
100001437634926
1238901018
1556640945
100002286548025
100001404747188
100000130238426
100001505594750
100001772919545
1020315654
100002577715040
100000072084516
1205527550
100000598732180
100000371335014
692851306
100000363138290
100000727208523
100001612554718
100000429787293
100002768670200
1497390059
1240112221
100000397664588
100000658895127
1116604466
100002027254232
100000690672542
100000130533719
100001130816129
100000379251056
100000440623225
1600753040
100001529448183
100000712840430
100000882184248
100000464440566
100001504270940
1542584927
1801801452
100002153801121
511233871
100001921685015
100000761322618
100001124290301
100000391016483
1376421152
1769841022
100001902608351
100001925285916
100002531517746
1428823471
100004309684287
100002910394790
100002461115793
1785687652
100000893419171
561779111
100000834879807
100000283428772
100003905735089
100000401029184
1819323364
100000870892545
100001261132056
100002953954406
100001994163873
100001636653916
574110563
100003378990497
1559215646
100000222488965
1303922159
1536861158
100003860738393
1425164430
100000098281290
1370796768
1414073647
100001533219606
100001283826099
100000399397189
1524105254
100002129968509
1401826702
100003171000054
100000926569100
100001236322827
1136260314
100000231192130
100004678896465
1813145697
100004750831147
1190787838
100003743929881
100001159856756
1537781062
100001708196137
1845376846
100001963887728
100000771457403
100000864761643
1683723021
100004070238010
1060381673
100001276041562
1404453546
100002654878061
1137791865
100000051244368
100002162097684
1825866464
100001713941886
100003611053705
100002285024109
100000187111155
100000431955013
100002053204375
720949640
100005949792490
100000175067740
100003137036999
100000309324289
1319508837
68700166
1456236732
100003481402177
100001297323091
1630391722
100002084813293
100004485634414
100004007811246
100002867627697
183702170
100000953850338
1114923173
100001532453723
100000904487418
1363435126
1517916194
100000695719499
100000035193988
1363818090
1480087726
1135285846
100004650282834
100002329369312
100002584296083
100001654207379
100002319302066
1403192323
100000706487553
100002404382229
100000971706183
100000651612288
510412999
100000217385618
100002465143052
100000106260424
1315892227
100003018774992
100002463145089
558121375
100000042198832
100003826025512
100001298632615
574232682
100001648171641
100000719218767
100000734457654
804548657
1848493664
100001095789837
100000432535446
100002025228110
100003318683704
1079245413
100001220961631
100001246096394
100000420277158
1221362915
100001416466529
100005627011260
757531504
1496937804
100000810723854
100000126706258
1248342173
1797814041
100001288458638
100000115196656
100005548868914
100003861662533
754885294
100002215191760
1818295496
100002142305404
100002127886193
100000801390704
100001098078951
100004410372783
100002793078256
1571070194
100000456411844
100001222397017
1832688263
100003899163137
734422801
1459209610
1755630131
1034817448
100000473238988
100001085562743
100004103373303
100001059370166
100003589917712
100004990898535
100000691242991
1003460029
776448465
1152776004
100000910482738
100003745938556
100000900021720
1293332775
100001986215537
100002879556182
100005837106521
100001699170296
100000157659052
100003974696603
1368793790
100000574725335
100001596444938
1742405562
1458673096
100000023599788
100000583944949
100001166685294
1527189081
1515254887
100005107031404
100004004177663
100000370213674
1577320301
1117651519
100001577771759
100001297915785
100004273177203
1477970648
100001171359430
100000138071569
100000007526650
1563736823
100001678348103
100003059902511
100002140420417
100000468817682
100001695820030
100000817123873
100000515036932
1405099846
100000950824708
100001837566809
1617395339
