100000715784851
661928560
100004518643477
148604615194044
535561243
632723730
100000600306392
1131474280
100001252364803
1161766054
57004240
1299824748
5601006
100000494746765
100000356674616
27413699
717913209
587680305
1265888801
100004120537032
1375527492
1424541738
1739132388
520690637
644822478
1202527125
818998839
100003546926753
814598118
1168506569
245795308827006
100003114120066
1537412194
1402686971
100003062544550
782191097
1222082593
100002878931078
1194026843
1016464928
741475314
1612576820
1562666067
838385388
1119784732
1204038234
100000172696931
100000732452156
618786214
691046057
100007237505418
100002188730666
1439592518
706195131
100004504602550
100000698677178
1277829463
1325386089
880370701
100000597517433
1334868647
1623344398
1127742468
100003397098353
505404518
100002848210636
583126151703537
83800160
1496992729
1248010879
1025886818
1044784603
100002877750891
730580117
100002049804292
100000075573277
1814146186
1137653863
4715546
1039851085
145900084
100005039706548
601850082
100001714494256
1174445592
636904684
1282806651
100004911583353
1328535649
529426526
1305799745
100002483103485
1406816475
100000644534870
1430441355
49400019
34404156
511970044
1395802597
1230143635
1079033578
1074817970
1623311637
1108184261
1134228738
1412586878
1617995393
1036103305
1648098874
599221940
100000504799225
1109734297
775935602
100004753562247
100000731588662
1357137154
1173596182
1356325603
100006511211062
100000159223505
1140832437
100003481082874
100002155571259
1287180030
1323086231
1249371461
1067764672
903570297
192800386
1787294021
736115745
1620227477
1324316610
1592792308
23208004
1300985270
100000549023730
1326238391
100000158310528
183402005
524922024
1046916297
678422176
57504512
100003620827505
100000812445416
1346927120
100000236485549
1421141284
1535089432
678589353
100002138154903
680628409
1515488187
100002424447789
100000141494730
1157437306
1323963652
647650046
1110955517
100006153337472
670086983
100001210587725
100000500456797
100000107065278
1157886958
1288637547
1141628698
100000811596723
590456638
100005104987443
703596785
100000502635559
1012576586
610427903
1839796381
1314800602
1267903950
14226466
1208705568
100004693266459
100000125888385
1637037084
677638343
100003479663487
1357472993
656608127
566845553
1158890483
728060554
1273377958
500045188
1464034803
100002787808159
1216352628
833915544
100000285999152
502817450
1765832471
503250374
1117380370
744333432
1602909734
1763911623
1205068427
1337367421
1703258688
100000255099382
1196312607
1340031356
1524015131
1259441604
100003098847902
1469525421
1464253669
100002170228223
100000174053955
100001944427621
1245796179
100000378471371
1418019208
629239575
1643299764
100000168070287
100000080598096
100002016767634
1497617776
509630389
1299495834
1019315788
1823208735
100000502561852
1171130154
1552416238
1665660365
1345643010
1717298566
27402064
100000568593647
723325586
100000307684662
1808580512
671694836
1185598829
500608549
1404429973
1371875536
1452949351
1038299982
1255142475
100005741348808
1020710739
100006165523817
1304135444
100001122004874
100006969159607
1489856970
100001037895629
1385458206
100000568082350
1279459089
640130172
575346529
100001947345030
1839240429
1446610497
1413463597
1063865890
100002957209625
100000575300272
100000482440536
100000099698059
100000033642973
587726950
1144561133
1175878209
100000799094353
1651404886
1317877931
100003260264493
506945194
514163135
100000031496184
523800847
100001638078544
768845057
100000278510717
1668489832
728585198
1676143632
1686392920
100002608593127
100001386595125
524171556
219703266
100000143765417
100000428971489
702304645
100002082112645
1329200173
1684644441
100000253617234
845564189
100000149061441
100000289484921
589916341
533745366
100000657433690
1028359841
100004327745873
1073328755
100000130481371
1470963465
7025948
838298819
100000424056919
1554816406
1223966278
1403679215
1593386791
100001597040901
1305581934
1140382537
1635660458
1005780043
15929432
1132963933
1470711121
100002299808463
1213690814
100007218283195
1431245398
1321272158
100000945995377
100000230041158
100000789152106
1252041115
100003947534278
1807215669
658452134
748421619
100000001899558
1569806412
1205495608
100000248583218
100000038112089
543282554
100006485007800
100000177368637
100000264062329
100000563469748
100006851380791
100000263244964
1533889633
1411877165
36617232
640203570
1317854067
1323355838
1489164612
178001275
100002575326521
20706672
1487932082
100003882944947
1328193001
718833007
100000176805763
598512464
1428840658
1514073369
1061331940
100003874437812
100002597608724
1216064047
100007124641661
100000964298351
571710226
7033993
695593826
836589245
778850007
100000619689917
100000280367977
1491829705
100001059045175
1092194591
1071397788
648699167
1193116991
1272249742
703315087
78204343
1441271010
1353383685
100001198998388
100000647852604
1232806297
1191227627
100004067504915
100001599172649
681248174
755734243
1636119196
1016692184
1247331262
1173472415
1282959474
26518401
602245774
1042398210
1551085550
1288560020
1517314901
100001227398005
725726927
1375286840
633844277
1574675135
100000722562124
1356146691
1344965281
100000182243784
537315080
1441680435
506558547
1509696298
100000168459813
100000574727120
1011240103
1408821997
100000129127233
100002179694008
100000006913202
1666755686
41803982
1650974808
1788241812
622733928
100006708095760
1644849016
1184395261
27401095
565210671
100000116197729
100000595457854
36102074
100000258712333
1385529730
1686727225
1175876102
1833304731
100000722066375
1087065008
606484919
1655899010
100004387811603
1161186988
1109601686
765678584
701097931
100000076355922
504379355
505473696
100006852630494
507289702
1486736702
1534631754
1053441792
100002164777294
1223367135
1112296127
622113099
1490211241
1441842536
1160895256
1536759508
100000195916102
100006931753124
1352835384
103200326
1297658915
100000532479941
23210036
39807993
100007191637967
514742904
617998923
738360191
528442896
100000103304620
1466813669
100000385842761
1420477763
1416998061
1430497155
100000760066476
502845634
1319031679
100000381357121
501039387
100000071591743
597896847
100000823374017
100000120355813
1088912029
1162053252
100006380649369
710167740
565724735
1087554175
1003283580
682043298
525143939
62006914
100006332711256
100000913020517
1238241511
1480876110
100000316174821
1209633240
1072579011
697115695
1182919718
602968110
1626383837
100000926895515
1723309054
1380595132
1074594661
100000755895497
735831956
1267364061
100002462971927
1733052271
100000713397936
1021369768
100000228021357
100001934055594
100000525291310
589823123
1524826014
1099657408
100001091543905
614332512
672215022
638586913
711918298
1025766058
1050249195
100000323665866
100000329383238
100000227180381
715027150
1259807020
1046710952
709290402
754979764
551800957
100005686830163
1666157164
100002729338723
552570046
1051039771
1614813698
1356577486
1360809402
1275473600
1061851735
100007130676789
100000234690499
1056712763
100004988442995
1685142375
1142552856
100000011115812
1225638961
1379934288
100002389849202
560986067
1341326700
100001522659107
1274484293
100006841290071
100000399941593
100006567631421
671296999
1215049233
1280865455
1286565268
100000317377921
1538308041
100000085130519
1141877617
303600004
1334589847
100000181354565
100001219342276
1235342996
1343856902
100000844236086
100000017247804
1485040197
100001800850179
547816670
750162128
639652603
1706432929
632820572
100006757564345
1463948095
585907637
1511700016
1212247481
673682189
100003256074682
657449602
829540462
1025940520
100000099394026
100006216872032
7025595
100000518632217
670798155
1552187480
569232186
815010542
100002388904176
592138261
1506694516
617056210
543823898
521072756
1037303045
1180695883
1523310103
100001082643567
772318113
1427050234
80000061
1009264585
1345252199
644857212
100004264994312
100006796689628
100001892845300
100000739427991
1605096835
582635875
198600512
100002539733494
1517826304
1166293163
1619181380
703522800
100002785454729
100004534355580
1372364659
100000009861412
633070985
1172615952
100000178144063
7012138
657638994
100000627126105
729570033
1416775670
100001903353614
100000891271600
1345885141
100000132530762
100001891622029
100000470462657
100000839013013
100000917161653
100003326313775
782252861
100002072579115
1264332359
515136169
1754782012
100003750262508
1586188527
1253332636
1615724749
768023891
1458360209
100000077760859
100000280565622
100001224537783
525101270
1122261346
623681044
1486527044
674237748
100000615945629
736462885
78200345
1151157968
213003226
1423598242
1565505470
1354573345
1524732879
1071582542
7722800
1523643685
100003800478815
100000426174794
100006807608084
1078901464
1113637494
1030032376
100000518781495
100001684263050
1679378971
523342843
1507713331
100000536118888
1590842646
1555873466
100000138506959
1413337390
730592065
1562240326
662618600
1564305680
50100684
1084603636
6502109
100003780744212
30310525
1636490758
100006593258480
1427080588
1039641232
1460527027
68115292
1166970103
534710367
1471740929
587516774
1486700353
599662089
1248618573
100005789732179
100001388668760
100000658809851
100006181630932
33302180
100003198975602
1800700621
1610868565
1153516079
1410713670
301500603
507509960
100004716240033
1411445797
100001955966774
100001143376309
548835316
100004388022510
1677267949
510945034
667433724
1534722381
700440432
1770248492
1812301
100000719877126
100003713135966
1835108102
100000377238761
27412558
844450687
728814309
100001350601460
1080633759
1428396310
100004119574883
543703906
100000525375194
500869223
541581586
1216652558
1134103644
1042896682
1455612199
1285304624
100000093868127
100003212431169
1302829868
1546043205
100001546297767
100001462551329
1752422877
1440848050
544114114
1036674943
1362895466
100002321104316
1468249798
100000280484429
514927159
1691936961
354808601218090
1845431298
100000920487964
1495993125
1137940166
84400934
21419109
100004261412911
732422405
27302286
516453468
1334525113
1338450077
1113775502
195401089
100007539283326
1345652027
1380393380
100001368425636
1073721101
607419020
100000242263812
1666631801
1532523659
1386391437
100006493950512
100000671328663
609125011
1543073255
503863890
1023871541
100002909989181
100000868268836
615402280
100001406861713
1319108225
1113932518
537643331
1342233105
100000876865425
1382779846
732249891
1706822373
1524818036
513564128
503440072
633608194
749702228
100002022554393
1825129228
674772830
100003524804340
521150978
1635770102
1046383552
100001427560472
100000712519443
100001489255896
100000488822597
734291137
100000623052160
100000643897442
541559624
100005916373299
100000567853614
536733400
1209240082
1757746128
560555137
100000029421092
1661940315
1483976371
587483411
619115700
100001341065017
507118623
1644915176
100006835600000
1350091509
1440100561
1693891901
100000393334431
100000964983142
100005399797025
100001528516217
558546643
1650171155
1479042933
1658132674
1285052136
1495184182
505279718
100000151905006
100000592056188
100000633543648
100001581829469
841635781
1429038225
1202023461
632219877
100000366978538
1427862195
1518855146
1474112040
599583625
620715682
513773432
100006222398219
666528767
757928970
100003439588974
100000149689885
1456579344
1438286826
1101022688
100000213301572
1593702117
33600795
100000160183473
1106866288
100000266044803
1669493620
1488018148
1415440980
1289948305
1182594371
331400237
100000572337471
100003538664478
672086643
1243984371
100006596683222
100003549111365
688142641
100000431512419
100003883179809
100003292213162
100005839505425
100003569837510
100001915382292
1147597611
100001586514697
1003800134
1111901180
1181237440
100004788336868
100000044416162
620304072
521506066
156804516
1638315057
1173542022
1254080585
100000563417396
1246218845
1354001875
1157362737
1426320025
100002910650326
100000190230309
558920521
1762129534
100000199706223
100003519870915
100000292269721
1320268063
1313016422
1468950821
1367552576
696871562
100003990533026
712890304
522561780
1068116827
1774505283
1461885620
1354528030
100000521378270
501216689
100000558532103
1181066411
709215164
1597298164
100000743728022
100001140332773
1263390021
100000002893667
1602913089
1362519965
1446972388
1175855476
1389041983
1206732226
100000987425946
100004839155259
513857534
100000554251388
1582382806
1535417669
100000743739655
1002856484
1593325060
621776927
576635098
100007026933986
100000038741888
100007646041052
1829374639
1554331351
1499011661
1532416982
1338484886
1092885037
100000335518055
1291354555
1609003813
1559973226
577973510
1464533385
1335670200
1696611141
610217922
1668634804
1712273600
1085539690
760318528
100006699126855
100003039673576
1280147189
100000283554007
581501101
1635261587
100001036255293
100004102064388
1120301908
1379264841
184903173
100003655963250
644669098
50100270
796049125
1229543530
1817065615
1783577194
100000146500391
1730694552
1587517370
100005178186550
1011892546
616180874
100001186210059
1556292839
570140980
100000041082785
100000347674519
7004592
100002330317405
100003542984697
1424739517
1266360862
100000369863490
513420684
1262431505
1105024477
1475243083
1066430433
100001302527650
1152022495
715242036
171500278
502004845
1013467693
1625755525
100001637344007
612630595
1833781241
100000405333784
100004609988006
1746558896
100002422706938
679168507
100004417030595
1141402967
100001259853306
1258147395
48206659
1467517178
613105425
1419821384
77303065
1274646031
100001257544461
100006278173668
1348034710
615676622
1605723482
100001445788468
1546815182
580819534
1464222730
704899552
501125860
1686604344
1646691787
753159315
1271405335
823105144
1631982219
100000056809003
1461933631
100003241258740
1276850737
1565621458
545308027
100002812831190
100002535721235
100003621850788
166448960060576
1196702893
1185935605
100001666667229
100002919672332
527833756
1570800162
786244410
100001413730333
100000126519584
100000353181070
100003472513682
1545562761
855964181
1394048586
1154441383
1138009274
1159357963
100000285399476
847200524
1441946733
1344907576
1139710887
1478816692
1439810962
100000536892799
1572155764
100002017619765
663984047
840012566
100000071186104
1429450739
667726752
751922419
100000882279500
673970897
100002687991965
100003288568843
100000884746189
617720838
1520689754
1075449484
27406417
713772828
1414238319
100000425109125
100002253794633
1494091095
17008234
506657033
1582076895
1119834179
1129220294
29802522
100000024010425
1025035096
1036885008
650837736
100002274900349
100003160287846
100003014138617
100000989762564
505202159
1135065208
503338228
100005871392827
1510260118
100000882602312
1134531034
1031848597
765246094
1460894939
100000455790538
1182627838
503661103
671066284
1579867481
569933636
712587453
1376512155
1293240831
100000443160338
100005167874267
1236581513
100000253363206
1161103666
1207574075
100000036778162
1016406434
1403143025
592940868
1270044669
1022996819
817869636
1046682321
1300696704
100002425338431
693849322
100000771667806
100000774381244
715429847
100000116427270
782705424
100000535012687
1590417422
1180563696
100001392044183
1305781704
10600851
1421446880
100002224179285
1694975218
1436986622
20505126
580985923
631851633
1500492318
725189792
1259898860
100003585108696
1354159592
589646649
1726759685
1147352635
1402393507
1481775591
616434777
1285639229
669867413
537836175
100004728272743
1220908388
621235149
1485199558
100000140865630
100001746669268
613693610
587877798
1467207221
1183234081
1620009775
1635072699
225941240827479
1269434766
100006513910648
1435722091
1660712725
100002661394214
1416698193
100000492550864
100007137847720
100000587367788
123000974
151202055
1414838218
1624051088
1596300932
533360914
1495977126
1246155666
591605798
100001586979941
1293351032
37509949
1100605767
1277108196
100000120462966
777328091
1579673753
1762933084
1564183035
100003586698074
100002349469158
1585176592
1668948932
100006768901442
1542175440
1434800035
100002899276462
1845096567
1559486026
100006084669606
22613424
100001390127816
1814673209
100000255358731
1369374445
761210646
856640242
1257820683
620368087
1403387801
100000007250158
48000030
571885092
100001186080106
1000224755
513338822
501040749
620187426
100000009963591
78200148
1600947697
754156703
620642460
1413901260
1138422369
1600488482
100002469760577
1196012718
1258650941
93700075
100005056114805
100001361948650
100001219358895
100003599045452
623337181
100003521076549
100003699475593
1241943320
1126819791
794018621
545593195
1623172652
762923447
550261047
1726168322
1014166244
100000136189072
1479074833
100000379262873
600838593
1456344091
1679660680
570294439
100000140796257
1452365109
100007198861221
1347173082
1407441841
1695400420
1480754620
690437342
509353034
163801513
505118272
100000137117972
1613135248
591978453
100000864105634
1205749720
1312014696
1098451175
1508658219
711700557
503763686
1051550841
1121266146
626740211
1208599070
1074370338
1609131644
780105199
1330202424
100001262030874
100006433633145
100004170072713
1338432849
100004469134856
100001098471379
100002161531640
100001174740104
100006042031919
1117122577
584991457
100000187277551
1598616875
1418127403
1468445643
1435477340
1675771979
1504143159
100002817417106
700187156
1358411222
100000007958951
100006200825914
100000057056245
626850936
1316043422
1231355483
529845948
1673541675
68126074
558915612
100000348722966
100001292858571
598863269
100000486581023
1524439961
1352973888
49008910
781353751
1101294389
1424227542
100001870007864
617035848
500716459
775624673
100002233306401
502347715
163500497
1362163303
100006162251668
1559363478
1429737586
1025909892
1030426431
1092664290
1540365454
1010740349
1315631136
822737854
1335761221
636368162
100000387456266
1040809658
701620533
572139085
1220813424
1655722523
1670790887
833265199
100003114158649
100006899610239
1107947358
755644643
1044783812
1006800075
1645993773
100000452226927
563488553
795959506
1666391718
1249113225
100002079321608
1334420792
1395111139
100004571227715
501487161
100005806863532
1363670976
511832877
1146858171
100004925944067
1321538060
100000878902754
100000334314527
1430700116
1241541574
1040009951
100000893613462
100006782232267
533954090
1633156399
1402621572
100004688859171
842832640
100001788116043
584757753
1803319214
1309104966
100000153700286
100004931861867
1651790665
1011513340
1741045303
1553906736
1848446580
1039659231
1032436735
100002104438526
511241775
1343708558
150801907
701943760
100000158630166
1253901154
1466808686
1029618700
2509967
613350890
100000403592744
392527964161920
647717202
1014580419
1348476003
100001898103603
683715665
742230334
100001903699595
1446231523
100001013595153
1008904277
1372353191
644559385
532750503
100001475632312
1477561954
1538422748
523686984
1003663453
1114070282
100000102158450
1314120677
100001294834495
1567472334
506311373
1838385130
100000596136231
1489410056
100003499858325
23330112
756820354
100004494789503
684830055
1531295047
1255913413
1484889116
1354661182
187703168
100000903584761
761278578
100000445490169
1641083139
100000082676591
62401067
100000161716580
1517284961
100003372409182
1671489804
1734201515
1780958043
78201130
1400808058
736477776
100005326591131
1117825230
627712335
1086409131
1258536311
557532323
579881756
1122201317
100000213585511
1588303776
1684957742
687007348
604316385
1764558025
714850183
100000843560659
1077082105
1146470137
791114290
1001237514
100000872872342
100004460462559
1379764780
719003388
100002093394078
762958431
1078961953
100000266602224
767168134
500479599
506817064
1391636491
100003002311290
100000517052756
1324407481
1417858559
1384680480
100000257386643
151201773
100000033177570
100000441522529
100000585948045
1357731444
518691070
100001022790885
1385575987
601338824
100004978056356
703662600
100000641742585
1043136832
100000654063446
100000417100921
1129416956
1206520670
100000599832342
149801926
1276615870
100002927322035
607667044
625111257
546148075
743425195
100000751308414
100000172761269
1509962176
1056045874
1552324579
1470147399
538310197
697376231
63204436
593625764
678763084
100001574332627
1153763284
31108539
1098914663
100003491065863
568602988
1168005827
100006690540479
1404367275
1511823756
528514808
1185311744
100000424255677
1042985382
1200218069
1536563092
1434999731
1424902334
751319571
1807545457
1397294309
1066893224
607652433
100000060168475
1122755294
1076034512
100000117482823
1313711858
656871917
661427762
1163517775
100001087637967
660168300
100005582683127
1789552913
1215638489
1794097692
1145427648
1676071270
120504206
1237488383
533314802
1443678640
1525744990
100005672530452
1064296830
100000702879612
1051897647
760372829
1671145483
513512882
1030212761
587934902
1414256159
141302467
1556583425
1250974922
1819191714
1533997332
100001384802331
100000132110878
667285715
648451305
666762619
1648045747
1066003763
1260847055
100005048531599
100001186225346
100002909500966
100002872906481
1016024598
1062582801
1439584234
687798388
1236540991
1398036597
1041349493
151200867
1548533197
1227837045
100000279668393
540062795
100004684680097
100006882462683
1443002251
1009458386
641430730
1136636510
550663266
100000015030888
1222583037
696763371
100001028288889
1201451235
1530555292
675171273
669602797
100001069144666
1552878692
1148072103
1728546328
1631191634
60900406
801844710
1805989686
1590847311
1195890511
1111711649
504821006
1647104797
755853792
660689143
891275373
1595725426
761448046
788934428
511042073
508740411
1021773513
1329942711
1601662059
1380238120
192800783
1665544834
1531912216
100000015562685
100000068928303
100000718927386
1311590609
1289302340
712075706
100005451609288
100000542441105
100002456875221
100000001286172
100001231324736
100000529466638
1388117597
654396865
1405870130
718406946
1219323151
100007029672488
1126552772
1815729675
1601660921
1640854897
1363191618
100001291999060
100000097948723
1629403504
1662799618
714847872
652476447
194800165
560887440
1199746957
100000003604016
721022778
1569025748
1707507791
1049098009
543999344
1068685264
658051155
100002001837272
100000212331168
1002780288
561775156
547275329
100003799226456
713325405
1390290226
100004327471980
514772126
1535209965
100000146979300
1582015855
100000811423079
1339820074
100000178684382
840150276
100002936104424
1431575891
573768569
100001460400994
1674524582
100002486828165
29703466
745754534
1616092229
100001263824543
100001883584581
1770871157
1532102526
100003342693840
1640247135
41114943
100000570881846
1243826329
1370971424
100007541164543
1468950871
602241872
1016528001
1677122757
1503360485
1202320149
1007272391
290100644
1077804574
1584545066
100005672772737
1367886654
1559012868
100000112719716
503471239
523816642
1227114796
100003729150208
100003468249373
51101936
1448751709
1409066338
100006463791021
1841425218
100000258482860
579622302
1072071848
1221633871
1493510226
1366135234
100000343201425
650735399
100000341643258
100000184844591
100002617787924
1161393771
1242077364
100003571687478
604086457
664704591
1668052201
1570800108
500676193
100006522730179
1227178726
100000153483770
639447945
1722955723
1464050274
751861895
539312595
1539293992
100000776364271
1159815703
1171773895
1704983768
542427355
556229731
1293441257
1151355194
1491432855
16705655
1000238341
100000361993497
1530056588
1561576259
737423968
1212177941
100000081912447
1374407331
1087230149
511439436
501485183
100000766535202
100000788883038
1178295629
100000593637003
100005853816817
100000181997172
100005757876709
1541035338
100006816641439
1204434661
548110750
1274208825
1456894005
100002527823352
762266039
1049676033
100001293265004
1480539653
157701715
100000008147496
1255993354
6502809
100002416612428
1140369450
100003124666033
100003799032345
1383523249
100000240232800
100002431997628
1334960158
1787605045
704180842
1611932088
1151000588
100000002605180
1108647796
1792276283
100001203442842
100000588097935
1566463479
1411453256
1325239125
100002556535339
100000288577348
1375915053
100004798924678
100004831688845
1398892074
1406303601
746732374
672514223
100000925074522
100000219576862
100004187113217
100003798725537
100000429317254
1443375565
1226275245
69404408
848909642
100000063213456
1368287983
1425577773
1207758911
1226813378
1623020231
100000234076252
1224147
572318510
1429655048
92400107
100000430673844
1268298987
1766365443
602583361
1462532334
1839755768
861030407
1471325334
100000063628137
675993337
51803830
100000137227699
1654934362
606192255
100003384917664
1563494145
1150041876
110901311
1024521314
1279448599
1219835445
1554504021
1446860601
100006743378978
1451914118
1102431107
1039032863
100001363623064
591949655
1220980860
1461985502
100004349163518
1459382872
100001921028549
1496554631
1429032154
1194590362
588392778
100003589871706
100002666697433
563140133
100000142951413
1536265001
1673808168
1475430039
1015163406
100000141897105
681471315
100000437350619
727035416
779292974
100001238468368
505931980
600311045
565157433
651858476
1160434935
511633289
1081341201
1514942509
100002934183045
1476199858
100005927674040
1551102570
1658297846
30307765
1222780624
735174621
1296922148
648352826
100003155509132
541577791
1022493668
519648111
108426075871875
1319697111
1560105505
56301262
100004398606190
100000329844708
1584745574
100003844524904
698125967
508697049
706513197
1771732258
1020303560
100001687860223
1798711930
1051255733
503015833
4944174
1168959841
602816005
57509291
100004854432338
1550725221
1304127617
540401979
20601815
526293158
712833032
100000768173777
100000223433187
1541211910
1410938257
100000113978743
1212755435
100000539076254
1027024766
1335468824
1617845502
1260988413
57509506
1407714600
1818254639
1595449539
1549065225
1793677558
710058876
1173220046
1597449699
1112478482
210602749
1490271494
100000110218344
100000121243226
1522754223
1283110305
1751342353
785296251
675966175
100001038966104
100001377098661
1081132058
613210676
1305267486
100003634399745
593430426
1208523951
1631361414
1491493264
100006609914034
1565787255
814849791
597730379
1822433453
1094872619
100000296571781
1092107551
1593681162
798325981
1632886746
539672204
100007452212302
100000222147675
100002199707359
100007154170952
1009710051
1238961343
100000335311680
1597274115
1160367422
71306735
100004934946015
1615720721
100000025238800
501578938
100000427054174
1381760032
23914630
613032240
100000599004978
1544448576
100000589966338
1166221442
727694374
1179534685
1265966064
100003310655536
100002864539724
540972474
1268447747
100003279907910
623642622
666885929
100000184350887
100000459349125
100001344361061
1517093021
1631858450
100000186007511
1278501786
692279794
593891219
502990755
1292367016
100006918552633
183400765
1276665684
1224725366
1692641794
1568735212
100000394256706
1590009032
1540488358
100003199209790
1534626517
100000269254401
501829028
1837386542
100000059395860
664141228
100001101991299
714008032
100000184607301
610422582
632569330
570440156
100000934879035
100001621059536
1429571017
1383854272
1288850743
1087832695
1606205466
1043372723
1003880376
100001143134804
100006545204139
100001509221565
100005283660824
1410811635
513442168
1357456456
20501540
1179826174
1364301137
623907451
725231485
43403137
100003135912107
1408578861
736782625
100001489295011
704940624
1582310048
1667876949
100000513502626
1545472626
156800489
643079492
627840267
100002229238822
1700062386
665957189
100000073178445
823881257
1242855540
100000411948111
1267400781
1081270958
766943318
100000353301337
1611033975
100003712479476
1350710374
100004021360514
748080787
1511364598
664227618
546208529
1442675734
100002006068612
100000528608818
1267065052
100001990245085
1075180556
741827885
1642302860
1383319279
633268317
694834465
691748498
1849347314
100003702041573
1549851411
553243547
100002522797448
1405370325
1436865734
100002756625510
2064440
100000271807512
1224643682
1427144714
1601772317
17012908
100001878931078
100001043970431
1437130735
586554781
100000661483961
1004731209
719440567
1363197316
1038473954
570805580
1268541566
100001121176628
1204378638
825724507
100000064334950
1165856377
1548003214
100000390548358
628457227
716219735
100004113458119
637916966
830979786
146100025
1519367335
625060572
595226418
1208247459
1194207893
1261834891
100000439343963
27400538
100007333263336
1424590606
1012063563
513795883
1804901057
100000725006297
1042184616
78202105
1598618412
1349387148
1270272307
1089467141
1400198380
1217138352
1760900703
1405300863
1406516582
100000113426971
100000240953724
100006492827437
1502618089
1483522412
1351032335
655150901
100001337958674
17301707
100001307059677
568227914
1132116188
1312764779
1047062541
92401063
764098359
621611321
100000548324658
100003341705027
591116631
1824355875
1062777413
100000423440682
1388147802
571611827
1408117113
1077053469
1481102180
100000155544110
100006895111614
1344967864
1514015998
100001889756820
100000271141150
1068039951
1074061087
1684123246
58901848
651588809
1288989971
506208393
100000618102468
780463624
1232074741
100001537441038
100005220992995
100000027639651
617758062
632297631
1674193204
1399955998
100000403143528
1333971724
593156873
100006120488316
1632455146
100000982300237
16801889
606679427
100000308921255
100002910739148
674941714
100001659152388
591721027
100000448562491
1419038755
1310854993
6520903
100000655953672
1527795919
1264689954
100005854659522
868765531
100000328428095
1639596289
100002638365312
1583934714
1771392800
100000349299603
1201391371
100004289976847
1576299731
1062413061
1612656392
1306669502
1205138394
1487744233
100000483849918
1494120008
1467771562
100000027263306
724685010
1542173611
1598560176
100003694100744
1369888024
1002570958
100001821756053
1221183537
1148502898
100000840123443
613420254
1421436782
1464706069
681776161
1583011000
100007083971901
551926428
5310701
1530444517
774918532
1380461435
100003463024065
1175635256
1457705453
1525596879
1138637078
1333746147
1321074283
1104583987
861605011
1630968074
1139858819
68140164
513614510
530658424
100006545760019
100005214849170
100003378622452
675776747
559067605
1492003899
100005089147035
1065488005
100001386368715
504571104
1134352404
666325577
100003795588450
779563751
100002940140956
1007701215
100000266956339
576951679
1513976114
100005938893084
619793936
100003674754802
752832724
1526718994
572012991
1263716468
1700466836
593535589
630863417
100003825159758
100001450585789
507553693
100001849137561
100002521824706
1132563533
1513994021
639918379
100006794859720
100000034359625
100000000571973
1237443656
1352190484
100001020630798
1030976847
1451773588
615369494
698385218
1594351579
1169770735
1238916016
505175198
100000691872852
100000675394993
544561325
100000429463218
100000152441239
1273092208
598010365
1417312037
660688753
1440493066
1011949879
1054503631
100000551215935
685410663
1006448966
1174297753
1100597016
1440956778
100006603071328
1124141977
612240815
1644935314
1645654616
1103035710
865455643
704449353
1311880261
807185161
100000845726717
100001615352740
543022037
1250384240
1512224913
1006493301
100003402135500
100003059683253
100002224488046
100000940965471
754973564
99100090
100001420743703
505384761
1180474652
604834185
100003208600806
1470805509
1256758149
100000848773563
668358331
1456953433
500646226
100001222454489
100006140373973
1455973666
686726078
100000502180944
1253922712
1792660307
100000429061354
567118188
593163313
199901154
1654279692
1145174273
100000163071041
100000035492221
1788091287
100001333244573
1367472321
1328927898
100002495415917
505022422
1343370581
1564582876
100003464054221
100000635905681
1342740575
100000045281533
100001351328841
1307482787
1256576754
6502183
790379802
692947066
100000167695028
1359096698
593093951
1510172459
100003152201543
100000349888841
1346987048
100000397017644
1259975815
78202118
100000847424651
895300435
1011794766
1373801954
606627744
100002372752223
1540170101
1433537068
140301758
15604491
9401727
1546496629
585216749
100001284965608
100000099411518
100000337077142
100002361083871
1491012051
48701868
504279115
1555091030
1332461162
1338606290
1578717078
1682041543
1150304978
100001117869194
552677977
1474273592
76802430
779349802
1460984347
1041863906
100001427029612
1044839404
1353372833
1554614215
803895095
100000881887368
100000255285471
1140222347
100000026780788
501487917
100006843753791
1565683567
100000102786729
1426003333
1611915344
730942168
1292096342
100000610092887
612166375
100000172984657
100000785743442
1507904695
1363441446
1683880527
1091028249
703140037
1560256633
1039175967
1541529626
1396935815
1108070620
513087768
1829090078
1676173156
1148233697
1043194795
100003831174724
732880416
1439002514
1011465705
1266264914
809695082
1400955898
1022012644
1560052597
100002788787936
514576761
1387777783
560382312
1226003797
1633703822
100007515873831
1385019080
102601324
1799447749
1478337011
1386406758
100000449660541
593304759
1436738828
100000447324508
100000189270202
100003001691718
100002882798490
100001621254630
100003017210455
100002740343901
100001303322585
100000757828312
100000001967581
100000198708122
100001858543665
1156743135
1388749680
508181898
100000264434725
100003767076660
100004244311125
710474277
100000127032660
100000740176333
100000371329006
100004022218139
100000213758309
100000447357227
1298245533
17302185
567067775
23300899
1013068227
1239360224
100001014801600
100007236793080
100000122747968
100000723746389
1171465480
1453410143
1364064359
1070233675
1698745024
100006551231341
100002830043871
100002527940262
100001986081637
764972877
1602853861
100007477692996
695166883
657554007
1388407813
1300640296
162700588
100000300550960
1532978737
100000124637496
519544107
100001645695437
1010070966
1411271937
1681315796
681073855
1114568355
1570038362
1193098133
1609287518
1533784196
100001141006865
1313118397
1101064622
1097821007
1601769539
1411835730
100000089691261
1427721012
100000875614942
1450285638
1822495247
1059266380
100000972905185
758336263
584817692
520822985
100001145577809
100000168407715
100000174754299
73801882
1180479376
1321396584
100000074782522
1752109847
193306215
530637647
666812729
1202584246
769857728
100002064066021
1540847229
1533255956
1533220703
1101289285
513912192
1442761974
1148803411
747183113
568671120
1196051262
100002393594685
1081726760
1759133308
577864371
1151225934
100000352805974
1126227554
1575573878
1694737252
100001596338974
1373288793
100000606316271
597482965
873065004
100001201884306
100000058580437
100001141444924
1669526236
100000066406896
168302304
1429211935
513222464
771945586
100001209882733
1188494728
100000134181796
100002478007022
652057956
100000896341491
1354519080
718727805
1324714836
1252534603
100003642335914
100003783693776
100000207997168
1100351704
1231293835
1523412854
1501244390
1161192078
100001189348289
100000009630661
100000977173169
1089935023
100000207357638
1357812272
711296929
1374292684
100000155005196
1249213160
1164158285
7012042
100000188495571
1028212302
511096672
100002906679937
1502352450
100003959152343
672196055
1020585305
1404893609
1163061498
1428799314
1539602359
100000727741772
100002456154837
1390999400
100004647244296
100001497131202
1365372518
809400509
784165248
663516711
100000567842702
1774858566
706815341
1108671339
5114461
1319394610
1350812650
100004134099869
1696806346
1394062608
100004060813822
100005378345342
100004402955991
25104114
100001070813160
100001019525140
1295889058
195901206
1845411643
100002023489338
100004181792874
100002186337297
744980535
122926074551278
733605600
776245299
1650181388
100006548804255
1460394014
1306590901
100004931984467
100000044912364
1500375088
100003216709253
1400013493
100000886614136
561950944
1026910172
1071408483
100006746465237
1160886988
1431803836
1055472153
743193460
1661674704
1246021951
1572942495
1592646504
100000493768034
194801706
599712036
100001780978306
1056500915
687590556
100000486622048
75308325
743895017
100002542092152
1545110082
1308074947
100000510371414
1558421011
820165222
649653039
1332164727
647053012
510589024
1098285635
1194321526
1603412839
592297615
1663200179
1470846589
1336106388
100002475206263
1175905033
65005186
1563014431
1357299821
1301090260
1297495613
100002747105879
589701904
1569786424
1004935191
657565010
1603639285
1286046364
1444899303
100003478628215
1614135853
1311070197
1192998040
100006822277798
707134101
1223011523
100000751730254
1353131825
524083466
1758145815
100001331392057
705489131
100000714462569
100003675538206
1027034071
100003240066676
100000693813742
1287468996
100000968651162
1691707533
1577646648
647832552
1298910052
100002720384790
100000274767158
779777973
1275105953
1427716736
1359356843
100007500908375
1427303905
100000379733796
1473475791
729745337
790950423
1492629187
1537398303
514142720
795865300
1383341372
1314159719
1563970014
1723728429
1064028975
1678267680
100006147814270
100000596423490
560325724
100000212530783
100000767635729
1112200268
773496833
1091397813
1295263075
1577057207
12625037
1124574393
603220343
1457679839
1398383755
582439124
1012918988
657256495
22618741
5141471
1354686026
1011298928
100006261214303
100001101924616
100006095834492
1207601772
1629341357
1110014256
718030739
1447407480
12125446
100001270963817
700722213
1208466472
100001561234760
1342923116
648458505
100006929558748
1559485994
1355993500
1032697707
700562234
510646438
156802476
100003261086283
100002182696852
1342254296
1035522127
541803931
22901125
546081235
5138486
1471818377
100000275262548
187600409
100000135458566
1490963688
669988452
549299887
1201680833
1375985900
100000222044031
100000170897618
1117752257
1390699585
1587377024
1214812376
1165214606
1415573339
100002132081689
100001071625296
1049591245
1782350662
100006567432488
100005787575682
100000123383471
1093999725
640843342
1737090009
740453423
1213551552
746869796
722794061
1449427363
100000160830435
1176021706
1246926257
1193911291
100002673831392
1199497473
715327630
1420827128
12807079
100000801233732
100005676125394
100003279464924
1324795821
1123251619
669759901
58900030
100005597017222
1236282465
1781356910
1549388996
100004269090973
1441476502
726592041
1064255368
1679970793
100006255396592
100007446695485
720002237
782678345
628467308
1461507226
100003779902514
100005367755677
1181607888
1118111614
1430716887
1147924699
100000988918161
1543650917
100001696819603
1627630690
1354505666
100000019857268
1052584120
809368535
100005071860094
100000920174106
1014537254
220302294
812262515
100002591336773
699172549
702969604
1357341402
100001761209212
186895064721217
562239695
628141237
1004522187
611456670
100000160426438
1069207901
733104699
100005315923669
1014102442
1619751961
1475739271
100000294113674
1194002035
100000035413915
737072653
521806234
636885131
1166225601
1662099314
100000455833635
1237242491
100004212301148
1082922407
1827429869
62106565
726934120
100003949642222
1477722912
1561424516
1667606768
544977917
1345219310
798025555
545979465
100000330668145
100000571088136
517213921
1019931864
1152324121
100000363395616
100000119150927
60605542
1439844843
100002851115927
100000167057954
512750372
1577065552
100001635252432
100000213309938
630006553
1393353107
1284450945
1794982375
1616337364
100004393806491
70306840
100000432176981
100003396744695
749009113
100002206296606
1490290803
507598284
653257496
1640711455
847570650
100004373916086
1220138340
1202882564
660050648
1489399021
100001492451660
100003796820363
100000652475090
100006414306310
1562093335
1538905320
1295691501
100000225786599
100004637643593
100004597054064
100003022001513
673974491
100000197271585
1117500056
594164557
1075447109
100002490386715
100001820036716
54104305
1233424939
620417644
615875475
78204720
100000572406876
1634667196
849700346
100000431968403
1804842620
1062703767
1069684554
100003625357765
1593464397
1324351614
1013583379
1659601647
71905423
1803349428
1386217147
100000449053437
517783903
731849647
1035564176
1358859460
1315879451
100001419096090
1519422507
100002134572064
783743354
100006641708637
100000942221038
100003859373459
1309488131
100007074728864
100004601970106
1198840140
100000016463146
563147297
650367423
1519892067
1554233746
1815164805
1344717403
1531170473
100005796964750
1472654130
1564429151
1102837625
1414824352
1000402349
1201380045
100002587676781
1261535124
100000450413869
100002101597969
1425635841
553446967
1094340731
581565122
1343910251
1317163517
819343193
628319193
607782183
1319022055
1392311298
1329827630
100006775711875
1518061643
100001722807676
1639447188
1527588550
100001446733435
1520265498
100002736734388
830234166
1175769135
1127777660
582274691
1059652285
1246492949
100000542989133
100003136294133
1172085462
1330503273
1651980230
1557296290
1239756337
1684640851
100004706224755
1114386654
100006479481096
1533976065
1468135654
100002267191103
100000061373661
1322637532
100000276095783
100002171323229
1622293868
669189355
550638363
1252471461
100002523002866
100000225868868
608260252
1369710066
100000230701318
1543066635
1666567244
1405304856
824775679
532639792
645795689
585743419
100000414615396
1145156799
100000592329480
554595499
289900074
100000729473097
1003991853
1325334264
100001637449821
100000600190652
100000187884594
100000100284161
736286658
100000540821700
100001571413749
1403812590
1582783028
757402789
557295347
1518360494
642406696
1546555851
1116098537
1101865501
1402222747
1070096593
100001931567881
1159443158
1658947541
100001314240088
1589717957
1403022993
100000125599453
1305739664
657792057
100001559300318
1412869164
1505797213
736098556
100000117339512
514176311
1842531987
571850834
1613389431
1408583357
1279306180
1516330491
100002398778604
1472925053
331400141
100001542642983
1091915972
100000865784943
1395349535
1580681166
100005098650727
100000060310778
100000436453163
1199874659
1137783135
622606842
100000625778781
100004238833042
100005055452926
741867881
886790592
100003681437819
1337765329
58213454
100000946513557
501240614
100004109019220
717363208
100000641513117
100000406927660
615935242
1760041921
1291530021
1207251521
17021034
1453121632
771694203
9428756
100001318948552
100000724642955
100000251345895
683144243
606800635
898470466
743685082
180000241
1054266482
100000585786398
593312601
100000197977094
592464893
787199553
557088752
774540149
100000217270560
100000153702766
60600746
1327545456
1167663895
100005763667870
100005670637695
100001998015460
100000057603251
100004828153944
1610805424
777838601
508093932
1764545161
1484036403
561328622
1374295445
706655142
816900289
100000125657658
100004444508852
1377463940
100002770353158
4918991
100000375140996
654083022
1661598387
534955286
1027148214
545350561
1402099742
100003747152971
100000669125237
1550793070
1157560430
100006338584108
1234438439
754042176
1541587093
1416181652
1053552162
1577658146
656455178
100002192112305
16106775
1124905692
511875936
583016001
100000859549468
702323814
1152002133
100001708297984
100002751780981
1522247488
100007141080054
511982716
1433563014
1576661467
100000411084235
100001240244333
1007083922
1553990932
100003134225242
868010076
1109836843
1396408696
100000141492404
1615434940
1456140201
100005533123872
1090764936
1454375021
1335634503
1826820291
100005651233084
100001934462876
100000615874460
859070206
100006214021907
100005391666030
1177818299
744430940
51205269
1648106218
1293682368
1550651138
1588971458
735433377
1562717301
100000068506307
1324600246
1789900451
100003403153688
1117324623
100005844212932
1561770004
1179999502
1515284738
100001107650596
1494600104
610238776
100000698365872
1255999756
626756517
100000796069776
500811606
528229622
100000171939459
1177156839
100000403448345
100000241338953
1351960936
1155006169
100000180667479
1211168421
38200801
1625643949
100003467074449
1481432585
1314132004
578623530
825842453
100000994183110
63003342
1218579361
100000395031924
100000375732031
100000154909270
1404675021
550522654
1661643801
21202573
653781653
1537475776
603047739
1146055878
1546406212
1027353250
100000826238204
100000657147215
1037083113
1644507224
1058252104
1373527744
820515701
810760295
1846966079
100000426633853
16925803
1240871315
732692260
58205419
1314253248
1248637992
712967577
1202802352
1466598991
1626559205
1014883266
100006252994595
100000550993472
1005553184
100001868276222
1489808984
100006284554886
1648038256
1277253593
1639944680
100001964116085
100000743058405
1366253723
100001426524541
592525421
100000029438618
27424680
1195378514
100000170513654
812590115
1199682484
100006626016755
722820602
1158584279
647127519
114400815
100001598718544
1612304217
1173002517
100000830398475
593004369
810386519
1141382846
1261089312
2041668
100000442627699
1824251323
1228322945
1063335125
100000247580651
552156286
1451065681
1519413844
100005517217517
12464131
1465955235
1100773610
554817817
100000278665831
100002734741160
1290596369
1143366927
100000065390631
100000729697114
663969165
1344647641
1287477171
1332542662
1558922810
526564814
100000767598953
1134741133
1326238389
100001989105795
1127143622
1514067450
1354070935
581794772
638122221
100002086272809
100007428579138
693935866
1203558924
1346113390
1313149965
525807894
100002828215074
1620037674
1282634878
100000171202672
1035662565
1588488742
1508280039
1019716389
587976623
1020769792
1781005971
100003911301882
1412627861
1612009075
548830129
1116926405
100000775357295
100000415654202
1089774510
1283029829
100000850244101
1674513538
743135185
1049616726
100000468935391
843928215
100000695777596
699795605
1656356115
1239664812
100000702276169
100000034953706
1097466597
682949975
100002418284877
637074912
100005348975587
100001135154150
1064032549
516867961
100001399250012
649775344
100000251963105
502627478
715092483
1314206466
1560162999
1243167515
1372884758
1337206535
550865295
100000305137526
100000448573476
1004362535
656218933
1137192352
1660811619
100005357403740
1014723849
100001829444189
833450014
168301292
1096006059
1164035083
100000254857719
1099993502
1409611636
768992563
784394160
1686585899
546827232
100005154546606
1622073395
691538228
100003977573866
565250277
743024394
22607678
100003249334205
80401473
1482642290
511935087
100004471055951
100000032646230
1244916148
533125251
100004504301139
100000591769946
1545726702
1100666789
1509875878
1000573900
100007305244263
1558155685
100005830598250
649615364
647332642
20718882
100000978397664
1807719484
1227865019
100004678662908
100000286399273
1497616871
660070930
