100006834606070
1180158030
100000935424437
100006419160817
100001228427740
100005774468747
100001064221024
1161112108
100006068581983
100000366587871
100007022346044
768055371
100003175820484
100004082363456
297147090384901
1191865088
100001476684640
100004460045066
100006651453711
1309626965
100006671495926
100004658226244
1613661126
1222263607
100003876647089
100005206084786
100000533296083
100004226044328
100000157363645
100002917794730
100000422450825
1445996568958377
100007132085217
728890714
100002479585381
100001076670365
100006346931657
100007353670574
100003215825815
100003100234859
100006825183833
755809551
100005928660992
100001038252031
100003171901302
100004259920316
1322734861
1483171782
100006191311265
100004936332701
1040508359
1390580674
100000383863941
1292310804
100006487413978
100002323036934
1202387888
100005074602360
100005572445421
1843167392
100006947743682
100004702263706
100007079228379
100004927178534
100005522192090
100003227452629
100004242639929
100007234478281
100006113731265
100001992338930
100006143884345
100007072840878
100007515788015
100002364993147
1023206834
100000486001072
100005637462591
100007029723053
100006614070603
100002506532266
1187364770
100006812014182
100001070570947
100001668510255
100006505454203
100006860973186
67502861
561925679
100003271462141
1415599869
625053424
100001663038044
1074942642
100001394845326
100006488862271
100006593378115
500802256611083
100006531465550
100006424548860
1733033342
100002135994899
100003520133212
546213209
1752781603
100001430852665
100005384232086
1650602106
100003563543146
100005108623871
100003687973612
100004963034192
143940352354223
100001284138747
100004895234246
100006271691598
1405027201
100003067316849
100002099881279
1511171692
100005145664240
100000153943605
100005303827240
664776145
701436251
1381532181
100006392820630
100005346552488
100003788815394
1133261881
100004588778487
100004494158887
100000499058443
100006593671158
1286968245
100005251119567
100006674017430
1266915113
100000786310840
100006689503789
100001092436886
100005833681406
100000685067192
100002375396391
100006606727545
100006728169519
100001451950689
1248856896
100005055633154
1442031629
100000507823289
100000649683683
100002623956052
100000090311978
1338730397
100006535274761
1716624597
100000394375071
100000503067163
100006020015093
100004750477387
752754002
100003143670305
100000089573392
100005951773812
100006568441706
100003247571275
100004651991385
100006493803544
100000388394523
100000022307614
1563221512
100001942015720
100000779686487
557518177654185
100003775235219
1051536924
1424365427
100000723230279
100002932567185
507201122689204
100000857528642
100006951643708
577018013
100000410035769
100003690380874
100005495463036
100004729507871
1014455865
1402586257
100006453051798
100002992398873
100002171557348
100003119897928
1571810390
100000514064754
100005868694864
1722422467
100007051209058
100002108651139
615530040
1765790137
100000789393141
1723678664
100001011966155
100005809141599
503166156
100007054351003
100001777185593
100006181386185
100002411967040
100006576540138
100000661792384
100002047019212
100006598173813
100000810935425
100006643988787
191800200860241
100006795638662
178038339044422
100002289526678
100000194675039
543398485757078
100000241093568
100003629483716
100005067482654
100005886164141
100004236969779
100000437417401
100004300146760
100004455251042
100003351854402
100005748519616
100004849805441
100002972716601
761219497
100004687740674
100001877426526
100006525550442
1219862091
100005218801763
100001937771081
100003516635157
100003758993253
765610484
100000291881122
100000143702227
100000332011226
100003058752503
100006815379779
1754251186
1783941431
100006475571207
100006828756075
100002553227472
100000028336194
100000288690676
1660563047
100001326090052
1638632536
100006400324580
100005218505098
100005164296499
636807253
1746840555
100006504281999
1173487428
1333878585
635254004
100003467298768
1366980813
100006425821736
100000330093403
1340457239
544505377
100001855326581
100000132963403
524351694304295
1288164976
100001412856172
100006545259865
100006457986426
100005648221412
1528395920
100006057722767
594080333
100001997792290
100004982524051
507512162
100003604900480
1332364635
100003983736041
100001239481766
100005931872336
1446582308901517
100001555311659
100006037120381
100003909873215
100006267884341
100000539533746
100006538246084
100001894823244
100003202315525
100005722330180
100004799562864
100000038951922
100004849560881
100004059634913
100007281158106
100001105338830
100006816517884
100006508691810
100005260444657
100000323764920
100006566493589
100000049969009
100005503391301
100006522468329
100000814044891
1557318772
100005485627665
100000591703578
748725690
100000425214134
1146030983
100006666572111
100005957794462
100004691347589
100006538539282
308185262657618
100006767797327
100006770196528
508168106
100004001891826
1406575985
100001502902677
100002014509604
100000414905250
100006428197331
100005135946856
100005552650577
100000092014413
100001354617604
100001514625626
100000018238592
100000734371980
100000493091690
100000709731576
100007365690751
1633303856
671503763
100000211857402
1429820162
100004840993828
1408085060
100002520492760
100006644166430
1519356715
100004104234750
100005147473130
531472423
704283951
100006495220607
100006753457952
100001978658068
1410384434
100001009922445
100003611007071
100001054484522
100007270802045
100004511701937
100004368935550
1790153454
100006463125791
100005266320073
100003581864902
100003657936403
100000053691666
100006302980061
100006748294536
1539559711
100000601852506
100000519427152
100006583777354
100006680653435
1635660702
508895656
1376851645
100002264156635
100001219430347
643744598
100000727873590
782196059
1677575954
100001898872402
100004076874643
100000959508808
100007296275184
1016826213
100002133597030
100002303538537
100005162263369
100006303882408
1028424190
840265499
100004596130484
100003403003957
1108973805
100000701574729
100001421548440
100000050867468
100006460938986
1286448295
100005909977458
100003264990387
100000272427895
1130530233
1063988273
100000222948919
814849520
100006453461750
100003673132524
1139916825
100002752843348
100001017467817
100006565111888
100005462263776
100001718877309
100006833411010
100000051451165
1490559590
100001966557385
578660843
100000918912961
100002933125498
100000541696967
100001488693405
1660813064
100007251666267
100006084070840
100002814013595
100006638980363
100004356451095
100002069878709
242369419231097
100001567313514
100004334920636
100000781313687
1176386691
100007453721509
735234041
100005267409297
100004008129604
100005157340281
100005566541147
100006766598185
100007226713602
1390278693
1758387558
100001350946512
100001239758945
100000616470229
100006646420631
100006173102493
100001928405388
100006966428765
1663489775
100002388890308
100006611830330
100002048490625
100000589009976
100002546475013
100000260697104
1243059540
100003745509801
100005702773106
100000007633372
1331539172
100002474737699
100006770253335
100006700509722
100000559747573
1559018808
100001735233876
100000260371519
100002168681258
100005128089409
100006037603900
100000541800751
1483090560
100004461968222
1744027805
100005384618796
