100002652268288
100000598406752
432222933539731
1431117468
524351694304295
100003538806346
100000208532485
100001034820133
100004722458344
100004136312873
1121496125
100000459939077
100003581864902
741965195
100001092436886
100006714490906
37705710
100002066672194
100005187845934
100000450502003
100000881935437
1802282144
100006425821736
100000330093403
1340457239
1468752111
100002769763591
100002346795343
100000992447032
100000505131700
100000070024086
100000507823289
297147090384901
100001657867470
100003402306558
100006766474852
1683541809
100003543118080
667900385
1791047203
1706010563
617916061
100005132167994
100003532690282
585472982
19511942
100001260450210
1213068202
1546654826
100001215767849
100000915142029
100000884136863
100004413637944
100001267442544
567075426660490
37600976
100005928660992
656744155
100000246975008
156316107787355
100002338972230
100003759609723
100002035413480
100004979679969
553997139
100004633904063
100000238555087
815135505
100000032486826
1063285427
192337417551234
556317514412276
100007347242235
100003058089691
100001295447871
100000596071410
100001349012970
1121020954
1796836609
1682157346
100001498417864
1476237152
100003198940409
100000142489177
100004280822635
100000814044891
1630007950
100000861517000
1248981394
100004090400247
100006487413978
100000432277125
1320108465
100003673132524
100000659230132
100000773557239
1673630304
677505866
100005146354273
100000776872031
100001828888788
100004049214341
1534418715
100000192514234
100004059634913
100000042535132
1500205181
1360134114
269834736409345
100002397489806
725811850
100000089334994
1388296362
100000832214072
1524751631
100003044402829
100000943595568
100005294707996
100000698460600
1359854861
100006665735795
1643050382
100003271462141
1348748134
100003254571355
1161369500
744890797
100002364993147
100000187264483
100000043553558
100002618380888
100004064504656
100002411967040
308185262657618
100000641671229
130007513765596
100001459852751
100003643955595
1541965249
100006463080527
1316006002
100007029723053
100000325563042
100001133268634
100000949421220
100003086709099
100006573313135
1643447000
1209855934
1448515335367180
100000286149253
100006650923839
100001350946512
373164952804326
100002003656398
100006482297691
100001114650477
100002176712528
100006173102493
1619145099
1260530791
636434526
280661221970508
100005072346639
761219497
100006338022720
100006480612531
100000159592422
100000500007848
1326170915
100000653054686
1330939645
33000429
100002623956052
840044503
100004324594963
100000790671811
1288102623
100004512966283
100001862641248
100001512939122
100004258176917
100004327691872
719400723
100006495220607
100004379250341
100000004287960
100002115493348
100001721365096
1731962493
1522718399
100004568012680
100000259798949
100000951007004
100000147613545
100004573363994
100003516263595
381994711876808
1370568066
1849906752
100005346552488
1756863701
1133261881
100003301090678
100002454220447
1241251438
100005897739332
