1621712657
1180912827
1366361714
100007406432876
1028378511
100002542575100
782191097
100006859621101
508345095
100006761054087
1193687790
100000970260112
714896502
1478565051
1441366798
1510724450
613557875
644221486
1528765883
595290369
509593949
535569190
100001131553046
1666117590
1013520653
506566057
1693427006
100002660707278
100000316541887
1654239094
100005669139900
1182050893
100000366136761
1302856198
100004348628256
1050906215
1484492165
100004550850591
100000902703514
1718995852
529720821
1197268541
568340144
100001468722305
518212668
1628176973
100000732189447
799170017
100006654010577
100002044026967
100001396309365
100000420327497
100000256274332
1363561695
1358073661
1508161517
100001306371067
100002319348962
758494873
100003611418523
100001583165294
100002266016404
654354557
114300487
1137833341
660875139
100002052075233
1470532480
1725327533
1080151193
100003614396555
707193309
100001494392141
100003482413947
100005962868483
1147981099
1258275714
100003174607704
20722378
1770691901
1750824212
100005113963901
1104851029
622461972
508084181
1440956778
100000596252090
1589059162
100000096071536
100000028472264
100004030697664
513722734
1753155466
609312830
550537092
1270180648
100002497418467
100001883807783
1367975202
1410517826
692670974
1409443361
1000477012
1220947747
1481316198
100003035817675
1112452350
100003952979134
100000426060301
100000258852681
1022878824
100003391171890
100002850137219
100004823890135
1064168976
1360177856
631175271
100007405182628
1839616555
589466799
1082042814
1188813267
532231905
540235189
100000241472660
100000013082469
100000933693680
100001020961628
1004103265
1218332096
1368013684
534629116
16308043
632089866
1108171189
1212415744
100005568402055
100004507033081
100001020572997
100002050167918
555027860
100003817925526
1062259973
1590931875
547791039
1143474447
1439633054
100006999310903
100004766674781
1465664951
1036052777
100000494265802
736508523
100003153266700
585035102
569216974
697052351
100000088432635
854579243
1041971886
1443237358
1282504041
100000605743183
559103352
22901712
1225150016
100006874478147
1085875730
6232874
1382254036
100000153482181
1105610345
100001760576290
1060138377
100003262817617
1775145433
1153283734
1780293356
1420193901
100001961480789
1257578166
1427442319
1663064358
100000627253972
1032934157
540761144
696423422
1514397566
100002199705361
100005176657674
1222688187
647488997
755393586
100001318985112
100002142758478
1029093751
100003809463794
100003845806165
1324316610
1324873240
672592391
100000119062842
1364814041
1645385910
1645942663
1811119109
1303717333
22418774
100006186361665
100000421417724
1189540394
1124963456
10217628
100001123130915
100000795323020
725217818
1830440225
1034027081
1284577188
641248355
732181136
100001594278198
100000797341706
100002543495762
611797475
1067930316
8826411
1526104883
100000845395560
819170550
1077306595
1601222318
771306958
100001118086614
1267976312
1588957997
62500426
100006044851082
1504285250
1209081161
670317297
100000550808194
1257040813
100000134567883
1274998004
1169238154
1025716485
100000249793901
1107661143
1850855431
1118953923
100003246493068
1053565857
100002079416911
1378305713
853010456
1451195262
100000814654968
1470212019
1651847654
1007963667
100006724952346
100000542641441
506850759
100006190081200
718241132
100001679168544
100005601180718
1396733804
768559001
1490723730
100004841192367
1424868234
100002082323818
100000792235437
1174107248
1481515597
100000973458079
1632266369
754558501
1494082413
1157412500
1055296962
1249695685
1668224858
1428790044
691334061
1519921497
1612312475
1105677059
100000177660751
1837996312
100000186487290
1580441990
567557643
100002165372599
1213065033
1123640877
100004219269553
100004315715739
100001434033929
100000090924915
100002569136534
100007128104548
100000065043565
1378119500
100006849820558
100003830213532
1603399530
1407373471
1337914237
517072930
100006672613372
286603667
1385105243
833977085
100005037063470
1236670837
546490864
48213128
512018743
1537986020
1550651470
1605040421
100000109020099
1814881554
1138634673
100000080598096
100006465148328
1525773131
1038551447
1030497416
529107834
100000297602838
692111470
30306225
100003514695830
1553529506
1096784555
594028415
1702245137
100000310438222
1020587799
815648873
1044409810
792068989
1299136074
1805440115
100003355121781
524126267
100000055643170
1294663892
100000839199384
1304524903
674528320
1198358433
1567716692
100006835114746
1003885391
100003057935068
1846487388
100000190617921
508399708
728954294
1370983116
100003323531898
100002626953789
100004616376362
1477292980
100001037895629
100000176907645
100002921923886
100001630300395
100005751423962
1816122686
100004183181489
523671223
100000816884060
1032507338
500386646
1102960627
1667467606
1533117285
100001942848933
619047139
100001944047894
1135542785
1575415648
100000161053709
100000265033843
100000162908754
1028923231
1043627945
1565084424
100001572138237
100000282819237
1422065166
695004675
1449154928
1665031131
100005869082747
100002233024234
1450340401
728065030
1200474024
795906505
1338750300
100000725865117
100000842741302
1570790324
100001509131012
1050851302
100001486623785
720624525
799052570
538663637
1610122506
100003362319261
100004080698226
704090006
1151523098
1186419609
1162462033
710451860
1379606410
100000821784280
1298960388
100002389708161
100000807648164
1214872339
787924195
1124147179
100000165930952
1338759478
1015945199
100004947604043
1084759244
100000114473326
100000153417742
706879782
615522596
100006857202005
100000873786194
615077801
100001252884009
617890460
643537826
100005623451518
100006506929074
100000234486131
1544940949
100000424496036
1167390224
34502781
100003326265134
100003757964189
706726222
694866044
100003412596317
100000260606545
1338583277
1678273183
1296622975
100001016301326
1142143016
100001264479755
1448061599
618900555
1211802060
1100425622
100000431877625
1623398534
501789541
100001682906677
545890751
558128012
100001946364566
1423227862
100000384378752
100003909517705
1405171116
1395941737
1506408083
100007218283195
100000259985942
617642134
100000474513960
1410550828
1553956990
100006712411708
1243464590
331556523647109
1127704507
850775331
665926825
1547427205
1564334466
758523418
662862045
100000099117570
1160053161
100000487000271
1119228338
598459318
100006470077470
100000058932515
100004183600476
418545438213426
575492068
506191493
1133331441
100002547182075
100006890880304
1197807425
679812358
1029764604
100001560090297
1355054451
100001383264101
1834371807
1411877165
1593038968
1485905207
100001988889839
100001193161613
1311077101
503465589
100000128843227
100006515325436
100003730877087
1426564932
100000051410824
100000258816228
1563106193
100000543274634
100004601434434
100000639105914
100003264355060
1382265650
664555782
100000319153808
732036994
100000590303810
1227950086
1301375804
713399808
664755107
500460837
1544911020
1647026431
1595145387
1213444635
658174588
527604926
100002285388254
1108106889
1172840413
38302963
100000067339081
100003025910211
1640372235
1525352610
1295202753
100000125527058
1359346308
1651732129
100001269600293
100006254682057
1682947641
1344243305
1552309395
640997200
100000753276558
837914395
100000138588039
100002204352623
100001244314790
643439527
691786186
100000281612899
100000375671458
100005451043092
100000589206160
781619691
100000241809857
1552506544
100000908800196
768272872
100003046306216
559846098
812643361
814354987
100000245332598
100000078604177
100000290201077
100003625943607
100001001634922
100002780581887
100000406731484
1561185534
100000054335572
1353805377
1264122014
1786396596
55714997
1128367279
770305061
510637157
1575745460
894775536
100004248424690
100002621379178
1519564019
100006680142045
100006047049249
100000917716231
1543898424
1464620831
100003139169215
100000451892437
1395824270
100001298637107
504408927
100000357127962
1645154885
100000695210018
1655707994
100000503440040
727787914
1186843868
100000282685918
580915734
518133976
538046639
1014102777
100003506022288
100000143316793
100004037261619
1422834424
1762681789
665563932
1167604720
1127384894
100004588929926
100004749364676
100000768867517
100000608330891
1130125335
100002212390423
1228130829
100001470114467
100000742456927
100002304607859
596472069
1603211986
100001135153980
1166223827
1524434336
100001816177471
100000180017418
1461197798
1169733708
100006416113001
100001315613494
100006605641707
100004461456715
602211713
684642056
1360689859
100001391187094
100001350740574
100003163191168
100003546530195
582600470
100000898326208
1325263920
1248420046
100000468333581
1420287036
1502439710
100006689470555
1428040528
765678584
100000084556529
1661613258
1667754896
1616648491
100002314551283
507689685
1818805347
100001564845436
1487706220
546253932
1601616031
100000606760531
100000179950749
1098257943
100001602176811
100000222580555
1305040504
627522064
1388243355
1049177388
1782916724
1616881127
1452744988
507810870
100001094788981
1205342869
1430177035
100000485383872
680765190
100000532479941
100000428627223
100006800702241
1654046317
507786987
100000862385807
746808254
1785538059
508909602
568265404
1728821274
100000199565049
1089048768
100005407028378
100006456265778
1569370200
100000136885429
1296616161
100000110620617
530477170
617597515
100006528519887
100000079161738
1506235533
1171067442
599430578
1817442527
738064347
100006817563504
1078044740
1077172706
1422135303
561443686
100004081691096
100003046757750
1342135222
1239764833
100001994208763
100000054912004
100005215390902
1018464401
1308849876
100000363969646
1541088877
100001613163471
1787662798
529495059
100000139731853
1443823554
763319800
1327699756
100000600458174
199111339
1300281493
760137275
1491722087
1037712588
1563589606
100000860134860
100000226964082
1013662241
100003143538567
1256951315
1056332870
897905584
100002284804758
100000258454690
1130143155
670645174
1568749965
100001138592073
1216394826
1670316140
100001000091376
100003912166745
1335721346
1430118200
542008039
100004309450612
1208630515
100000246477157
720894727
1025576035
100003601888295
100000251661571
828379697
1619405283
100002338067712
100000958187420
100000043218476
513680291
100000651793710
1177637723
1610626952
1126094972
1724131780
1008999223
100000842464154
1610083412
100002895993054
501694671
1792628103
100002137338581
100001736469137
100000088928137
100001575866882
1172859099
1020663216
100000058271360
515244717
637449960
33203321
100001996622604
100004707124458
1284780910
100001239944735
100001091790801
1554397038
100000031879086
100003200596730
100000747631888
825780580
1346016193
556701198
507575690
100004833934585
1514314750
100003142997259
1407931917
1100344372
100005536270240
1196081964
731787738
100001330023405
713826275
1206448493
100002621687699
632027673
100006047773927
1151049711
1666210883
1163815821
1002656270
571639790
1484792721
100000999941997
100002330457670
100000046009424
1260127247
1630082020
100000571074965
682434218
219703078
1674314285
1595370055
1746713264
100003568715145
1309410677
100000627429756
1227042762
1116996306
1101426629
592819071
100000680185057
1230143635
605110744
635498687
100002946459677
699758288
598877008
100004748944602
578277046
100001042963317
100000750446009
100001648080993
100000079963002
1295272949
1286996158
604187193
100001069330154
728970603
789264713
1067976010
100006664358325
100000148535483
100005194120555
1105912425
1562366437
100003822112985
1152745783
1168116204
100005213832163
1518908973
1658200591
100000479091894
694891362
100001040298747
100002885587676
754166737
100001595491165
100007309484576
100002879867759
100002043906109
1525084556
110600096
100003349219620
100005163997522
100000561332637
100003226061932
1707024241
100006777189633
1512682076
1508292846
1508345400
1400101587
1496257387
1056495804
100000379300940
100000457878737
505354151
619222710
124100527
1065861768
100001284709391
1340902855
593061410
1361627397
100000572885571
100000503282623
1029595937
100005372498242
100001319976480
100000256954769
1589615276
1180091185
100006241293396
716000290
100000233698950
100001880767550
11009775
571871233
1406640043
656971127
568724180
1189270248
506174069
1077017814
6214177
868235656
1448298848
100003406668614
651323976
1012837678
1048025370
776362890
730760976
1400143453
100000032780507
1109903093
1628757173
1539699601
770873661
869010598
100000079233233
100002395158628
100005436612618
1034138371
1162466093
1420547969
577985712
1257517370
100005190673390
100003306885940
1321159395
1645923632
1494905423
1329993338
100004777837551
576228563
100000266453048
796068235
527821366
100000344001793
1624104646
540607531
1306581444
100000084931201
1649288089
100001248194788
100002349288949
100000406480705
583645131
774574807
100000888130249
100000398186150
1000396998
1643011725
1020521084
1070829445
1103978078
643200703
100003050373061
510294449
100000113764855
100000235130933
100000989548287
1339033521
1142075989
1101679697
1634450410
1104492182
501496275
532428178
100006642551083
536446429
100000984895860
1455883118
657727649
1331950667
1381179048
1400812843
1409152754
1285478105
100001210892528
657390779
1416286913
1205975252
100001261054387
100000141652468
1436055300
1542055466
741863528
852749197
100005169005145
1612496704
555306680
1453930272
507599322
693663026
100000131870070
1601604863
100000545532125
100000286230850
100004222232548
1512210206
1667617117
1550123366
100006247832374
1674431665
100000190312138
100005670000440
100000489308768
100003272890384
100003686629517
100000881436884
1239607098
100000148660421
1496888849
577875124
523675367
505816284
1051260318
1386125568
100000801164413
100001030443312
1758846486
100000164340819
1008305985
100000735315999
1389386971
7023526
677769716
1013730689
100000651311308
505902745
836323479
1460527027
100000214146576
100000482668464
100000659832255
100000075948830
100003512473992
628836612
672002577
100006419160817
100003781827950
1792707611
1092251621
593984338
1620163027
1035746022
100000732062629
586662664
100000494263034
100000892423921
1518510426
100002398255279
100000468310612
589731522
1571435547
100005598902217
100001272018166
1409497288
611659064
100001416276238
100006392970788
1192586547
564223408
1817528082
1033246547
1092616279
1643943499
1396833297
606607468
100000585490263
1733400043
523721306
1038372245
607504539
1406100924
100000759596482
1381137894
100004752600241
148900733
615966687
100000066862033
12307584
1605480018
1557982529
100007158434217
100003713135966
100007003891701
685918316
1181976854
100003191939231
100002932564711
100001194986391
100002274214615
532966144
510513616
1224296585
1187285835
77405044
1610622679
100002939593515
799550233
100001078132943
100000460095876
100002041376591
100000189827873
1174047284
1333202487
1155675699
1840805814
100004140698276
538841593
100002136911190
1147796421
1252320593
1420321845
1502173676
100001313989943
1648796736
100001256271681
100005033650813
1406839161
100000113491281
1325030595
1583887143
1374250091
100005748362956
1188374525
1191262661
1817188583
1574602186
100000001486130
71902561
1820057762
1807162475
1476588545
100000334061982
100002766528236
171500015
1299374934
100000029581112
1322359239
100000548962038
1442466458
100002712035677
1522714858
755296467
557001428
34315358
1237162248
100001027165171
100000736500630
100004832591179
1588353802
754145567
1674607417
100003656391860
1259057975
100001674830349
1810776375
516752588
1574178651
1217831951
100001288177111
507815780
1203234442
100003356015516
100001024198960
507790068
100001085820321
1111038323
525622458
1118918698
848425178
1342586473
1482181652
1575528458
1428057100
1572723542
795754172
1392349525
1065841881
1102958524
100003255286219
100001107924506
1203063704
569666627
1620472774
771515256
837119854
1590936229
100000451482895
728302570
663589702
100000583385607
514784846
1050580820
544662239
100005528707772
744466966
100005460303802
100000993306915
1531831394
100005220369862
100003028873944
100000801903208
528322478
1202836115
1715842293
1029532131
512757077
1601140975
1123142927
1813927549
100000541902154
100000341355703
100006906402247
621764269
100000065862595
655621978
100001334331529
100002114066864
507874805
1275568181
100003554540555
1409873003
654130987
1353434902
1295545518
100000099216841
1507684451
1426993161
1157377019
1398097472
100001231500815
100004462032457
100000148913360
1023671541
757636423
100000575359689
100005090917576
1520165100
100002568691832
1735065899
1658658016
100000116109175
1194452192
1219118473
100000967125277
1183235239
100003129516401
100000203937308
100001438105987
1697281254
100000490973602
1284518116
1587618861
761120472
1844486651
1259636473
100006779014567
100000315903414
629792485
100002168721355
570636306
100006551977862
100002601322550
646321624
696592980
646163014
826385535
100002620867151
100000295050634
100003480938621
1124746125
200000436
36200112
100006991213883
100002214426842
732505470
562090181
1171448968
1766635403
100001073110282
100002182176472
834970595
1106866288
1616854842
100006524387743
619893720
1495230285
1002546593
100001848564048
1636339557
100002692210330
1161279877
100002770359089
100000166952940
100000203844039
100000581166923
559005928
1782467505
100000627811098
711742820
22903404
549173227
100000152372640
1516877658
1339772721
100000597243469
1580289532
542582565
1225940504
513380266
1195413640
1211104014
100001053111309
1152695987
1369972173
1041943266
100000307659381
1673344957
100005839505425
100004030180164
100005628005019
100004469134856
100000693207298
1700342972
1673306947
633603075
1278064860
92000053
1041613895
100001100936524
1219654619
100000274119152
583352274
545694445
1517739063
658696930
100000704188281
100003940718631
1569002595
1175516245
100000280950747
735820041
1103502002
100002228287913
681765355
729126899
517468100
100005418193078
100000101989168
100000190230309
1184474800
1436385522
567293985
658044383
22015347
1642104389
100001897764548
1570394538
100000097366244
744555019
1369310712
1217845272
100000088817797
100003263794334
641807343
1179626451
100000093740624
100000966135757
100006053474199
775041235
1443492148
100000223077815
1577198455
614202570
1533398074
1621481564
112834562204310
757995814
100000957319894
100002076285769
741411367
640281060
1338513194
1597298164
100005230531732
1605320876
107701615
1099403107
100000709207565
100002131195055
100003351255759
1207130740
1825902267
100000353214074
1417971523
16909381
100001708150717
1344196891
199801373
100000075559881
100001332825472
100006382059322
100007004174579
100001499692342
724140232
100006513961594
1609936260
1663672019
608199451
100002362940575
100000412921237
1118925680
875685093
1662422939
1528396585
100005855676693
100001383577559
625294011
1649710742
1495326543
1184018263
100000387937875
758504257
100004873722242
100007409522025
1375267836
1377043109
1446785750
100000404638497
100000620883728
1641757415
100001170390305
1289347046
100002283405761
100000478461279
100005375885242
1313085667
1813908975
606022775
1224427130
100001257397205
733966083
1098804019
100000735513574
727300716
100000622990293
700145304
1419360953
624854257
732330325
1419916429
100003463688412
1545404763
100000274691845
1068691839
1109062629
1075734125
1145157813
1069240177
1385978379
100006437966771
1207647553
100002173291170
100001018863041
541728518
100000118749178
100006856303796
1523600310
1513369061
100001147196208
567397757
505163991
1290728833
100007301766745
1328378447
1586896242
100003653750090
788644132
588609544
711765742
1067664459
100002686393309
100002102134510
100000584208423
100000175596172
1066416908
684212114
100000306671568
22602861
100005283305888
100003603219676
1558292613
100004736014288
100001379073712
685318827
1244102042
1197688475
719075122
100004053261615
1207837507
1207749734
711970835
100000130006717
1009819671
100002970637565
1335798502
722668974
100000675442951
1117481997
1306460487
1656216386
1567438119
100000057498221
100006775744098
1271222854
1043922693
1705980123
1231355483
100001014430658
100002130873938
100003404235915
100001295202834
1076687975
100003341582265
1198192441
100001637344007
683581673
100000442518215
516075033
1445947176
1668253813
100000110240195
100001368446805
100000925647077
100000006214888
1692681154
1594564404
515118326
100001863562230
1434394962
1264762381
1219943695
1245108915
1243517557
785444008
590011827
100001011827426
535067250
100000984794673
1139473855
1318579084
1625176634
1106283096
1252495416
805517355
1343492823
1200258062
629885733
676457335
1491490390
1511595177
100001090939811
100000467406362
662440086
100000293579080
627684878
809703187
1300787305
100003067756319
506835172
100000932820240
518757256
518671160
1402895309
100001028734410
100002832408882
673426391
670644738
100000090300681
1080199603
501622311
1448601993
100006472305051
100006695586220
100004092939725
1679441647
1494655629
1506676372
1149937682
100005091943844
100001786520887
100000826915368
1668783332
100000085333329
100003546819093
100002313426714
731556720
1537596573
100005419268799
1670832009
1050124936
815128769
781587907
100002474237122
529848192
281954951840474
100000602396265
100001737052409
1621351589
100005094763916
100006560743181
1646409745
1456952764
516509601
100000127153750
23927582
1687251047
100002224029048
100003570553752
758257447
1325760031
1783946609
1001618222
100001532237416
100002532365893
708671656
1408646601
510442783
100006480723835
537243557
567716913
100006113772101
1401802638
207002544
1230575203
100002164005844
1068441180
701275366
668647661
100000055611980
69700732
1220881160
100002913918192
1324972246
1848672780
100000504247873
100007368635898
1104679482
193302597
100005807019923
1142400999
100004204603049
1135591825
100002842340199
100002436447676
734957604
100001892714821
100003945409799
1629194944
1309551895
579755507
100000915665978
100002472843859
100000676393703
100001553327116
100003591322671
1678842283
516634098
689857801
1633650855
1486518603
1018875604
100001012217627
100001891095001
100000344281324
678905190
1473447305
726070813
690802040
100000741746170
1353772727
1500191879
1466827057
1482463919
189200025
1585748210
856635326
777250709
100000572254029
1831534910
100001028163898
1508473282
1643027567
1150306457
1633527528
1039983602
100006339601208
100004043002006
100003493031120
515393501
647292985
1548188346
796745073
100000172076838
717241705
241379544550
100000784636475
1429561932
709063458
1382127286
1174445592
59502019
100002119271281
100000593254308
100004014914959
100004739281848
100000679163761
1402320395
100002362215267
100005582830466
100001531101527
1530665994
1469640467
100000156497901
1026252047
1105384386
1347644694
100000722227278
100001402428346
100000003102558
1533439871
1496750664
100006731376734
820950300
100000113222549
100006468758377
100000093720180
1629367702
100002058534187
503054366
81012710
1395334234
100001097676318
100004166911255
1271320091
1325252407
1234993603
730294745
579613956
1710501302
1216346453
527640710
747317004
100000754172441
1354235181
580985923
1012293195
100000357193347
100001602062576
1356731697
100005869572960
1300120220
2813439
760925424
505056063
100001247071588
100004050182906
1019427871
1615894961
633906094
100000896248984
100003977717020
1419127177
100003294563725
877590386
1556792623
100000223353489
100003353191375
100001130298725
625820910
168751906615009
1745334280
1367166233
1681440317
727135012
768364873
1022019967
705958816
1199379334
1215781992
100001761759234
100001358032704
732331022
1623091984
1353924327
100005386334172
100006628959846
1657375821
100005160549918
100001564355803
1624051088
100000612482652
100006623258392
100002418444336
100003217326190
1619528064
100006529454413
100000729158283
100005612648991
1309417418
199110546
1141612632
100005942292432
1755176699
1422277916
1470955153
543148632
642017609
1053645090
100005340512206
100001559044964
100005803895089
100001162817126
100000586551970
100001501656975
100002982981229
11602669
100000111736878
1514779351
1074790617
628433300
1010409659
682378578
100004497012885
1358361879
100003903527785
588545930
1440737577
731172226
685909108
520480428
100001138216889
1066717356
100000132766806
100000572366004
1464819502
59102808
100006533983658
680980526
730116213
790375863
100002475990252
100006134352625
100000787246573
100000169614812
100000068356752
100000314854697
100000539675030
1536630889
1593589767
100006538835433
100001505687368
100000191110630
100000841130393
100000604978065
100006542161196
100000494357410
100001343220225
100000870815762
1241893232
1379794995
1233251879
1104411077
1227882382
1020940263
1424481647
802956838
783918626
1564210814
1043427653
1498566384
1047939291
1254223995
1021850401
1333527913
501938560
665800679
1766281122
100000169719026
1042265407
100000401287008
100000181678108
520330061
1452210312
1812663734
100001472818245
1408697913
100002178322288
100007220682102
100000119882744
100001222847286
100005305512839
1012479019
100003362764614
1310795918
1401021768
677600549
1500995012
1364263100
100000603829479
1472684371
1243616214
1124058140
1531518733
1099119615
1710274604
100000741046744
100006616594223
717826261
100007229769239
100000185820140
100000127033419
1072267688
1352727443
1172830191
1458726692
1012705002
1091121296
825488056
100004328462860
100000124412394
589495394
638790882
1227247977
100000711877415
1025358708
1199887621
100004390773624
100000338052809
1629254945
1138174223
100003594457412
1229932220
1426556567
514167606
100000137117972
619094786
1232053385
734727594
512899362
630165914
589684658
1438886688
100004529504261
1178071066
1624513944
666057496
100006294991042
1458020977
100001803996248
1468360200
100000645012706
100000600311961
1835152005
1362022406
563240732
100000165377531
753884690
100000772024750
515355160
1573494468
1155775086
517776443
1133949293
1497012691
718213548
1628333135
514708802
100006533581957
515423802
1148589570
713971721
656942250
1388828933
100001510415045
570938076
1007372913
1581499395
1474160318
1423291398
676860722
100004914641378
637319393
100004767548407
1241885163
100004262322824
100006733593467
1309922247
100000013791848
100003224559102
1224639304
1430978135
1498856845
775421513
100000536366253
625292122
1504966150
647514707
629943373
503835595
100001952069184
1226056143
100002399278209
100003478195546
100000511795258
1503563577
100003113420463
1527013744
1662901592
100001304128995
597198794
1312389412
1002461255
1332003429
559291199
100001140488872
1207091177
623805511
1407190101
100000082269406
1411097043
1197513819
1650357692
100001680481680
100006303451961
100000655193948
508223068
1323364097
561130232
1668256946
570764177
100000092218711
1537794765
100000015564848
100001714096509
100000587397540
100000121932180
589427198
1017716068
1579772110
563298878
100003263547059
1508804082
100000507401839
1828668752
1467043555
103000611
576024346
666633454
100000281026107
32603536
1056368110
585806586
1630834282
1018681953
1631963400
1108594397
1060306961
100003061684306
1058526346
1235531613
1460834920
100000032195097
100000499268916
597560200
522918869
1400848111
1381134774
1005512288
100000075965599
1326662588
1413661620
100000970702848
661436768
1362975737
534940690
1298748446
780558501
1474082905
1599798683
1673537189
100005402292771
100000312217430
642436277
100002163857315
866795213
1196336481
555101282
100000104121238
100007128484562
100005128205710
100000053224505
100003583625188
1143888850
610414765
100005221201378
750365175
1818178242
689431322
1495885662
100006502814333
654335926
1578951500
671020582
1438683189
1248683422
1143766560
100004456059914
100001551005671
80701044
1343155425
628915488
1266592247
1660263132
100000375693098
1400028835
601110756
1525155791
1298242624
1265253198
1819800539
100002552303045
100007472496442
100002232108581
100000066124390
539239712
100002162829606
1506988375
1167998191
826914393
501954695
1669550380
1050105301
1070444386
1465461571
100005391481462
1667149828
76800626
1570188547
595249451
100000858608806
100000717624499
100000037624838
506188093
100000710328357
701836980
1513994021
100004072470270
100001608633820
100000793516974
1008904277
1453508901
1593415635
1468123051
1236958174
768574471
694876496
628872022
1259230759
690080105
1459748771
100000638313280
752546063
1441793562
637137113
1641501879
100001130994356
568265746
1384760765
1375022293
1025325830
1290480286
1352583813
778286837
1500510005
1189137427
1818656500
98902820
605097567
751570331
797735611
1248200968
686720228
100000246027254
100000958310121
100003149767498
100000984425144
1101066567
1385162432
1638279984
100007383044113
510504342
1364751326
515109615
715198504
1183428548
1017270234
614605613
100000136526745
100003267144994
100003294153227
639652603
100000419105329
680505368
100003522652627
1679680581
100000563358422
1760932746
621551410
1693225159
100000547399678
100001310286448
100000001241579
100001203442842
1566593356
100001641407805
100001632534351
581460236
1094710593
630816791
508672762
100004553798533
684381925
521546541
100001957225038
100002238223050
503423633
100001217223607
1103575455
520192487
1482943324
544977288
838790373
1523513453
835766660
1324279335
570087943
1422661704
1016264018
100000836466482
1538623637
100001995750285
1589664634
639841883
194603857
1835704548
589251245
1218769453
588120342
100000280310261
1635735233
1299147998
691049910
100004141357630
1575403836
1749232345
100000261057425
1211143768
1682360759
100002086729521
1058389747
1235254674
597898247
100004132504140
733710509
1758178371
1303177697
1077276545
1072922291
1256475185
1291446783
100004166492530
1231900354
1314278131
706288234
1271962538
699837171
1791894693
1473944751
597717378
607860531
100000162953701
100000316556045
1666515389
100000339214729
100006243271472
100001089585248
1585420578
100000186387975
1188121094
1466787325
100000264497395
827472085
100000574640377
1291441359
1495180808
1144711792
1368913522
624822705
1540337909
1261632368
1592100940
100001980328969
100000128873853
1719302466
1153763284
1394989866
1682088285
100006803160390
1102119658
1580376183
100000233031770
100000191424148
522386764
100000269905729
1036990699
1624013599
506110421
1666287224
100000943693224
39505494
100004670822419
100004668430490
100005395080843
1048338659
712772851
1101812787
100003301642873
100001830421337
100002438630830
100000467582804
100000056664655
100002022702503
100000102833787
1226886063
1147659044
1461392866
1162623261
100001762898607
100004001804772
537711416
100001865419953
100000131416437
100000104019859
1552269781
100001490904237
100004064081184
560489334
542113354
1396275955
757198519
1021767930
1422336634
1309567848
100000311535930
1252478766
1533133116
730368813
100007103703329
100000214723952
717590857
1567230792
1181366109
1173002517
100001895881449
100003944361818
100001076771807
1201849135
517514251
1496392219
522142170
723036679
100005672530452
100005148242279
1401888951
1379050358
100006089220255
1009725630
100001510788831
100003847097094
100003870773405
100003761099076
26725904
705196458
1443692765851984
1248037083
100000830507101
1492731869
100003508932417
100006691500089
100000888816856
1646911420
1084997701
1054625655
1240881460
1020860864
100000596922418
100002243362375
1435757984
100001229392633
1548683907
100000016288135
551368066
100003172259223
100000242307056
1518234244
1645717290
1136183942
1758730877
100006647257623
100003004975023
849224798
609116548
1471026526
1350781845
840695435
100002350722126
100003029504115
100003847135286
1383607621
100000278652912
1230624605
1802860326
557684239
1327327409
100005951764436
1165052542
566781887
768281978
100000273328505
1389826936
621985917
9434055
1278510879
1280384954
100000783315718
1566916028
1368236348
1321034111
519742848
653251768
1658296781
1447943824
641830086
100002263659240
541444973
1369776903
100000017722011
1380627676
100002932989513
684486971
540871853
662483939
100001216638348
100007472770586
100006475666636
524029446
1107084371
100005633558154
769568820
1056064092
100000816798645
645396396
100002205775724
706884629
100000465996451
631147787
1298036407
100001461130713
1569850541
100004165111604
1577620529
731783794
1222865016
1325735897
1683889528
517638774
508760498
508124209
177501023
1190974197
100001050670389
1086625165
100005045678675
579815665
674062493
521083551
833529127
1124431833
1366653896
1459427428
550285135
100002868095948
1599921277
1225050967
1818248904
654618087
100004994165326
1354838440
1431971179
1586644481
1833101571
1480784800
587402702
100007002424643
23402113
1497342975
100001410877628
100003549750678
100003546260279
100002132560436
100000086283482
596906018
571592687
100003313000402
1040743600
100002536600173
100006253450055
100000443080656
905505073
1223394210
100001679278828
1321025628
1467517178
555468316
1360490190
658055453
100000608894168
100003996532709
100004888356553
1730509242
594290432
617058090
1030055783
845045264
564139869
664896355
100001247933728
757716123
1067174628
1083654862
1459809051
748529624
100003220071221
1537873731
1006391013
100000834210153
518228586
1727509196
1309103345
100002953535755
537186245
100003618720235
100000535431095
100002092484420
512109081
1176583469
541792890
100000542946571
1032063012
601975157
1088203024
100000770175556
657876350
1033831642
1140507779
1384071635
501880631
1143548457
510825090
100006412933185
1068432640
14834054
100006513009376
100001754188668
1365121871
100000169584999
567167764
100000471442930
100001705821292
100003142380883
1131956877
1313053488
1344371593
100005228170125
681635686
100005567323217
542179600
1459330074
100002528034632
1405297567
1233247069
638252928
1410172278
1213868544
100001521416596
100000626705776
1112447726
100003623041656
588340273
1000703700
1216525775
100005947723526
1280288177
100000100246857
100002518981966
1522642622
1336927547
1289728108
1217516132
1581926145
762794690
640263411
1668083521
100003518509129
125600039
100002327681601
671019084
100001058217480
1534926090
100000766246459
100002215780643
1495961053
100003314808544
100000636433466
510762205
1465311044
100000741701966
100001409983339
100006913963568
1069283496
100004892341397
1390088989
1316784734
100001042137520
1315963505
100001553864272
1192711727
809085781
1232149438
1514134924
1093436746
637702318
100000759751995
1806969539
100002628191475
569128332
731376416
1521030078
100000134633691
100000175451965
1620967408
100002767977638
100006724838884
100003541364832
1066381763
100003104832261
100000076781169
1143694849
706801909
100000079737101
1048303975
692755680
100000991676143
100005940662886
630495762
1401903143
100001487911033
1449481000
1161795308
100000041601217
1482744851
1560476597
1013420960
1713151293
100000656941212
530810425
587833383
717760771
100000855351237
100001586187001
614952558
100004195385901
702405136
100000446855803
100000783965065
1545145957
9218668
100005719239008
100001623761760
100000430497430
725185297
1105717836
100000532583936
605591569
1477724292
772927113
1310408044
100001389048929
691176519
1412337745
100006501762912
100001126265100
100000405648650
42102825
100000118464993
199100812
716470107
1460627658
100000261622133
1510659620
697035050
100002187653903
1336626291
100000538615143
100003574144948
614531516
1171906315
1635063926
100002536115701
746995364
100002189972052
100004531841125
810093432
100000008497310
100004981064203
1143562105
1813572676
100002934429518
1129262816
533190962
511975062
100003808591057
100002086453100
531006762
1265752091
100004464543105
100000309167230
1580583965
1675369566
1516155223
1243589071
100001833448338
100001052136923
100005019513717
1019642797
681292730
100000934915507
100001884980731
139800244
100001835764409
611419459
1052744818
100000157913067
679456151
100000687363473
100000455512206
100003663056950
22303919
541425725
1071496445
1666626870
1035900444
100002028074433
1554330979
100006503520919
1590033410
100001157684734
100005200806506
100002260410380
744789939
100001444787028
770820117
1661873130
1662604712
100000590146067
1492991981
518823077
622571256
1038745524
100006592177374
690150229
682507310
539565330
1117916799
678168171
1724110423
100000829514533
1090489973
100001552006538
100000925074522
100001522933198
1487556712
100000411703091
100000265362140
100000131361348
1475832210
1411284328
100000125494888
100000571922671
1534995145
1048305874
100000603287946
817785326
1112224348
1520196867
731444187
549497664
684107195
638666762
100000186086267
1813377054
100006796689628
534336762
1517826304
100000450638826
100003498364354
1122514743
58216864
501624002
1523408548
100003385245953
1361529593
818960202
1447375589
806650493
550310576
890975150
1232946805
611541196
100002137383865
1665708514
1766630577
1370895375
1568507334
1543297426
100000248446980
1320126242
1312546750
733950301
100004710003008
1612294490
100006281048769
100005113902773
100000148359955
1180896749
1531620415
697614025
1117587752
100000512695788
1456297316
1643390159
588749141
1431460462
641887895
1247362823
100001106574126
100006815766407
50303169
1331741973
505924841
100006192964424
100000356914663
568402051
100001085717509
100001025915465
636417551
100000910386643
100006353280671
511547112
100000115650254
1635300518
100000863102649
1283432630
1803115465
100000476513914
100001710125742
1417213029
1365376206
1125649253
748974281
1034091402
1597934686
1440766328
100000569273886
100003255229975
734207501
1659567039
100001012000118
100002004375502
1336930135
621714829
621671420
100006327723157
100000833844766
1153304431
1625777426
529845641
100000825297328
100005044031447
628121389
1527035566
1827256136
1219684766
100000720116796
1540170101
100001073203786
683224774
1436186656
100000701330381
837663393
100002221909668
1405665756
100004651860451
100003877124252
1493498934
759269453
1423660661
609606944
100000623318987
1411836106
519825467
1222201795
100003699776061
1029633444
100000027375479
810356177
570260044
100000118520321
100000813204232
100005525591177
1463297129
100002513995371
100002106804727
100000920227486
553526000
100000961526693
100001026819592
1223731582
609189223
1361271129
588031980
1638594034
100006693814400
733345503
1439970619
100001298680907
663300933
100001926891368
597676213
100003926396461
832795113
1235971398
582071405
1630421425
100000116566830
1644636730
100000409816685
1039884900
1595265376
689677444
1513826316
605486420
1163856618
1099710744
100000176363508
1184701897
100000734207817
210600271
1262662346
503216661
100005227687410
100002814400280
748516744
100005151822998
100003386283780
1155823529
100000606980842
1308031526
1214887357
569349973
1720313878
100000077127834
1606956895
100003816913374
1458571017
113161998821188
1244875462
100000146673324
1334513624
544143276
100000994639928
1223831646
673278884
1128559946
100001926846488
1205383377
513795227
20703280
100006470440957
1503667122
100000243503614
798325981
504884546
100006890190751
100006166033827
100001223573219
100006306273791
1098260388
1559626842
1610208669
1633707256
1215961742
1265946855
1846200088
521285658
1182157892
1310472456
100000994826079
1718947667
100001634726563
1364864099
1779023909
1002842362
100004326703198
100007183748754
1472745668
100000839103696
1834175788
778490696
100000323758037
553664999
100004403951948
569809274
100001068938887
515341024
1306258394
1401105844
1384228059
100003336631340
1437040884
1065745862
1558680008
1611074432
721662746
1175559626
100006541632864
1504696099
100000157113563
57100474
1137648527
586886687
646403240
100002928101419
100000125513444
2218337
100000574107000
1144827499
1150642213
100000580992212
518579788
809927467
1439889313
100002176218967
100000654035884
100002093928003
100000424925661
100000100715552
1175171020
1492955239
1442675008
1472120360
720845152
100004039127634
501967023
700604935
100000239860996
1259220045
1300350055
100000753191856
1158725241
1749253765
729471230
739655760
1535862095
100001698073058
100000799716300
749119302
545495763
1328527807
1421140212
1497874691
829388956
100001525940606
1334432008
100000072374054
10026560
100000925249974
523098464
100001953386469
1201213778
1276345472
100005839355638
20503645
1179826174
596102579
1384321681
1351003067
1635365091
534821367
1202282849
100000175134230
100000480666011
515915439
1723429820
789907491
1062123467
1427567309
711250354
100000731871807
543183338
841673838
100000493137012
100001383095240
100000190445805
1760359846
821993257
100001395605096
1325575591
1249560854
506183028
100000056753900
1410035141
1090488417
100005476205332
1283517124
603960384
100004629460998
100000670082528
1407317402
1141935931
100001756584112
100000299353566
100000346951842
615718519
100002661150516
1161761119
666630524
854165064
1423291292
100001885586889
1513833758
100003247209211
1313551362
1158314587
506851590
100002794493003
812785619
733947881
1113486231
1076049491
1480507207
100000812089362
82701493
720492712
1453271166
100005062717801
1271842378
1122328061
716715983
100000563518359
100002309336604
100003361026100
1043452932
1637239344
1683423297
100000181442485
1296129728
508621087
640431052
1557090695
679761896
707409753
693318106
1716556407
100000659269767
643414391
1350705918
1361722046
100000072348761
1548974099
55702276
765399328
1665003031
1059312995
100000644684741
689679912
100000044192203
693488641
100001039140551
100001322825250
1103264640
1147925469
1609598249
830940087
675262168
100001300631146
1034904968
1565936924
508367265
100000590191424
100000700872548
1795308422
1196197521
100000674918191
100000159711276
1137085979
100000214586178
511359659
1462041910
1280793106
100003235865005
1559485994
1170152772
708697756
1377174963
512897192
1128094464
710150363
100000863486821
100006995293666
594362587
100001592708751
630986892
721075413
100004393393462
100000099162310
100001018466596
1605339067
792304128
516750699
1416401784
5009623
100001772694030
100000209585829
1166959907
1804901057
633276391
100001408262704
589334166
100005921464679
100002360840874
100000734513060
100003381967173
1461305843
100001525585681
825059588
1331146494
100006314434561
100000590995166
100001428965354
100000176578176
1664880610
1385087483
100002454105294
100003191808691
100002250160154
1140951082
706203122
1804063493
100005676762016
694754486
1184383458
1566401432
1421853949
1473187190
1536922196
1421735483
1127708228
100001422995111
1418596418
697821986
521506691
100002224935646
1163863370
1583826508
764743234
1449244084
571611827
839994731
1186165441
521055109
1410777549
659850105
1189920204
100005742940666
100002603263075
100003980742587
1835706875
1296046540
1107847227
176700598
100000104975240
1129385342
1458143952
713258710
1101632919
536252269
1171804619
100006353083298
660693358
1215759874
1555052058
1708110717
1455992825
1467306453
1574893803
756879133
549922711
1459472752
1223492775
100005249498152
562934765
100000325166691
750260389
1497275267
763448311
1431169166
100005974954655
100000110211761
100000647183089
690498600
1546655443
100000904872457
100004986873105
100001044801843
1784934822
100000458343070
100000367149543
607155184
1064028975
781553352
1619985377
100000614892940
1091191901
1317364521
100001434789630
100000298753794
1327711696
100000780173647
100003253366325
1543458686
100001954474800
1609669816
1523447198
100000124740013
1543133703
100003506009209
1450083231
100000382198111
577884629
1642433724
1597355390
100006537583074
100006523207253
100000216623625
100002506484124
100000859777178
100000088610236
544994713
513484621
100000860050879
1138645931
718005616
100000212168265
1789658770
100002263135332
1057912691
1404696378
100000457337024
1658813629
100000882527261
100006749851656
1268701955
1167838601
1318876536
1354061649
1105804177
1036297548
3005703
1489631944
100004441452845
100003193334558
100000168107732
100000229003663
1148571623
599188802
100000888790314
758734347
585396056
1010647625
100007204560089
100001727228786
663891186
100000711554704
1366397231
100002334429594
100000443409319
681776161
1113447118
100000211820451
1477643931
100000443337098
100000939381964
100001105323327
100004765050093
1637493355
1669310415
803750231
523805552
100000205152666
1350260247
100004747740254
1094898798
100001500973310
100001288695264
1597255595
100000240437935
1338253691
100003325593663
1112922626
100001024967327
565232133
1263781586
650933838
1741087771
656850000
1568495476
1310574250
100000694935675
100000170003702
100000084930540
510588596
1282743844
1391927385
100002887879736
1741429667
875260690
551723609
100000458900617
757429881
584262448
20924069
754302994
100000829164652
1021886336
100005079068508
1031526539
682561928
1340442540
1577347417
1176286192
1542173611
1483163292
1469296258
692559538
100000120275230
1755563470
100000070725579
1176877815
511287889
100004490860978
1491390309
584185876
723316234
1404285872
539987006
722589912
702445572
1255059043
100002167689643
100006339761556
100006004058197
100001010322792
100000198698140
65904362
100002408935137
100003128502234
100000097757661
100000366634820
100001570267834
100000546005427
100000178690326
548009282
100000342288675
612101783
100001093669926
100000497269026
100000425580116
596126917
702240086
100000193290921
1193471855
1597417148
1165134656
534572890
1157071248
100001991018808
100004120454105
100000803815219
100002776927806
1034746859
100001100928311
670689883
1773502599
1529595389
100000188075709
100001432172413
561284608
1621657444
12628895
775253634
100000367729941
1097624358
1097628836
610437166
1265185235
100000574976405
1243879507
1417312037
100002452006836
1067915699
581047172
503009851
1465809065
1527283258
10049350
1650330579
1832146621
1161705613
592721808
762674167
1222892398
1305545125
100000342070042
1785193212
100000836508576
100000105746646
100001169068681
100004104893282
100000512522933
100007006507181
100000067691090
501681320
1608256774
1029056541
100001433917308
100006410082409
605566196
100003866308330
1240200741
79701141
758353667
100006249091906
1083491981
822503957
100000081019330
1371178118
629873800
100000850532238
1614823257
100000538703868
1133904158
1204755110
1378966014
1074227741
100000651822223
1803970137
100000302818408
1263994959
100001223980513
100000357307754
1624568091
1442574123
693870466
1419824318
1017959638
1015392474
612833561
125941
1580531981
1694851186
1085193556
1301314151
100000744543653
100004581550586
100000203009452
1696440699
100003876197772
100001596434260
1732456598
1005556748
1576346001
100000246061203
1552651284
100001008949896
509192178
100001075023578
1313747086
741063875
1423727070
100000157291007
1369926093
540153650
100005130215918
100006500572418
1479338420
836018451
736585508
198000125
100003600945418
1015490764
100000292577853
523301639
607468857
100002119086147
100000155978232
100000283554007
100000924230851
100000311324331
100002157780909
723289842
713491149
1017141969
1581706658
100000282647376
563693706
100001105434178
695305656
1033500497
100000689754910
100000655796993
1122307021
1524412989
505929934
1520794207
100001400115589
631321099
503405175
1367320898
1513261525
1466780717
100002807208026
100002384482075
1064947713
100000051814382
1633995619
778450628
100000527862863
1511015125
1073500312
100000462224231
100001116135358
1362635407
1576411584
1848011311
100004852900133
100003127408765
100000019488723
1139979033
896015061
1614594667
100000337374461
1032574759
1014102266
619185995
100000187335837
100001993754513
1579426082
1352146683
100006869160304
1404936707
100002507285598
1391725695
100000088386159
1756525846
677081095
1513687345
100006644131859
677846663
100000281151108
100001077775639
1613654456
1484563018
1066114721
1659909923
100003393831634
100001715013287
100000017071264
677302702
1794600447
1159028147
100002467706500
737162087
100000142310498
642773232
1590000419
1002121058
100005906941005
100005422470564
1623223737
673238901
1639218356
100003865715902
1750168620
100004293162819
1190294769
100006810883678
1286933875
1557795431
1351136916
1118205139
100000334631095
536378955
691133838
100000645039773
100002024276546
1834278569
100005435407633
19704114
1033415803
1211837703
1683033863
594393051
47904316
740440025
1341130575
100005374085584
100000838351714
1742216893
1623648213
100006480507094
1311046453
1451076242
100000029940231
1090443095
100002944435128
100000601563846
1184787815
1512170296
100000748525721
100000824105456
100000546718094
1359223661
100004142252753
100004567650950
100006494880591
1333573958
705545002
100000708270617
1588065280
100002594486196
1010965133
1114954667
1672820240
1070916851
758443155
1749537744
100007012235175
1255460399
895215313
100000140276653
1049807785
100005207467241
1160378805
1806274398
1610243805
1296830165
603908666
1173212523
100002295753353
509579105
100000689173481
1283350420
687523616
1033359908
100005968590525
100001955659090
100001703084035
100001466795570
1323271617
1157151661
100000264434725
100004936242083
100002150257023
100005365803627
100003078152260
681300990
1497011829
100000175845675
550380291
781686131
563962541
1609166620
100003194456537
887005011
1085027782
1316195138
1545035756
659004623
1698567142
100000399431860
100005193218269
1540781245
100001619171712
562478051
1300021401
1593332858
1232307440
100000392046343
1548038415
622165722
1577167015
1615008497
100006870223059
1509006062
1213590359
1448956034
1408224451
1183205406
100000105019517
1666116625
100006723493957
652495873
1241587813
649383228
1338865988
100000424653107
100000321433613
506886861
569623468
100000291795974
100001991135641
1043533675
100001616531288
100000492695418
1554053909
100001000587455
613245486
757401592
626752004
1550361967
1525425193
761864582
100001354073263
556772784
16903660
1196470039
1494229617
577548813
1065078930
1584333907
100000072616392
1356072679
1185374885
1288695637
100000100514107
100001005914974
100003218659081
723406445
675836981
1362383941
100006350409932
100006625364187
1235775503
100003747480401
100000021738840
735323373
100001989430902
502213767
1209155909
1174327004
607966403
1841188806
100001314791776
1523485443
504132824
100000319851255
1255841570
586945708
100000172006512
1494451450
100000477270134
1076463560
1098462020
1163972771
1161001757
100001894621933
1548169989
100000408534300
100005943161474
100001426524541
100000928908430
1218338190
100000085858534
100000267497760
100002246387593
100003173732011
100000393994617
1157668234
100001072248050
100000165986523
1799331989
1501748466
1827349684
1537345762
100004026716908
1350054374
1106183777
100000487041590
1500156783
1646367471
654237314
100002737008328
1306273331
1000635712
100001433273971
1637196008
1781756083
1366294129
1237414298
833057301
591060015
100002742442408
1628413986
1416835937
1660414163
1837834988
1573910438
516610976
1504339747
777935480
647880252
1201099553
742873192
100002361463923
100006433746870
615886516
530121502
100001528184808
1193853165
1443025312
1277432993
100002716788144
574850747
100000294085486
1800150039
1357301699
1221575551
1388226370
1579786097
100001427760400
525218131
553376799
100003642335914
100000725851042
1621510276
509744834
1298011088
100000159853219
100000619195717
1259179359
619248291
100000028133522
1071810023
1620518330
1128965344
1242341375
1220981696
100000400801091
100001252752422
1399196133
731094910
1079141968
1476197262
100004023647525
1466264572
100000994992683
1119446588
1146223010
718992437
123700065
1386000889
1117100492
1552514969
100002200879084
1849408075
1070257458
1230999957
1341811424
1261930301
6514427
1584393006
611436197
100001096696940
1168234029
100006268741876
540855474
100001071346961
1202439079
1312119577
100000696896711
1363482138
1355832414
100007273172671
679579017
1559977473
590281791
100000005525007
1539765973
1109161114
100005270222577
662524104
807218218
100001358520365
1043094912
1594567588
179300122
100004537505644
100007351694000
719619862
648193135
1787924107
100000196983865
1103968264
1549009157
100000258806820
100004402955991
100000080027077
516043834
100000026499476
1452473830
1273875083
1239246422
100006334569772
100000356847259
100000560103351
1225772054
687721569
1355203136
1039394255
543721783
100000187351349
100001931171096
1597195662
1758265921
617342723
100000814511696
1212822049
100003613712072
1229415091
100001233797748
100005836782207
1415059308
1487437175
1084156067
69203782
1026303024
100005332359960
527488274
1119323124
100002964624291
1736882739
763553501
100005312552773
1668183421
679221791
100004596824508
1096880021
100000649612691
1680582990
1205460037
187294464764404
100001856661627
1836412515
1158396823
550684192
1251854168
100000460164251
1373290631
1527007855
1407476677
523225280
1478179254
100000269552893
100000498421718
1816968920
1309145232
1660772913
100001306640063
100005541367225
1288836544
1255328983
100003728070321
1430761899
1320799319
1352496129
100005785865395
1788951627
100006898082713
100000639189442
1622490891
1426441811
1072380189
100000384073393
100000098255586
670377817
100002668932600
100003895726291
100002218489523
100003739345333
1462695185
100003641537807
1531325353
9392667
164800349
1329064925
1266022863
100000408734762
1619025621
100002071986501
1368874585
1543807393
100001934016067
100000472263837
588650867
1394811343
1426066566
100007478886328
100000968932387
729114544
1540894804
100000086897309
1153273098
533019453
548156478
100003772854056
525571351
100003886491254
100000152426777
100000344477357
573537952
100007228031957
1302894051
1543759321
1557890573
1635063362
100000578873895
100000765833949
1313734432
1438880385
1141606620
1391472151
786595037
1668885927
1343211404
100002023005989
614767946
100001278060813
100002254000642
100003371212903
100000219210946
100003374266935
100004318591935
1845383081
100002234737455
100003159081299
606141153
100000050626675
100001532701843
777124987
1474317254
1850221392
42101476
508022870
1109672936
1149788805
1086273661
696402130
1508118589
100000268583036
1421220216
100004195117673
1098756542
1668091786
100003813798648
100001041020873
100006925842481
528309231
1159068766
1474934776
504031860
100000689418336
100007131242340
1677041321
100000883744744
1122207280
100000798885923
1509251815
1000176678
1184937774
548961987
100000735032658
743005738
1159747433
100006432640113
1506330003
100000272677687
100006261214303
1266393711
1602127063
1837956608
100006502245978
1576629146
100000738891145
511430388
1424297817
100006481780682
724385704
1415976146
1233501321
651874745
100000160433507
100001098387478
100000802624350
1266746432
1161827855
506552684
1501014303
100002190713624
1028856719
747214916
100004432444437
100007391889489
509120098
1733185838
100007506811383
100006775269872
1668215862
686751759
500749865
609743325
1375741559
100000475531150
100006707622808
1095773019
100007142800115
1590041642
100004980511413
1490243534
100001483638005
1184914338
1103004308
712354838
100006655243310
100000569464042
1659971514
1514944932
1163786685
1336913162
1127084988
100000356600010
100001358959289
684346575
666976613
100000574347457
100000005115110
561697022
1316444896
1376612006
100003650144014
100005892821394
1697788359
100001073424529
1170070960
100000178512350
1403061035
1489771667
1398904628
515413051
100000087822218
707694899
1284770345
1749138627
565550457
501512189
100000142912687
1267888195
512945177
1510121311
1389264593
100001178902230
1257276585
1309887814
686525286
100000748812156
100000967727936
100000948965006
1502678701
1196148743
1180438044
1343896965
100001477495076
734502422
1147241486
1226147915
618240142
100000902119019
1547738515
658916633
100005697512534
1593884918
1150224189
100006014322136
1112605980
1144411654
57007791
1698412387
1447445265
100002330851911
100000353514836
516970977
100000007545231
1522134075
100007420110764
1636106928
100000837725067
1641618126
569761382
711931783
100000357797712
10400611
687246146
100000705014569
100000772125219
1456216844
1092862322
1630617825
1133983048
1630188286
1040468948
100000719197838
695800924
100000295313479
100003138945121
784013842
100004372052641
100004974549412
100002210280245
100000960913538
100000085826790
1242858711
1052440069
644747957
729098573
100000179307662
100000589852379
45007445
1474800208
1306772818
1465511468
1463654319
1366783024
551967558
1585601849
1182494201
100000444322672
1339886432
100004790614545
1539267490
100000514285936
1453548002
1631436420
728651424
1348462786
100000323911742
100001562167229
622478956
100004616646802
1015500319
1163430005
100003503273801
1537261787
1426745598
100000758317790
100001768024792
100005081104187
100005831700730
580063248
100000434055180
1511922865
100000559234909
100000142303286
1045011956
100001380287028
647764988
1572151616
522210762
100000549305401
100000019594501
100000637567070
100003556067019
1276397107
1669637286
1477722912
621720995
100001144367827
1735508514
545075568
578471609
100006178026182
100002616021620
556635819
570220531
1169830757
549029200
1162785693
1345495857
100001950425023
1504342061
1255978645
100001702607466
1250406600
1114600955
516159403
100001208675366
640608189
100001533279457
100006691088540
761828101
1045683375
1446783179
100001586355617
1116280267
100000819836431
100000814294904
596615904
100006856176818
742600861
507672868
100002331176778
100000648887647
100004531652738
100004419342924
539988834
517945744
1618009045
100005482650049
773134636
1125608644
100000581924285
1597595388
100002331197532
1289058920
1521854245
100002355342877
100005657468846
1823585592
1055743187
679807825
100005170356498
100000729066921
100006736056062
1413463597
1566000015
563788176
100003160862168
100006005171808
100000836824927
674383293
100002333006965
689413655
1344084795
1547970677
51700357
100002049326503
1486302117
1321985599
621582441
1328577955
1217836539
1167877844
1589045183
1785105383
1046191985
100002822367003
100004402560907
1342549303
100000430526121
585166578
100001423760456
513163363
100000917858455
1127745258
100000673151794
100002710232090
100000654764593
1618772612
1570908083
1772880022
528562388
100000461410508
100000179602167
1044917509
1312412214
100000373400588
706548878
1762853109
1114357504
1621187061
100000148355323
1306890800
100001011677814
1390638544
655956231
100000183954049
100006795482696
100000152796270
1096205369
536148952
736887641
100005280220937
535255824
651684776
638392418
1283182178
1571753268
809037541
579040534
1283092399
5809067
100003110951981
718328731
1244464166
643860648
1217135719
100001341185393
540086693
1497932450
1423362251
717532126
778300036
619576697
100000203372864
100002141601771
100000413827055
630789299
1401341001
1646217155
1268264062
100005025214137
1252094498
1539013954
100001483726763
51702796
630149492
1659481669
663193661
1429336413
1230340620
1653175413
1083702000
1061203125
1505613657
644496894
1400232820
1590821788
514731001
1370659776
1217191610
1496557517
1545123280
1045127215
1506004012
1354178214
848809468
1349747563
1092926609
1322593347
100004385791161
1726821813
100000122216712
100000060637199
593861311
1538908153
1368958352
609655307
100000413023266
569206962
1306225251
100000284201044
1566282591
1051784589
100000295126177
1243826329
540621713
100002047196936
100002893611006
838252677
589986992
1545076602
100000426894285
100005148671966
1354458794
100002964908562
1324180440
100003037153116
1316231737
100000251984211
1647660095
100002953530978
1669078247
100001235627705
100003676861312
619484525
100002285005981
1551590997
1396976205
1364664012
1490283436
626541666
1535629526
1048329235
100001300702896
232822270085160
68604434
535410226
538237523
100003202398807
100000066463221
560812917
1762921142
100006675392154
1396533347
1660676068
100002893087510
100000311756496
1406910220
1514121249
100006789095144
1059938881
100001532419952
1536952337
27600298
1331659476
596608111
100001935906573
100004104955233
616624324
762538149
100003809402921
100001250200572
1591239499
100001740514274
1522032404
1371758219
100000978647954
100005790334860
1638604545
1438006932
100000738564883
831413043
100003048052244
100000351873428
1562752999
100002360022442
508762152
1629554374
1632931425
546890044
100006433616479
100000556346829
578619198
1156879214
1386294331
1045333196
100000455119116
100000537915239
100006509989347
100000997232569
100000470930093
591437307
5901485
516161017
100000234436573
1316357380
734866153
678598577
503363669
100000186038771
100001673808484
100001030290350
100003724855981
100004909184304
1300492275
100001681754626
100001062041433
56901132
100005861614492
1234182100
100000465907695
1002652979
1165650184
100002029841432
1229125723
544156686
746020560
678260332
1356863281
100003337909983
1433664859
573836462
1566757063
1653317138
100000038129464
1477845809
100000146057854
1629157640
1115382151
1630693331
1830772112
1273352148
100002589331169
334000226
519477518
1483475928
1604180188
660642929
696152886
100003939844251
1593438912
100000211675085
1464802818
535199331
505766465
1043250708
1411851134
1522404321
1810474754
749632077
684551080
100007343894365
100000711163718
1369122477
1611191215
100000219955804
1259420400
625689984
1177767846
100000572676227
1198667984
1450467736
630936487
100000004209006
1322996981
840959625
100003300384067
100005619727990
1444368929
100001040485537
1627759819
1164524894
1575083537
531812287
100003372079532
754270545
100000444047470
100001609960861
1295003904
1315957040
100000509503676
1614831095
100000478665472
1104897724
1176555654
100000078308542
587444825
573261591
1063930519
659249372
100002131569542
100002425167935
1243167515
100000489614714
1557932397
1681544638
100006355783532
100005987798072
580158307
1670960390
100000932610163
1618767102
637539154
100001587314379
1801041688
1211765673
1096865948
100000649405448
100004957001303
100001644954884
100003172696919
1278971337
711903444
5818377
1408456139
585182686
1560303021
1523228296
100000867155172
1557386724
1326708173
1137677691
1490314632
1390485396
706474489
1306815220
714149271
100000711044955
100002996209192
100000918342975
652124808
100002016703302
516802521
1138149293
1272563249
1848272630
10001547
100001834187284
1065634923
505030033
100000832822708
100003684354267
1574215039
516620178
100006254914049
1422644431
1532823504
1518637158
1042820345
648971062
100000726930913
100002393801829
1290871082
1031706600
1525692765
1684124402
100002112379768
1321262165
1210908241
1013490738
1655477814
502538767
641591874
1364082726
100002147503628
1426821899
1533147953
100004470093913
1033946917
1266593579
1379505112
100000236995783
1599766936
100001060401606
1405566606
1132357585
100000065361588
100002979433761
100004080249815
1340858145
100002443906613
100001317717662
1463988324
553534519
100003229290957
633127286
100002531253734
100004600484453
1246129389
1472674585
624589574
100000628171368
1117274546
717068130
1530818107
1247898559
1460103095
818748708
100001310749834
100000301596060
100000293603351
1084476641
1602926502
1061557060
1030653070
100000329684788
1443744560
1609131317
1328054651
1195882968
1212464491
1154794733
1342485628
1463715898
1283180885
100001322837660
1746922432
100005264802334
1381720902
1062417562
683707328
580595635
1437414911
1389003751
1268221200
100000158769309
1211723728
100006564603861
100002184474349
1292259611
504472091
821569761
100000340942113
547766654
611576973
100001145141054
1112540650
100001299548838
672978867
580323732
1627386770
100001247294763
1408839406
100004456750910
100000057904065
647854507
100001049497003
1269465188
1685266987
1181720809
803807784
1370920517
1170164052
713580156
100000007267464
1372221338
613887523
1261181463
1350655831
1292994548
1165481305
100000415334274
100002611947808
100003051982115
854189770
100006643716076
747051896
100002483941082
1000702311
100003624501411
1490262663
718030752
1595510023
797682800
100000274519689
100000455313496
869485404
1811724002
100000116088777
897905351
1182806397
100006974500082
1492667720
100001809118172
601880444
100000554416215
526413881
100003474759779
100007019316766
100001498398991
100001239199531
1642187461
100000055753348
559538065
1259089128
567760457
1546370397
1388018042
507756357
100004710307709
1530473742
1752201815
1108598387
100000709764582
1180129454
100004549084635
100000115719753
1157202925
726428573
1246922933
1030747710
100005636803828
536137717
100003200540821
1034150938
1283576672
1778823113
564234067
1435926836
100001153560157
505726257
654575149
100000117756813
1459924346
706735556
100000579734234
100004468573269
100004212160588
115447485143488
100002312344118
100006780730239
1275070664
100000956844119
612031480
728326077
1077695551
100000140029061
100001024442143
100000844748188
100000180394169
563075445
6840675
1289426518
1510240259
646156634
630755903
647613838
1587596994
100000512934966
1676680891
100002466644615
100000220998549
1459003977
100002116097687
100006441071160
100004040893461
100002125998668
100002182056782
1014074861
100000760133799
1359172793
1349209189
100006908821256
100002065201086
100000786212021
1399927064
100004198843690
100001785923828
1173970761
1503048019
100007322700989
1344197437
100002295702315
1162609550
903700183
1737991009
100000255694843
100000487549542
604746358
100001364912961
669031260
100000810734442
738583403
1441587502
1557920623
100001736836304
587986513
1342322262
1850373422
1466613126
1153579097
1533469529
1375190166
1554039440
1134900254
100003636804538
100005149390255
100004766861816
500537764
1540955845
100003840692167
1423956118
1488547756
100000141409952
63400238
100006530440875
552156286
1724867441
100006433295915
641225085
502057735
100006492913291
1696982029
100000318363154
100000176674180
1220555719
1535310523
612842632
1608766699
1228651368
622513817
1142098040
100003850102438
20620201
100006219163961
735018906
1125939739
100003385032408
100004754071812
1338334694
100000166594118
773124777
100002387051601
1239189628
100001236964049
1296056803
100001375823752
1336075108
1251424515
100004496164124
1541190916
100004675504591
743291817
100007132478038
746733218
710620626
550500294
563150975
1595811194
510423766
1212601442
684925758
100000580366192
726834321
100001609490096
100000158605561
1153483383
100003212751680
679641844
100000086980721
100000895697266
100000003232915
1181610075
1838805291
100006146460531
1244734978
1563052459
635730605
100001204149298
1310270931
100001561234760
1343318295
100006845500404
100001227728943
627339686
100003314082098
1373574843
1490177266
100004718557471
1214509327
100001220687799
1107200892
100003559067851
1501418673
100001234587499
559873653
100003994282639
100001078351757
100001645605738
100000057377846
1149193085
1041370371
785455693
100000861807863
508312134
100006254584067
1323461453
1578814987
616619957
100006845198233
1654570862
579167991
555808748
1639196479
1010341883
1434697471
1359199710
1267856832
692079903
1085113139
100000565032347
1444244694
100001667133983
1529976938
1072051257
1049220355
529442212
670736990
1415890309
100000554812636
100000597446877
1631215209
100001778769028
100001447430952
1664512471
100000345074198
1063330092
1150491000
1845102036
100000305137526
1499378782
801025570
100000137187963
100000600561832
597281414
706310609
100006698611085
1445346440
1432693268
100001159926509
593443972
100000100655955
1708886416
100000883017692
1625870871
100002960031785
647840137
791159907
1171490893
521576700
100000393681474
722160256
1166225601
100002144555678
100000193227302
100005035514555
727750461
524024114
1377186756
100001667808354
100000036554287
1011056940
1162667311
549230091
1059098786
1526539656
100002702122564
100000020390472
683978625
1099290188
100001108542886
100001059590540
100000192633973
619649429
100001008159796
25104520
100003574463624
100000232765618
805025213
1276657898
1333707253
606856155
1361577076
1473357730
1430910644
100004314210862
510572378
100000465136898
1195391927
1675432864
100000830869639
509333180
1525595709
570382553
509849937
1613335712
1538734433
100007156268730
702497529
100000443052537
1116360046
100000624042387
628035437
680726615
100002594492013
